-4.035430   -4.727709
-4.010831   -4.636372
-3.970492   -4.592588
-3.943709   -4.617274
-3.850282   -3.643054
-3.827231   -3.568736
-3.798233   -3.612520
-3.756576   -3.593422
-3.659881   -1.472747
-3.541626   -3.703858
-5.776064   -3.388073
-5.778060   -3.344289
-5.733471   -3.368975
-5.790216   -3.418607
-5.701005   -3.479410
-5.101755   -1.248299
-4.614412   -0.224447
-4.686042   0.000000
-4.240226   -6.873504
-4.217462   -7.745032
-4.034957   -6.923586
-3.929997   -4.116178
-3.463387   -3.623871
-3.450704   -3.748611
-3.411760   -3.698528
-3.379539   -4.570057
-3.337935   -3.182997
-3.098288   -0.941203
-5.809861   -4.345609
-5.464570   -0.716755
-5.827703   -3.524163
-5.854972   -2.958550
-5.905056   -3.474081
-5.258630   -3.399423
-4.132043   -0.224447
-4.971138   0.000000
-4.293346   -4.647722
-4.261152   -7.238535
-4.245274   -6.868984
-4.150268   -6.482933
-4.105240   -5.635410
-3.975108   -6.018971
-3.968297   -4.331809
-3.959436   -5.087411
-3.877524   -4.717860
-3.790101   -3.484286
-5.893060   -3.083510
-6.015686   -4.770672
-5.878613   -2.235986
-5.901127   -3.469561
-5.907573   -3.839112
-5.355394   -3.399423
-4.982411   -1.248299
-4.937414   0.000000
-4.153283   -8.042446
-3.962019   -4.635956
-3.883534   -7.332075
-3.791498   -7.337405
-3.789181   -7.697107
-3.754564   -3.990208
-3.747859   -4.962413
-3.533354   -4.252042
-3.531734   -4.257372
-3.496903   -4.617073
-5.279135   -4.184451
-5.719102   -3.212246
-4.763531   -3.857995
-4.345925   -0.777961
-5.795040   -3.839112
-5.844775   -3.474081
-5.754304   -3.479410
-4.767085   0.000000
-3.337831   -4.196568
-3.066552   -3.963893
-2.838743   -5.735039
-2.799487   -3.327069
-2.022536   -3.199598
-1.971344   -2.562774
-1.815719   -2.972216
-1.751033   -3.432273
-1.636547   -0.791628
-1.606688   -3.483227
-4.347292   -2.549107
-5.360609   -3.185932
-2.209739   -0.013666
-4.238824   -0.777961
-5.972620   -3.469561
-5.910602   -2.958550
-5.922119   -3.418607
-5.021434   0.000000
-3.205909   -3.418638
-3.015315   -3.912984
-2.453976   -3.907658
-1.940427   -3.871661
-1.912501   -3.537830
-1.812860   -3.382641
-1.747277   -0.104653
-1.608126   -2.249653
-1.330394   -0.063329
-1.301206   -0.068656
-3.799635   -0.049663
-5.155616   -0.054990
-2.267795   -0.013666
-4.725335   -3.857995
-6.032821   -2.235986
-6.103444   -3.524163
-5.997055   -3.368975
-5.052676   0.000000
-2.925664   -6.530221
-2.908454   -7.956604
-2.561081   -6.418633
-2.545123   -3.902687
-1.638889   -3.240922
-1.584624   -3.287691
-1.523403   -3.267236
-1.504744   -4.825662
-1.352983   -3.399279
-0.848525   -0.771745
-4.142702   -3.232701
-1.819559   -0.054990
-3.752399   -3.185932
-4.947163   -3.212246
-5.337729   -4.770672
-4.847780   -0.716755
-5.198327   -3.344289
-4.557042   0.000000
-2.921080   -6.894716
-2.781826   -5.632617
-2.695193   -5.937180
-2.530998   -5.781808
-1.979307   -3.282364
-1.957376   -2.598770
-1.904624   -4.234114
-1.898558   -3.133173
-1.810256   -4.395272
-1.703072   -3.437736
-4.613327   -3.232701
-2.285275   -0.049663
-3.598282   -2.549107
-4.711615   -4.184451
-5.277242   -3.083510
-5.254855   -4.345609
-5.165060   -3.388073
-4.352827   0.000000
-4.374742   -5.074753
-4.331606   -4.783099
-4.326881   -4.973994
-4.259601   -5.171614
-4.110911   -1.599485
-4.086314   -3.825493
-4.082325   -3.634599
-4.060579   -3.035473
-4.040793   -4.023114
-4.014762   -3.926252
-6.004416   -2.809980
-5.971652   -3.409107
-6.015491   -3.797622
-6.028299   -3.600001
-6.115414   -3.700760
-5.420047   -1.373993
-4.946611   -0.225492
-5.016374   0.000000
-4.217230   -7.043480
-4.169424   -7.172781
-4.055072   -7.256898
-3.999097   -3.958989
-3.415510   -3.314635
-3.324182   -4.309130
-3.309125   -4.393247
-3.297146   -4.179829
-3.157544   -4.098306
-3.141639   -1.095338
-5.701700   -4.083638
-5.540854   -0.869846
-5.735504   -3.954337
-5.779521   -4.167755
-5.779421   -3.872814
-5.196738   -3.089143
-4.098507   -0.225492
-4.760441   0.000000
-4.350201   -4.463136
-4.332735   -6.397917
-4.326897   -6.304975
-4.310537   -6.400824
-4.170135   -6.033230
-4.135222   -4.682766
-4.121422   -4.654078
-4.118025   -4.558984
-4.020413   -4.589825
-3.952531   -4.318079
-5.784652   -3.308774
-5.736718   -3.215832
-5.787780   -3.280085
-5.736150   -3.184992
-5.750898   -2.944087
-5.435663   -3.089143
-5.130314   -1.373993
-4.784257   0.000000
-4.125790   -6.707903
-3.896832   -3.684252
-3.748136   -6.712612
-3.678736   -4.368451
-3.672020   -4.683585
-3.658704   -6.884666
-3.509377   -5.955939
-3.438239   -3.616487
-3.421380   -4.373160
-3.318414   -4.545214
-5.511317   -3.696051
-5.894464   -4.011185
-4.708503   -3.011852
-4.319045   -0.672400
-5.896057   -2.944087
-5.980246   -3.872814
-5.965033   -3.700760
-5.028215   0.000000
-3.147210   -4.272401
-2.901103   -6.672463
-2.607319   -3.933968
-2.507092   -4.083295
-1.905237   -3.275446
-1.862478   -3.424773
-1.838965   -3.613879
-1.752381   -4.181633
-1.565263   -3.198870
-1.531198   -0.686278
-4.665585   -3.410895
-5.222450   -3.261568
-2.191002   -0.013878
-4.021175   -0.672400
-5.957032   -3.184992
-5.959989   -4.167755
-5.983270   -3.600001
-4.838243   0.000000
-3.277450   -3.359912
-2.808047   -3.105494
-2.361837   -3.091679
-2.068175   -0.173468
-1.875686   -3.811500
-1.834852   -3.968215
-1.831856   -3.025730
-1.614297   -3.293963
-1.368230   -0.107520
-1.284511   -0.093704
-4.074943   -0.079826
-5.229523   -0.093642
-2.200697   -0.013878
-4.556606   -3.011852
-6.091524   -3.280085
-6.102447   -3.954337
-6.148344   -3.797622
-5.089450   0.000000
-2.590789   -6.670675
-2.560019   -6.800365
-2.543174   -6.477400
-2.424614   -4.131414
-1.770852   -3.632439
-1.740862   -3.355210
-1.671991   -4.104827
-1.530926   -3.309474
-1.433644   -3.502748
-0.893532   -0.963488
-4.109149   -3.538797
-1.943677   -0.093642
-3.582917   -3.261568
-4.929120   -4.011185
-5.156508   -3.215832
-4.862446   -0.869846
-5.171624   -3.409107
-4.513406   0.000000
-2.917213   -6.220876
-2.901238   -7.494533
-2.791892   -6.719669
-2.606195   -6.949692
-2.257248   -3.618623
-2.183303   -3.775877
-2.148650   -3.490721
-2.048998   -4.163464
-2.038626   -2.889807
-1.962191   -3.388600
-4.626108   -3.538797
-2.542688   -0.079826
-3.622831   -3.410895
-4.889993   -3.696051
-5.264306   -3.308774
-5.322487   -4.083638
-5.278495   -2.809980
-4.431431   0.000000
-4.196323   -3.920256
-4.157681   -3.453799
-4.058002   -3.198640
-3.958413   -3.695208
-3.839799   -4.484846
-3.833223   -3.656967
-3.826105   -3.882015
-3.670334   -3.415558
-3.547862   -3.160399
-3.404562   -0.435350
-6.171141   -4.286292
-5.969923   -3.683460
-6.082817   -3.217004
-6.136561   -2.961844
-6.196006   -3.458413
-5.083193   -0.236795
-4.608162   -0.198554
-5.382362   0.000000
-4.488868   -5.405194
-4.474534   -6.189756
-4.350258   -6.483395
-4.295460   -7.536370
-3.788264   -3.318441
-3.650670   -4.615037
-3.641749   -4.152976
-3.618503   -2.483861
-3.440898   -3.562062
-3.385621   -3.268423
-5.833083   -3.954422
-5.619340   -2.285307
-5.811350   -3.069869
-5.920497   -3.363508
-5.923755   -4.416483
-5.594105   -3.119887
-4.524355   -0.198554
-4.878634   0.000000
-4.183982   -6.547837
-4.150732   -5.290838
-3.986425   -6.870354
-3.849350   -5.917257
-3.386537   -3.428725
-3.349353   -3.987263
-3.340826   -3.356683
-3.283349   -2.407746
-3.275865   -2.742534
-3.073629   -3.034165
-5.466774   -2.170950
-5.499635   -3.191930
-5.305834   -2.797369
-5.656193   -2.505739
-5.617522   -3.750467
-5.190952   -3.119887
-4.057792   -0.236795
-4.622681   0.000000
-4.244356   -7.595044
-4.129794   -8.051598
-4.077695   -7.093528
-3.995449   -4.182319
-3.939806   -7.385582
-3.782274   -3.862479
-3.743307   -3.972858
-3.654977   -3.796155
-3.608624   -4.754226
-3.521029   -4.088210
-5.774491   -3.524736
-4.997680   -3.844577
-4.912359   -3.635115
-4.428014   -0.337742
-5.984471   -3.750467
-6.054788   -4.416483
-6.026131   -3.458413
-5.052030   0.000000
-3.289216   -3.399744
-3.212748   -6.064252
-3.198467   -4.400002
-3.107391   -5.662588
-3.053874   -5.206482
-2.896867   -3.038486
-2.788886   -4.062508
-2.784561   -3.660844
-2.668798   -3.204739
-2.447936   -1.036742
-5.448719   -3.701002
-3.692010   -2.700744
-3.391971   -0.699000
-4.450103   -0.337742
-5.893827   -2.505739
-5.948926   -3.363508
-5.867766   -2.961844
-4.939991   0.000000
-2.278366   -3.768869
-2.166800   -3.916004
-1.780826   -3.496369
-1.385881   -0.717640
-1.200650   -3.640987
-1.105509   -3.222876
-1.094937   -0.704872
-1.089307   -3.075741
-0.832341   -2.803242
-0.400224   -0.024513
-4.046549   -0.018640
-1.256614   -0.005872
-2.923974   -0.699000
-4.456264   -3.635115
-5.237022   -2.797369
-5.321985   -3.069869
-5.238638   -3.217004
-4.431062   0.000000
-1.110639   -6.384204
-1.099773   -4.986050
-1.023617   -5.892673
-0.994586   -6.024157
-0.216803   -3.329286
-0.201590   -2.706616
-0.201128   -3.850449
-0.172177   -3.197802
-0.159290   -3.689333
-0.126309   -2.291179
-3.348807   -3.323413
-0.226831   -0.005872
-1.605161   -2.700744
-2.984094   -3.844577
-4.020735   -3.191930
-3.895664   -2.285307
-3.924570   -3.683460
-3.655965   0.000000
-1.470943   -7.024415
-1.447863   -7.277835
-1.426554   -7.609705
-1.295736   -5.494364
-0.700729   -3.342054
-0.646270   -3.719642
-0.626452   -3.543377
-0.611963   -3.973062
-0.605463   -2.189591
-0.596888   -4.304932
-1.646189   -3.323413
-0.727755   -0.018640
-2.890184   -3.701002
-3.621002   -3.524736
-3.653583   -2.170950
-3.784601   -3.954422
-3.772652   -4.286292
-3.476709   0.000000
-4.054975   -3.317700
-4.052541   -3.776732
-3.995756   -3.784224
-3.976066   -4.396203
-3.619361   -3.394931
-3.617837   -4.380376
-3.582143   -3.768396
-3.530391   -3.301873
-3.442844   -3.760904
-3.166030   -0.514144
-5.833251   -3.052715
-5.796423   -3.145773
-5.866301   -3.511746
-5.985020   -4.131218
-5.953750   -3.519238
-4.877801   -0.264986
-4.518813   -0.249158
-4.856536   0.000000
-4.229314   -5.544295
-4.226770   -4.858276
-4.060962   -6.349320
-3.975446   -6.742752
-3.699869   -3.208745
-3.574811   -3.896971
-3.561795   -3.638891
-3.485936   -2.147847
-3.441115   -4.032323
-3.315841   -2.833866
-5.561201   -3.647813
-5.328814   -1.898689
-5.584093   -2.584708
-5.698673   -3.389733
-5.695640   -3.783165
-5.175084   -2.959587
-4.364533   -0.249158
-4.576344   0.000000
-4.177955   -6.986710
-4.175551   -6.229593
-4.159541   -5.816383
-4.019684   -5.285082
-3.319606   -3.602528
-3.237824   -3.224572
-3.226503   -3.121782
-3.184341   -3.534992
-3.169811   -4.292109
-3.066332   -2.590480
-5.534349   -3.270006
-5.489793   -3.337543
-5.377684   -2.325495
-5.690278   -4.027123
-5.751021   -2.856796
-5.180407   -2.959587
-3.934546   -0.264986
-4.885902   0.000000
-4.091151   -6.745779
-3.966421   -3.607845
-3.913753   -5.464791
-3.885661   -6.391160
-3.871254   -5.445834
-3.854986   -3.253226
-3.848278   -6.127234
-3.622548   -4.164469
-3.607136   -4.428396
-3.444439   -3.502027
-5.656793   -4.800603
-5.065845   -2.962614
-4.970792   -2.607995
-4.522996   -0.645231
-5.901920   -2.856796
-5.836990   -3.783165
-5.920545   -3.519238
-4.793975   0.000000
-3.108317   -4.058304
-3.054351   -7.368686
-3.051732   -6.627202
-3.047959   -3.680193
-2.898893   -7.264592
-2.764355   -3.882699
-2.685511   -4.210569
-2.640108   -4.952054
-2.477347   -1.466067
-2.442061   -4.847959
-5.445628   -2.859357
-3.529018   -3.237469
-3.273725   -0.820836
-4.602282   -0.645231
-6.081959   -4.027123
-5.984359   -3.389733
-6.003389   -4.131218
-5.101526   0.000000
-2.304250   -3.405544
-2.150807   -4.332582
-1.810432   -3.146331
-1.495722   -0.838715
-1.343482   -2.613762
-1.326812   -0.826602
-1.219989   -2.590474
-1.209342   -3.517513
-1.036437   -2.331261
-0.333390   -0.023645
-4.181262   -0.017879
-1.493271   -0.005766
-2.911804   -0.820836
-4.552517   -2.607995
-5.390212   -2.325495
-5.371856   -2.584708
-5.404228   -3.511746
-4.598390   0.000000
-1.285347   -6.383241
-1.283796   -5.136158
-1.186063   -6.519004
-1.105033   -6.575011
-0.238187   -3.287302
-0.230541   -3.243235
-0.222082   -2.968380
-0.177327   -3.343309
-0.174140   -3.151539
-0.121643   -1.904456
-3.536137   -3.281536
-0.260861   -0.005766
-1.733250   -3.237469
-3.235648   -2.962614
-3.928579   -3.337543
-3.910365   -1.898689
-3.905716   -3.145773
-3.608289   0.000000
-1.892529   -6.140893
-1.727550   -6.929348
-1.714912   -6.334250
-1.611847   -6.551542
-0.776371   -3.299415
-0.725040   -2.877236
-0.711217   -4.818482
-0.680461   -3.287885
-0.635614   -3.070594
-0.627256   -3.665692
-2.135365   -3.281536
-0.815986   -0.017879
-3.117072   -2.859357
-4.043299   -4.800603
-4.055227   -3.270006
-4.106445   -3.647813
-4.113613   -3.052715
-3.821953   0.000000
-4.311244   -5.783139
-4.296448   -5.457820
-4.167054   -5.394411
-4.044525   -6.568382
-2.956474   -3.201144
-2.888694   -2.995948
-2.860875   -3.137734
-2.852420   -3.526463
-2.804452   -2.352491
-2.772711   -3.572400
-5.896649   -3.153236
-5.564700   -2.948041
-5.672101   -3.089827
-6.080264   -3.478555
-6.169845   -3.524493
-3.547038   -0.047908
-5.468786   -2.304584
-5.296313   0.000000
-4.305167   -5.633785
-4.283103   -6.129799
-4.211331   -5.854062
-4.157249   -6.191017
-3.395836   -3.496025
-3.290046   -4.053257
-3.269851   -3.992039
-3.228634   -3.688871
-3.221323   -2.471408
-2.374534   -3.716302
-5.917438   -3.825215
-4.125517   -0.166824
-5.888905   -3.549479
-5.875185   -3.329202
-5.966867   -3.886433
-5.575458   -3.522047
-5.258221   -2.304584
-4.868011   0.000000
-3.995992   -6.857245
-3.836763   -3.844854
-3.710038   -4.238595
-3.057103   -5.051418
-2.891242   -3.615986
-2.884115   -3.176213
-2.810608   -3.569954
-2.791491   -4.382778
-2.707982   -3.383106
-2.447274   -0.764456
-5.584748   -3.335198
-5.702495   -3.568078
-5.093996   -0.716548
-6.030781   -4.334870
-6.013862   -3.128306
-5.637834   -3.522047
-3.517897   -0.047908
-5.131375   0.000000
-4.432882   -6.907124
-4.352758   -7.197344
-4.207684   -4.397405
-4.195546   -6.835403
-4.106074   -6.439216
-4.044436   -3.956350
-4.030201   -4.028070
-3.969676   -4.169931
-3.909325   -4.531872
-3.843340   -3.773744
-5.756958   -3.382631
-5.454337   -3.751966
-5.123680   -3.310911
-4.622712   -0.645439
-5.937297   -3.128306
-6.023619   -3.886433
-5.969097   -3.524493
-4.885989   0.000000
-3.168515   -3.998969
-2.953707   -4.268151
-2.863230   -3.705458
-2.783828   -4.123994
-2.780094   -4.980309
-2.755698   -3.974640
-2.480975   -3.854812
-2.479507   -4.448106
-2.307172   -1.021695
-1.930036   -4.711126
-4.830658   -3.802667
-4.716237   -3.622712
-3.579699   -0.376256
-3.392265   -0.645439
-5.474203   -4.334870
-5.537218   -3.329202
-5.539694   -3.478555
-4.559845   0.000000
-2.803131   -1.046370
-2.787779   -3.925735
-2.780315   -0.862914
-2.289894   -3.457277
-2.273592   -4.027459
-2.260235   -0.706079
-2.001989   -3.466083
-1.954843   -0.522623
-1.709007   -0.476188
-1.198301   -1.092804
-3.808894   -0.146366
-4.104024   -0.329822
-3.497572   -0.376256
-4.357113   -3.310911
-4.493444   -0.716548
-5.469882   -3.549479
-5.037785   -3.089827
-4.540785   0.000000
-1.815902   -6.570753
-1.771851   -3.884231
-1.697220   -4.081788
-1.690826   -7.190790
-1.669056   -3.952534
-1.515329   -3.897900
-1.468795   -3.918790
-1.337526   -3.277863
-1.301828   -3.789536
-0.307618   -0.496646
-3.205455   -3.554409
-1.988676   -0.329822
-2.815999   -3.622712
-2.891278   -3.751966
-3.237332   -3.568078
-2.795314   -0.166824
-3.257978   -2.948041
-2.828450   0.000000
-3.933733   -6.535867
-3.585541   -6.955903
-3.542207   -6.717830
-3.299068   -7.137866
-3.202205   -3.700775
-3.067562   -3.949034
-2.946210   -3.528998
-2.944765   -3.481565
-2.821649   -3.299602
-2.805770   -3.971581
-5.273817   -3.554409
-3.500198   -0.146366
-5.017889   -3.802667
-5.449569   -3.382631
-5.293491   -3.335198
-5.700365   -3.825215
-5.419502   -3.153236
-4.648189   0.000000
-4.176189   -7.324780
-4.164106   -6.660001
-4.040765   -6.755814
-3.991875   -7.543188
-2.661022   -3.832896
-2.642258   -3.097284
-2.620496   -3.928709
-2.599996   -3.680068
-2.507795   -3.461660
-2.483008   -2.892694
-5.644901   -3.800102
-5.422249   -3.064489
-5.424223   -3.895915
-5.948321   -3.647274
-5.953389   -3.428866
-3.173629   -0.032794
-5.336657   -2.859899
-5.064002   0.000000
-4.245155   -5.729927
-4.228138   -6.685685
-4.190570   -6.570396
-4.048521   -5.647093
-3.080110   -2.801799
-3.074866   -2.989794
-3.059536   -3.840391
-3.049537   -3.105084
-3.043471   -3.350645
-2.089988   -2.999922
-5.758212   -3.220750
-3.777317   -0.129895
-5.680689   -2.870027
-5.835443   -3.710497
-5.877651   -2.671905
-5.439073   -2.975189
-5.239000   -2.859899
-4.770424   0.000000
-4.147314   -6.194980
-3.913208   -4.094469
-3.815270   -4.422648
-3.195382   -4.848240
-2.663599   -3.414216
-2.608665   -3.761754
-2.577674   -3.336162
-2.565537   -3.007983
-2.536556   -3.252585
-2.356691   -1.152075
-5.535843   -3.219791
-5.568416   -3.381422
-5.151363   -1.119280
-6.005455   -3.728960
-6.001847   -3.303368
-5.540673   -2.975189
-3.156117   -0.032794
-5.134651   0.000000
-4.487036   -5.649214
-4.190167   -6.136549
-4.118505   -6.893510
-3.976796   -4.196233
-3.938824   -4.121698
-3.932805   -6.768012
-3.851592   -2.990694
-3.674878   -4.160455
-3.672968   -4.034957
-3.538602   -3.403494
-5.830099   -2.259105
-5.419245   -3.390109
-5.170357   -3.464644
-4.352090   -0.731589
-6.079586   -3.303368
-6.058689   -2.671905
-6.154011   -3.428866
-5.103076   0.000000
-3.088846   -3.097177
-2.861707   -4.497597
-2.841820   -3.991491
-2.713962   -4.442085
-2.675811   -4.460549
-2.605640   -4.378862
-2.441957   -3.547771
-2.380557   -3.928268
-2.232244   -1.012583
-1.796720   -4.009954
-4.782999   -2.816182
-4.691040   -3.766008
-3.510278   -0.280994
-3.293067   -0.731589
-5.486822   -3.728960
-5.512389   -3.710497
-5.506893   -3.647274
-4.605329   0.000000
-2.686054   -1.223044
-2.600501   -7.360559
-2.543611   -3.151022
-2.442636   -0.428633
-2.193040   -4.583924
-2.179594   -3.568408
-1.912139   -0.384758
-1.733036   -4.176909
-1.636864   -0.251402
-1.048026   -1.400275
-3.649449   -0.103764
-4.044474   -0.147638
-3.295016   -0.280994
-4.213081   -3.464644
-4.430058   -1.119280
-5.349456   -2.870027
-4.775990   -3.895915
-4.730937   0.000000
-1.487399   -3.913646
-1.475620   -3.991001
-1.398504   -7.147429
-1.352444   -6.830497
-1.311428   -3.537747
-1.186212   -3.520004
-1.170650   -3.529060
-1.109279   -3.212128
-0.999337   -3.895903
-0.191479   -0.277533
-3.040675   -3.843362
-1.616398   -0.147638
-2.369633   -3.766008
-2.577495   -3.390109
-2.884337   -3.381422
-2.429525   -0.129895
-2.866613   -3.064489
-2.694656   0.000000
-3.502036   -6.059207
-3.376256   -5.478896
-3.288778   -6.616284
-3.048155   -6.035973
-2.789552   -3.947126
-2.610938   -2.919946
-2.478635   -3.323554
-2.464996   -3.903866
-2.464686   -2.362869
-2.451665   -3.324514
-5.127332   -3.843362
-2.989429   -0.103764
-4.647763   -2.816182
-5.085438   -2.259105
-5.045122   -3.219791
-5.342721   -3.220750
-5.111239   -3.800102
-4.706035   0.000000
-0.207013   -1.575903
-0.205751   -1.545457
-0.203682   -1.530863
-0.202308   -1.539091
-0.197515   -1.214351
-0.196333   -1.189579
-0.194845   -1.204173
-0.192708   -1.197807
-0.187748   -0.490916
-0.181682   -1.234619
-0.296306   -1.129358
-0.296408   -1.114763
-0.294121   -1.122992
-0.297032   -1.139536
-0.292455   -1.159803
-0.261715   -0.416100
-0.236714   -0.074816
-0.240389   0.000000
-0.217519   -2.291168
-0.216351   -2.581677
-0.206989   -2.307862
-0.201605   -1.372059
-0.177668   -1.207957
-0.177017   -1.249537
-0.175020   -1.232843
-0.173367   -1.523352
-0.171232   -1.060999
-0.158939   -0.313734
-0.298040   -1.448536
-0.280327   -0.238918
-0.298955   -1.174721
-0.300354   -0.986183
-0.302923   -1.158027
-0.269762   -1.133141
-0.211969   -0.074816
-0.255014   0.000000
-0.220244   -1.549241
-0.218592   -2.412845
-0.217778   -2.289661
-0.212904   -2.160978
-0.210594   -1.878470
-0.203919   -2.006324
-0.203569   -1.443936
-0.203115   -1.695804
-0.198913   -1.572620
-0.194428   -1.161429
-0.302308   -1.027837
-0.308598   -1.590224
-0.301567   -0.745329
-0.302721   -1.156520
-0.303052   -1.279704
-0.274726   -1.133141
-0.255592   -0.416100
-0.253284   0.000000
-0.213059   -2.680815
-0.203247   -1.545319
-0.199221   -2.444025
-0.194500   -2.445802
-0.194381   -2.565702
-0.192605   -1.330069
-0.192261   -1.654138
-0.181257   -1.417347
-0.181174   -1.419124
-0.179387   -1.539024
-0.270814   -1.394817
-0.293384   -1.070749
-0.244364   -1.285998
-0.222941   -0.259320
-0.297279   -1.279704
-0.299831   -1.158027
-0.295190   -1.159803
-0.244546   0.000000
-0.171227   -1.398856
-0.157311   -1.321298
-0.145624   -1.911680
-0.143611   -1.109023
-0.103754   -1.066533
-0.101128   -0.854258
-0.093144   -0.990739
-0.089826   -1.144091
-0.083953   -0.263876
-0.082421   -1.161076
-0.223011   -0.849702
-0.274993   -1.061977
-0.113357   -0.004555
-0.217447   -0.259320
-0.306389   -1.156520
-0.303207   -0.986183
-0.303798   -1.139536
-0.257594   0.000000
-0.164460   -1.139546
-0.154682   -1.304328
-0.125886   -1.302553
-0.099542   -1.290554
-0.098109   -1.179277
-0.092998   -1.127547
-0.089633   -0.034884
-0.082495   -0.749884
-0.068248   -0.021110
-0.066750   -0.022885
-0.194917   -0.016554
-0.264478   -0.018330
-0.116335   -0.004555
-0.242405   -1.285998
-0.309477   -0.745329
-0.313100   -1.174721
-0.307642   -1.122992
-0.259197   0.000000
-0.150083   -2.176740
-0.149201   -2.652201
-0.131381   -2.139544
-0.130562   -1.300896
-0.084073   -1.080307
-0.081290   -1.095897
-0.078149   -1.089079
-0.077192   -1.608554
-0.069407   -1.133093
-0.043528   -0.257248
-0.212516   -1.077567
-0.093341   -0.018330
-0.192494   -1.061977
-0.253784   -1.070749
-0.273820   -1.590224
-0.248686   -0.238918
-0.266669   -1.114763
-0.233771   0.000000
-0.149848   -2.298239
-0.142705   -1.877539
-0.138260   -1.979060
-0.129837   -1.927269
-0.101536   -1.094121
-0.100411   -0.866257
-0.097705   -1.411371
-0.097394   -1.044391
-0.092864   -1.465091
-0.087366   -1.145912
-0.236659   -1.077567
-0.117232   -0.016554
-0.184588   -0.849702
-0.241701   -1.394817
-0.270717   -1.027837
-0.269568   -1.448536
-0.264962   -1.129358
-0.223295   0.000000
-0.224715   -1.691584
-0.222500   -1.594366
-0.222257   -1.657998
-0.218801   -1.723871
-0.211163   -0.533162
-0.209900   -1.275164
-0.209695   -1.211533
-0.208578   -1.011824
-0.207562   -1.341038
-0.206224   -1.308751
-0.308426   -0.936660
-0.306743   -1.136369
-0.308995   -1.265874
-0.309653   -1.200000
-0.314128   -1.233587
-0.278409   -0.457998
-0.254090   -0.075164
-0.257674   0.000000
-0.216625   -2.347827
-0.214169   -2.390927
-0.208295   -2.418966
-0.205420   -1.319663
-0.175443   -1.104878
-0.170752   -1.436377
-0.169978   -1.464416
-0.169363   -1.393276
-0.162192   -1.366102
-0.161375   -0.365113
-0.292877   -1.361213
-0.284615   -0.289949
-0.294613   -1.318112
-0.296874   -1.389252
-0.296869   -1.290938
-0.266939   -1.029714
-0.210526   -0.075164
-0.244527   0.000000
-0.223455   -1.487712
-0.222558   -2.132639
-0.222258   -2.101658
-0.221417   -2.133608
-0.214205   -2.011077
-0.212412   -1.560922
-0.211703   -1.551359
-0.211529   -1.519661
-0.206515   -1.529942
-0.203028   -1.439360
-0.297138   -1.102925
-0.294675   -1.071944
-0.297298   -1.093362
-0.294646   -1.061664
-0.295404   -0.981362
-0.279211   -1.029714
-0.263527   -0.457998
-0.245751   0.000000
-0.211928   -2.235968
-0.200167   -1.228084
-0.192529   -2.237537
-0.188964   -1.456150
-0.188619   -1.561195
-0.187935   -2.294889
-0.180265   -1.985313
-0.176610   -1.205496
-0.175744   -1.457720
-0.170455   -1.515071
-0.283097   -1.232017
-0.302778   -1.337062
-0.241860   -1.003951
-0.221854   -0.224133
-0.302860   -0.981362
-0.307185   -1.290938
-0.306403   -1.233587
-0.258282   0.000000
-0.161661   -1.424134
-0.149020   -2.224154
-0.133929   -1.311323
-0.128781   -1.361098
-0.097865   -1.091815
-0.095669   -1.141591
-0.094461   -1.204626
-0.090014   -1.393878
-0.080402   -1.066290
-0.078652   -0.228759
-0.239655   -1.136965
-0.268259   -1.087189
-0.112544   -0.004626
-0.206554   -0.224133
-0.305992   -1.061664
-0.306144   -1.389252
-0.307340   -1.200000
-0.248524   0.000000
-0.168351   -1.119971
-0.144240   -1.035165
-0.121319   -1.030560
-0.106235   -0.057823
-0.096348   -1.270500
-0.094250   -1.322738
-0.094096   -1.008577
-0.082921   -1.097988
-0.070281   -0.035840
-0.065981   -0.031235
-0.209316   -0.026609
-0.268623   -0.031214
-0.113042   -0.004626
-0.234057   -1.003951
-0.312901   -1.093362
-0.313462   -1.318112
-0.315819   -1.265874
-0.261427   0.000000
-0.133080   -2.223558
-0.131499   -2.266788
-0.130634   -2.159133
-0.124544   -1.377138
-0.090963   -1.210813
-0.089422   -1.118403
-0.085884   -1.368276
-0.078638   -1.103158
-0.073641   -1.167583
-0.045898   -0.321163
-0.211073   -1.179599
-0.099840   -0.031214
-0.184042   -1.087189
-0.253192   -1.337062
-0.264872   -1.071944
-0.249767   -0.289949
-0.265649   -1.136369
-0.231838   0.000000
-0.149847   -2.073625
-0.149027   -2.498178
-0.143410   -2.239890
-0.133871   -2.316564
-0.115947   -1.206208
-0.112149   -1.258626
-0.110369   -1.163574
-0.105250   -1.387821
-0.104717   -0.963269
-0.100791   -1.129533
-0.237627   -1.179599
-0.130609   -0.026609
-0.186092   -1.136965
-0.251182   -1.232017
-0.270409   -1.102925
-0.273398   -1.361213
-0.271138   -0.936660
-0.227627   0.000000
-0.214422   -1.306752
-0.212448   -1.151266
-0.207354   -1.066213
-0.202265   -1.231736
-0.196205   -1.494949
-0.195869   -1.218989
-0.195505   -1.294005
-0.187545   -1.138519
-0.181287   -1.053466
-0.173965   -0.145117
-0.315331   -1.428764
-0.305049   -1.227820
-0.310817   -1.072335
-0.313564   -0.987281
-0.316601   -1.152804
-0.259739   -0.078932
-0.235466   -0.066185
-0.275026   0.000000
-0.229370   -1.801731
-0.228638   -2.063252
-0.222288   -2.161132
-0.219488   -2.512123
-0.193571   -1.106147
-0.186541   -1.538346
-0.186085   -1.384325
-0.184897   -0.827954
-0.175822   -1.187354
-0.172997   -1.089474
-0.298057   -1.318141
-0.287135   -0.761769
-0.296946   -1.023290
-0.302523   -1.121169
-0.302690   -1.472161
-0.285845   -1.039962
-0.231184   -0.066185
-0.249287   0.000000
-0.213791   -2.182612
-0.212092   -1.763613
-0.203697   -2.290118
-0.196693   -1.972419
-0.173044   -1.142908
-0.171144   -1.329088
-0.170708   -1.118894
-0.167771   -0.802582
-0.167389   -0.914178
-0.157055   -1.011388
-0.279339   -0.723650
-0.281018   -1.063977
-0.271115   -0.932456
-0.289018   -0.835246
-0.287042   -1.250156
-0.265245   -1.039962
-0.207343   -0.078932
-0.236208   0.000000
-0.216876   -2.531681
-0.211023   -2.683866
-0.208360   -2.364509
-0.204158   -1.394106
-0.201315   -2.461861
-0.193265   -1.287493
-0.191274   -1.324286
-0.186761   -1.265385
-0.184392   -1.584742
-0.179916   -1.362737
-0.295063   -1.174912
-0.255370   -1.281526
-0.251010   -1.211705
-0.226261   -0.112581
-0.305792   -1.250156
-0.309385   -1.472161
-0.307921   -1.152804
-0.258147   0.000000
-0.168071   -1.133248
-0.164164   -2.021417
-0.163434   -1.466667
-0.158780   -1.887529
-0.156046   -1.735494
-0.148023   -1.012829
-0.142505   -1.354169
-0.142284   -1.220281
-0.136369   -1.068246
-0.125084   -0.345581
-0.278417   -1.233667
-0.188653   -0.900248
-0.173322   -0.233000
-0.227390   -0.112581
-0.301160   -0.835246
-0.303976   -1.121169
-0.299829   -0.987281
-0.252422   0.000000
-0.116419   -1.256290
-0.110718   -1.305335
-0.090996   -1.165456
-0.070815   -0.239213
-0.061350   -1.213662
-0.056489   -1.074292
-0.055949   -0.234957
-0.055661   -1.025247
-0.042531   -0.934414
-0.020451   -0.008171
-0.206769   -0.006213
-0.064210   -0.001957
-0.149408   -0.233000
-0.227704   -1.211705
-0.267599   -0.932456
-0.271941   -1.023290
-0.267682   -1.072335
-0.226417   0.000000
-0.056751   -2.128068
-0.056196   -1.662017
-0.052304   -1.964224
-0.050821   -2.008052
-0.011078   -1.109762
-0.010301   -0.902205
-0.010277   -1.283483
-0.008798   -1.065934
-0.008139   -1.229778
-0.006454   -0.763726
-0.171116   -1.107804
-0.011591   -0.001957
-0.082020   -0.900248
-0.152480   -1.281526
-0.205450   -1.063977
-0.199059   -0.761769
-0.200536   -1.227820
-0.186811   0.000000
-0.075162   -2.341472
-0.073982   -2.425945
-0.072894   -2.536568
-0.066209   -1.831455
-0.035806   -1.114018
-0.033023   -1.239881
-0.032010   -1.181126
-0.031270   -1.324354
-0.030938   -0.729864
-0.030500   -1.434977
-0.084116   -1.107804
-0.037187   -0.006213
-0.147681   -1.233667
-0.185025   -1.174912
-0.186689   -0.723650
-0.193384   -1.318141
-0.192773   -1.428764
-0.177652   0.000000
-0.207743   -1.105900
-0.207618   -1.258911
-0.204709   -1.261408
-0.203700   -1.465401
-0.185426   -1.131644
-0.185347   -1.460125
-0.183519   -1.256132
-0.180867   -1.100624
-0.176382   -1.253635
-0.162201   -0.171381
-0.298847   -1.017572
-0.296960   -1.048591
-0.300540   -1.170582
-0.306622   -1.377073
-0.305020   -1.173079
-0.249897   -0.088329
-0.231506   -0.083053
-0.248808   0.000000
-0.216674   -1.848098
-0.216544   -1.619425
-0.208049   -2.116440
-0.203668   -2.247584
-0.189550   -1.069582
-0.183143   -1.298990
-0.182476   -1.212964
-0.178590   -0.715949
-0.176294   -1.344108
-0.169876   -0.944622
-0.284909   -1.215938
-0.273003   -0.632896
-0.286082   -0.861569
-0.291952   -1.129911
-0.291796   -1.261055
-0.265128   -0.986529
-0.223602   -0.083053
-0.234453   0.000000
-0.214043   -2.328903
-0.213920   -2.076531
-0.213100   -1.938794
-0.205935   -1.761694
-0.170069   -1.200843
-0.165879   -1.074857
-0.165299   -1.040594
-0.163139   -1.178331
-0.162394   -1.430703
-0.157093   -0.863493
-0.283533   -1.090002
-0.281251   -1.112514
-0.275507   -0.775165
-0.291522   -1.342374
-0.294634   -0.952265
-0.265400   -0.986529
-0.201573   -0.088329
-0.250312   0.000000
-0.209596   -2.248593
-0.203206   -1.202615
-0.200508   -1.821597
-0.199068   -2.130387
-0.198330   -1.815278
-0.197497   -1.084409
-0.197153   -2.042411
-0.185589   -1.388156
-0.184799   -1.476132
-0.176464   -1.167342
-0.289806   -1.600201
-0.259531   -0.987538
-0.254661   -0.869332
-0.231720   -0.215077
-0.302365   -0.952265
-0.299038   -1.261055
-0.303319   -1.173079
-0.245603   0.000000
-0.159244   -1.352768
-0.156479   -2.456229
-0.156345   -2.209067
-0.156152   -1.226731
-0.148515   -2.421531
-0.141622   -1.294233
-0.137583   -1.403523
-0.135257   -1.650685
-0.126918   -0.488689
-0.125111   -1.615986
-0.278988   -0.953119
-0.180797   -1.079156
-0.167718   -0.273612
-0.235782   -0.215077
-0.311588   -1.342374
-0.306588   -1.129911
-0.307563   -1.377073
-0.261359   0.000000
-0.118050   -1.135181
-0.110189   -1.444194
-0.092751   -1.048777
-0.076628   -0.279572
-0.068829   -0.871254
-0.067975   -0.275534
-0.062502   -0.863491
-0.061956   -1.172504
-0.053098   -0.777087
-0.017080   -0.007882
-0.214213   -0.005960
-0.076503   -0.001922
-0.149176   -0.273612
-0.233233   -0.869332
-0.276149   -0.775165
-0.275209   -0.861569
-0.276867   -1.170582
-0.235583   0.000000
-0.065850   -2.127747
-0.065771   -1.712053
-0.060764   -2.173001
-0.056613   -2.191670
-0.012203   -1.095767
-0.011811   -1.081078
-0.011378   -0.989460
-0.009085   -1.114436
-0.008921   -1.050513
-0.006232   -0.634819
-0.181162   -1.093845
-0.013364   -0.001922
-0.088797   -1.079156
-0.165767   -0.987538
-0.201267   -1.112514
-0.200334   -0.632896
-0.200096   -1.048591
-0.184858   0.000000
-0.096957   -2.046964
-0.088505   -2.309783
-0.087858   -2.111417
-0.082577   -2.183847
-0.039775   -1.099805
-0.037145   -0.959079
-0.036437   -1.606161
-0.034861   -1.095962
-0.032563   -1.023531
-0.032135   -1.221897
-0.109398   -1.093845
-0.041804   -0.005960
-0.159692   -0.953119
-0.207144   -1.600201
-0.207756   -1.090002
-0.210380   -1.215938
-0.210747   -1.017572
-0.195805   0.000000
-0.219153   -1.927713
-0.218401   -1.819273
-0.211823   -1.798137
-0.205595   -2.189461
-0.150286   -1.067048
-0.146841   -0.998649
-0.145426   -1.045911
-0.144997   -1.175488
-0.142558   -0.784164
-0.140945   -1.190800
-0.299743   -1.051079
-0.282870   -0.982680
-0.288329   -1.029942
-0.309077   -1.159518
-0.313631   -1.174831
-0.180306   -0.015969
-0.277994   -0.768195
-0.269227   0.000000
-0.218844   -1.877928
-0.217722   -2.043266
-0.214074   -1.951354
-0.211325   -2.063672
-0.172620   -1.165342
-0.167242   -1.351086
-0.166216   -1.330680
-0.164121   -1.229624
-0.163749   -0.823803
-0.120704   -1.238767
-0.300800   -1.275072
-0.209712   -0.055608
-0.299350   -1.183160
-0.298652   -1.109734
-0.303313   -1.295478
-0.283416   -1.174016
-0.267290   -0.768195
-0.247455   0.000000
-0.203128   -2.285748
-0.195034   -1.281618
-0.188592   -1.412865
-0.155401   -1.683806
-0.146970   -1.205329
-0.146608   -1.058738
-0.142871   -1.189985
-0.141899   -1.460926
-0.137654   -1.127702
-0.124402   -0.254819
-0.283889   -1.111733
-0.289874   -1.189359
-0.258942   -0.238849
-0.306562   -1.444957
-0.305702   -1.042769
-0.286587   -1.174016
-0.178825   -0.015969
-0.260842   0.000000
-0.225336   -2.302375
-0.221263   -2.399115
-0.213889   -1.465802
-0.213272   -2.278468
-0.208723   -2.146405
-0.205590   -1.318783
-0.204867   -1.342690
-0.201790   -1.389977
-0.198722   -1.510624
-0.195368   -1.257915
-0.292643   -1.127544
-0.277260   -1.250655
-0.260451   -1.103637
-0.234986   -0.215146
-0.301810   -1.042769
-0.306198   -1.295478
-0.303426   -1.174831
-0.248369   0.000000
-0.161065   -1.332990
-0.150145   -1.422717
-0.145546   -1.235153
-0.141510   -1.374665
-0.141320   -1.660103
-0.140080   -1.324880
-0.126115   -1.284937
-0.126040   -1.482702
-0.117280   -0.340565
-0.098109   -1.570375
-0.245556   -1.267556
-0.239740   -1.207571
-0.181966   -0.125419
-0.172438   -0.215146
-0.278269   -1.444957
-0.281473   -1.109734
-0.281598   -1.159518
-0.231790   0.000000
-0.142491   -0.348790
-0.141711   -1.308578
-0.141331   -0.287638
-0.116402   -1.152426
-0.115573   -1.342486
-0.114894   -0.235360
-0.101767   -1.155361
-0.099370   -0.174208
-0.086874   -0.158729
-0.060913   -0.364268
-0.193617   -0.048789
-0.208619   -0.109941
-0.177792   -0.125419
-0.221484   -1.103637
-0.228415   -0.238849
-0.278050   -1.183160
-0.256085   -1.029942
-0.230821   0.000000
-0.092307   -2.190251
-0.090068   -1.294744
-0.086275   -1.360596
-0.085950   -2.396930
-0.084843   -1.317511
-0.077029   -1.299300
-0.074663   -1.306263
-0.067990   -1.092621
-0.066176   -1.263179
-0.015637   -0.165549
-0.162942   -1.184803
-0.101090   -0.109941
-0.143145   -1.207571
-0.146972   -1.250655
-0.164563   -1.189359
-0.142094   -0.055608
-0.165612   -0.982680
-0.143778   0.000000
-0.199963   -2.178622
-0.182263   -2.318634
-0.180061   -2.239277
-0.167701   -2.379289
-0.162777   -1.233592
-0.155933   -1.316345
-0.149764   -1.176333
-0.149691   -1.160522
-0.143432   -1.099867
-0.142625   -1.323860
-0.268083   -1.184803
-0.177925   -0.048789
-0.255074   -1.267556
-0.277017   -1.127544
-0.269083   -1.111733
-0.289766   -1.275072
-0.275489   -1.051079
-0.236281   0.000000
-0.213115   -2.441593
-0.212499   -2.220000
-0.206204   -2.251938
-0.203710   -2.514396
-0.135795   -1.277632
-0.134837   -1.032428
-0.133727   -1.309570
-0.132680   -1.226689
-0.127975   -1.153887
-0.126710   -0.964231
-0.288065   -1.266701
-0.276703   -1.021496
-0.276804   -1.298638
-0.303549   -1.215758
-0.303808   -1.142955
-0.161954   -0.010931
-0.272335   -0.953300
-0.258421   0.000000
-0.216635   -1.909976
-0.215766   -2.228562
-0.213849   -2.190132
-0.206600   -1.882364
-0.157181   -0.933933
-0.156914   -0.996598
-0.156131   -1.280130
-0.155621   -1.035028
-0.155312   -1.116882
-0.106654   -0.999974
-0.293848   -1.073583
-0.192760   -0.043298
-0.289891   -0.956676
-0.297789   -1.236832
-0.299943   -0.890635
-0.277562   -0.991730
-0.267352   -0.953300
-0.243440   0.000000
-0.211642   -2.064993
-0.199695   -1.364823
-0.194697   -1.474216
-0.163064   -1.616080
-0.135926   -1.138072
-0.133123   -1.253918
-0.131541   -1.112054
-0.130922   -1.002661
-0.129443   -1.084195
-0.120264   -0.384025
-0.282500   -1.073264
-0.284162   -1.127141
-0.262879   -0.373093
-0.306465   -1.242987
-0.306280   -1.101123
-0.282746   -0.991730
-0.161060   -0.010931
-0.262027   0.000000
-0.228978   -1.883071
-0.213829   -2.045516
-0.210172   -2.297837
-0.202940   -1.398744
-0.201002   -1.373899
-0.200695   -2.256004
-0.196551   -0.996898
-0.187533   -1.386818
-0.187435   -1.344986
-0.180579   -1.134498
-0.297516   -0.753035
-0.276550   -1.130036
-0.263849   -1.154881
-0.222092   -0.243863
-0.310248   -1.101123
-0.309181   -0.890635
-0.314046   -1.142955
-0.260415   0.000000
-0.157627   -1.032392
-0.146036   -1.499199
-0.145021   -1.330497
-0.138496   -1.480695
-0.136549   -1.486850
-0.132968   -1.459621
-0.124616   -1.182590
-0.121482   -1.309423
-0.113914   -0.337528
-0.091688   -1.336651
-0.244081   -0.938727
-0.239389   -1.255336
-0.179133   -0.093665
-0.168049   -0.243863
-0.279998   -1.242987
-0.281303   -1.236832
-0.281022   -1.215758
-0.235015   0.000000
-0.137072   -0.407681
-0.132706   -2.453520
-0.129803   -1.050341
-0.124650   -0.142878
-0.111913   -1.527975
-0.111227   -1.189469
-0.097578   -0.128253
-0.088439   -1.392303
-0.083531   -0.083801
-0.053482   -0.466758
-0.186235   -0.034588
-0.206394   -0.049213
-0.168148   -0.093665
-0.214998   -1.154881
-0.226070   -0.373093
-0.272988   -0.956676
-0.243724   -1.298638
-0.241425   0.000000
-0.075903   -1.304549
-0.075302   -1.330334
-0.071367   -2.382476
-0.069017   -2.276832
-0.066924   -1.179249
-0.060534   -1.173335
-0.059740   -1.176353
-0.056608   -1.070709
-0.050997   -1.298634
-0.009771   -0.092511
-0.155169   -1.281121
-0.082486   -0.049213
-0.120925   -1.255336
-0.131532   -1.130036
-0.147191   -1.127141
-0.123981   -0.043298
-0.146286   -1.021496
-0.137511   0.000000
-0.178713   -2.019736
-0.172294   -1.826299
-0.167830   -2.205428
-0.155551   -2.011991
-0.142354   -1.315709
-0.133239   -0.973315
-0.126487   -1.107851
-0.125791   -1.301289
-0.125775   -0.787623
-0.125111   -1.108171
-0.261653   -1.281121
-0.152554   -0.034588
-0.237180   -0.938727
-0.259515   -0.753035
-0.257458   -1.073264
-0.272645   -1.073583
-0.260832   -1.266701
-0.240154   0.000000
-13.242888   -1.575903
-13.162160   -1.545457
-13.029783   -1.530863
-12.941888   -1.539091
-12.635295   -1.214351
-12.559648   -1.189579
-12.464487   -1.204173
-12.327785   -1.197807
-12.010463   -0.490916
-11.622393   -1.234619
-18.955045   -1.129358
-18.961594   -1.114763
-18.815269   -1.122992
-19.001488   -1.139536
-18.708728   -1.159803
-16.742197   -0.416100
-15.142904   -0.074816
-15.377969   0.000000
-13.914956   -2.291168
-13.840253   -2.581677
-13.241334   -2.307862
-12.896890   -1.372059
-11.365639   -1.207957
-11.324017   -1.249537
-11.196216   -1.232843
-11.090477   -1.523352
-10.953950   -1.060999
-10.167510   -0.313734
-19.065956   -1.448536
-17.932830   -0.238918
-19.124506   -1.174721
-19.213993   -0.986183
-19.378351   -1.158027
-17.257006   -1.133141
-13.559938   -0.074816
-16.313556   0.000000
-14.089276   -1.549241
-13.983628   -2.412845
-13.931523   -2.289661
-13.619746   -2.160978
-13.471979   -1.878470
-13.044932   -2.006324
-13.022580   -1.443936
-12.993502   -1.695804
-12.724693   -1.572620
-12.437803   -1.161429
-19.338985   -1.027837
-19.741402   -1.590224
-19.291577   -0.745329
-19.365460   -1.156520
-19.386614   -1.279704
-17.574553   -1.133141
-16.350550   -0.416100
-16.202887   0.000000
-13.629638   -2.680815
-13.001977   -1.545319
-12.744417   -2.444025
-12.442387   -2.445802
-12.434783   -2.565702
-12.321180   -1.330069
-12.299176   -1.654138
-11.595245   -1.417347
-11.589930   -1.419124
-11.475626   -1.539024
-17.324296   -1.394817
-18.768115   -1.070749
-15.632261   -1.285998
-14.261823   -0.259320
-19.017318   -1.279704
-19.180531   -1.158027
-18.883635   -1.159803
-15.643926   0.000000
-10.953608   -1.398856
-10.063363   -1.321298
-9.315772   -1.911680
-9.186949   -1.109023
-6.637264   -1.066533
-6.469270   -0.854258
-5.958561   -0.990739
-5.746286   -1.144091
-5.370582   -0.263876
-5.272593   -1.161076
-14.266310   -0.849702
-17.591664   -1.061977
-7.251598   -0.004555
-13.910355   -0.259320
-19.600074   -1.156520
-19.396554   -0.986183
-19.434346   -1.139536
-16.478612   0.000000
-10.520685   -1.139546
-9.895221   -1.304328
-8.053101   -1.302553
-6.367811   -1.290554
-6.276168   -1.179277
-5.949181   -1.127547
-5.733961   -0.034884
-5.277315   -0.749884
-4.365892   -0.021110
-4.270110   -0.022885
-12.469088   -0.016554
-16.918949   -0.018330
-7.442121   -0.004555
-15.506916   -1.285998
-19.797634   -0.745329
-20.029395   -1.174721
-19.680262   -1.122992
-16.581135   0.000000
-9.601019   -2.176740
-9.544542   -2.652201
-8.404582   -2.139544
-8.352215   -1.300896
-5.378267   -1.080307
-5.200188   -1.095897
-4.999283   -1.089079
-4.938051   -1.608554
-4.440022   -1.133093
-2.784566   -0.257248
-13.594916   -1.077567
-5.971164   -0.018330
-12.314077   -1.061977
-16.234880   -1.070749
-17.516583   -1.590224
-15.908738   -0.238918
-17.059113   -1.114763
-14.954637   0.000000
-9.585976   -2.298239
-9.128993   -1.877539
-8.844692   -1.979060
-8.305860   -1.927269
-6.495402   -1.094121
-6.423432   -0.866257
-6.250316   -1.411371
-6.230411   -1.044391
-5.940635   -1.465091
-5.588895   -1.145912
-15.139343   -1.077567
-7.499481   -0.016554
-11.808318   -0.849702
-15.461892   -1.394817
-17.318085   -1.027837
-17.244619   -1.448536
-16.949941   -1.129358
-14.284472   0.000000
-14.343853   -1.691584
-14.202417   -1.594366
-14.186924   -1.657998
-13.966329   -1.723871
-13.478806   -0.533162
-13.398158   -1.275164
-13.385078   -1.211533
-13.313779   -1.011824
-13.248902   -1.341038
-13.163552   -1.308751
-19.687207   -0.936660
-19.579780   -1.136369
-19.723520   -1.265874
-19.765515   -1.200000
-20.051146   -1.233587
-17.771186   -0.457998
-16.218888   -0.075164
-16.447626   0.000000
-13.827404   -2.347827
-13.670657   -2.390927
-13.295722   -2.418966
-13.112192   -1.319663
-11.198733   -1.104878
-10.899289   -1.436377
-10.849919   -1.464416
-10.810641   -1.393276
-10.352917   -1.366102
-10.300768   -0.365113
-18.694667   -1.361213
-18.167285   -0.289949
-18.805502   -1.318112
-18.949825   -1.389252
-18.949497   -1.290938
-17.039003   -1.029714
-13.438136   -0.075164
-15.608476   0.000000
-14.263388   -1.487712
-14.206121   -2.132639
-14.186978   -2.101658
-14.133337   -2.133608
-13.672987   -2.011077
-13.558517   -1.560922
-13.513268   -1.551359
-13.502131   -1.519661
-13.182081   -1.529942
-12.959511   -1.439360
-18.966647   -1.102925
-18.809483   -1.071944
-18.976905   -1.093362
-18.807621   -1.061664
-18.855975   -0.981362
-17.822386   -1.029714
-16.821210   -0.457998
-15.686563   0.000000
-13.527591   -2.235968
-12.776887   -1.228084
-12.289344   -2.237537
-12.061797   -1.456150
-12.039774   -1.561195
-11.996114   -2.294889
-11.506504   -1.985313
-11.273258   -1.205496
-11.217979   -1.457720
-10.880377   -1.515071
-18.070439   -1.232017
-19.326697   -1.337062
-15.438183   -1.003951
-14.161233   -0.224133
-19.331920   -0.981362
-19.607959   -1.290938
-19.558080   -1.233587
-16.486452   0.000000
-10.319035   -1.424134
-9.512100   -2.224154
-8.548847   -1.311323
-8.220223   -1.361098
-6.246868   -1.091815
-6.106670   -1.141591
-6.029577   -1.204626
-5.745687   -1.393878
-5.132164   -1.066290
-5.020475   -0.228759
-15.297465   -1.136965
-17.123307   -1.087189
-7.183830   -0.004626
-13.184580   -0.224133
-19.531844   -1.061664
-19.541540   -1.389252
-19.617875   -1.200000
-15.863572   0.000000
-10.746063   -1.119971
-9.206992   -1.035165
-7.743963   -1.030560
-6.781108   -0.057823
-6.149978   -1.270500
-6.016091   -1.322738
-6.006269   -1.008577
-5.292937   -1.097988
-4.486135   -0.035840
-4.211638   -0.031235
-13.360875   -0.026609
-17.146496   -0.031214
-7.215620   -0.004626
-14.940145   -1.003951
-19.972814   -1.093362
-20.008631   -1.318112
-20.159116   -1.265874
-16.687228   0.000000
-8.494649   -2.223558
-8.393759   -2.266788
-8.338527   -2.159133
-7.949796   -1.377138
-5.806247   -1.210813
-5.707918   -1.118403
-5.482103   -1.368276
-5.019582   -1.103158
-4.700614   -1.167583
-2.929701   -0.321163
-13.473027   -1.179599
-6.372905   -0.031214
-11.747625   -1.087189
-16.161538   -1.337062
-16.907096   -1.071944
-15.942929   -0.289949
-16.956660   -1.136369
-14.798501   0.000000
-9.564922   -2.073625
-9.512545   -2.498178
-9.154021   -2.239890
-8.545161   -2.316564
-7.401037   -1.206208
-7.158587   -1.258626
-7.044969   -1.163574
-6.718231   -1.387821
-6.684222   -0.963269
-6.433607   -1.129533
-15.168026   -1.179599
-8.336936   -0.026609
-11.878495   -1.136965
-16.033250   -1.232017
-17.260544   -1.102925
-17.451306   -1.361213
-17.307064   -0.936660
-14.529722   0.000000
-13.806855   -1.306752
-13.679714   -1.151266
-13.351748   -1.066213
-13.024077   -1.231736
-12.633811   -1.494949
-12.612175   -1.218989
-12.588755   -1.294005
-12.076234   -1.138519
-11.673272   -1.053466
-11.201780   -0.145117
-20.304457   -1.428764
-19.642402   -1.227820
-20.013850   -1.072335
-20.190678   -0.987281
-20.386267   -1.152804
-16.724859   -0.078932
-15.161899   -0.066185
-17.709194   0.000000
-14.769395   -1.801731
-14.722233   -2.063252
-14.313336   -2.161132
-14.133039   -2.512123
-12.464248   -1.106147
-12.011535   -1.538346
-11.982180   -1.384325
-11.905696   -0.827954
-11.321336   -1.187354
-11.139463   -1.089474
-19.192166   -1.318141
-18.488904   -0.761769
-19.120660   -1.023290
-19.479779   -1.121169
-19.490499   -1.472161
-18.405875   -1.039962
-14.886156   -0.066185
-16.051815   0.000000
-13.766250   -2.182612
-13.656850   -1.763613
-13.116245   -2.290118
-12.665236   -1.972419
-11.142475   -1.142908
-11.020133   -1.329088
-10.992077   -1.118894
-10.802963   -0.802582
-10.778340   -0.914178
-10.112937   -1.011388
-17.986928   -0.723650
-18.095049   -1.063977
-17.457399   -0.932456
-18.610160   -0.835246
-18.482924   -1.250156
-17.079411   -1.039962
-13.351057   -0.078932
-15.209671   0.000000
-13.964894   -2.531681
-13.587961   -2.683866
-13.416544   -2.364509
-13.145935   -1.394106
-12.962856   -2.461861
-12.444542   -1.287493
-12.316329   -1.324286
-12.025705   -1.265385
-11.873191   -1.584742
-11.584985   -1.362737
-18.999387   -1.174912
-16.443501   -1.281526
-16.162777   -1.211705
-14.569170   -0.112581
-19.690267   -1.250156
-19.921628   -1.472161
-19.827340   -1.152804
-16.622326   0.000000
-10.822266   -1.133248
-10.570670   -2.021417
-10.523682   -1.466667
-10.224021   -1.887529
-10.047939   -1.735494
-9.531350   -1.012829
-9.176067   -1.354169
-9.161838   -1.220281
-8.780951   -1.068246
-8.054266   -0.345581
-17.927522   -1.233667
-12.147551   -0.900248
-11.160355   -0.233000
-14.641851   -0.112581
-19.392030   -0.835246
-19.573318   -1.121169
-19.306284   -0.987281
-16.253692   0.000000
-7.496340   -1.256290
-7.129264   -1.305335
-5.859323   -1.165456
-4.559863   -0.239213
-3.950413   -1.213662
-3.637374   -1.074292
-3.602592   -0.234957
-3.584068   -1.025247
-2.738590   -0.934414
-1.316829   -0.008171
-13.314065   -0.006213
-4.134546   -0.001957
-9.620539   -0.233000
-14.662119   -1.211705
-17.230993   -0.932456
-17.510540   -1.023290
-17.236310   -1.072335
-14.579200   0.000000
-3.654253   -2.128068
-3.618504   -1.662017
-3.367931   -1.964224
-3.272414   -2.008052
-0.713331   -1.109762
-0.663278   -0.902205
-0.661756   -1.283483
-0.566501   -1.065934
-0.524099   -1.229778
-0.415587   -0.763726
-11.018337   -1.107804
-0.746324   -0.001957
-5.281343   -0.900248
-9.818346   -1.281526
-13.229131   -1.063977
-12.817618   -0.761769
-12.912727   -1.227820
-12.028954   0.000000
-4.839737   -2.341472
-4.763799   -2.425945
-4.693687   -2.536568
-4.263265   -1.831455
-2.305558   -1.114018
-2.126375   -1.239881
-2.061171   -1.181126
-2.013497   -1.324354
-1.992111   -0.729864
-1.963897   -1.434977
-5.416335   -1.107804
-2.394481   -0.006213
-9.509361   -1.233667
-11.913919   -1.174912
-12.021118   -0.723650
-12.452197   -1.318141
-12.412880   -1.428764
-11.439162   0.000000
-13.318631   -1.105900
-13.310637   -1.258911
-13.124126   -1.261408
-13.059454   -1.465401
-11.887852   -1.131644
-11.882844   -1.460125
-11.765608   -1.256132
-11.595627   -1.100624
-11.308078   -1.253635
-10.398876   -0.171381
-19.159409   -1.017572
-19.038444   -1.048591
-19.267961   -1.170582
-19.657895   -1.377073
-19.555190   -1.173079
-16.021216   -0.088329
-14.842116   -0.083053
-15.951372   0.000000
-13.891251   -1.848098
-13.882895   -1.619425
-13.338297   -2.116440
-13.057416   -2.247584
-12.152279   -1.069582
-11.741523   -1.298990
-11.698773   -1.212964
-11.449615   -0.715949
-11.302398   -1.344108
-10.890933   -0.944622
-18.265855   -1.215938
-17.502575   -0.632896
-18.341044   -0.861569
-18.717385   -1.129911
-18.707421   -1.261055
-16.997646   -0.986529
-14.335380   -0.083053
-15.031078   0.000000
-13.722560   -2.328903
-13.714666   -2.076531
-13.662080   -1.938794
-13.202717   -1.761694
-10.903299   -1.200843
-10.634686   -1.074857
-10.597503   -1.040594
-10.459019   -1.178331
-10.411294   -1.430703
-10.071416   -0.863493
-18.177660   -1.090002
-18.031315   -1.112514
-17.663090   -0.775165
-18.689809   -1.342374
-18.889323   -0.952265
-17.015132   -0.986529
-12.923081   -0.088329
-16.047824   0.000000
-13.437450   -2.248593
-13.027775   -1.202615
-12.854784   -1.821597
-12.762517   -2.130387
-12.715196   -1.815278
-12.661765   -1.084409
-12.639732   -2.042411
-11.898317   -1.388156
-11.847695   -1.476132
-11.313317   -1.167342
-18.579829   -1.600201
-16.638850   -0.987538
-16.326647   -0.869332
-14.855853   -0.215077
-19.384953   -0.952265
-19.171687   -1.261055
-19.446126   -1.173079
-15.745890   0.000000
-10.209317   -1.352768
-10.032067   -2.456229
-10.023463   -2.209067
-10.011072   -1.226731
-9.521462   -2.421531
-9.079569   -1.294233
-8.820603   -1.403523
-8.671479   -1.650685
-8.136888   -0.488689
-8.020989   -1.615986
-17.886253   -0.953119
-11.591118   -1.079156
-10.752603   -0.273612
-15.116269   -0.215077
-19.976294   -1.342374
-19.655724   -1.129911
-19.718229   -1.377073
-16.756045   0.000000
-7.568346   -1.135181
-7.064361   -1.444194
-5.946395   -1.048777
-4.912722   -0.279572
-4.412690   -0.871254
-4.357935   -0.275534
-4.007074   -0.863491
-3.972103   -1.172504
-3.404195   -0.777087
-1.095024   -0.007882
-13.733422   -0.005960
-4.904674   -0.001922
-9.563867   -0.273612
-14.952817   -0.869332
-17.704240   -0.775165
-17.643948   -0.861569
-17.750274   -1.170582
-15.103486   0.000000
-4.221742   -2.127747
-4.216647   -1.712053
-3.895644   -2.173001
-3.629498   -2.191670
-0.782328   -1.095767
-0.757214   -1.081078
-0.729433   -0.989460
-0.582435   -1.114436
-0.571967   -1.050513
-0.399540   -0.634819
-11.614499   -1.093845
-0.856801   -0.001922
-5.692887   -1.079156
-10.627539   -0.987538
-12.903483   -1.112514
-12.843659   -0.632896
-12.828386   -1.048591
-11.851483   0.000000
-6.216041   -2.046964
-5.674166   -2.309783
-5.632658   -2.111417
-5.294138   -2.183847
-2.550002   -1.099805
-2.381407   -0.959079
-2.336005   -1.606161
-2.234984   -1.095962
-2.087684   -1.023531
-2.060234   -1.221897
-7.013640   -1.093845
-2.680120   -0.005960
-10.238075   -0.953119
-13.280282   -1.600201
-13.319460   -1.090002
-13.487685   -1.215938
-13.511229   -1.017572
-12.553267   0.000000
-14.233989   -1.927713
-14.185139   -1.819273
-13.757934   -1.798137
-13.353391   -2.189461
-9.761086   -1.067048
-9.537301   -0.998649
-9.445456   -1.045911
-9.417540   -1.175488
-9.259170   -0.784164
-9.154373   -1.190800
-19.468356   -1.051079
-18.372396   -0.982680
-18.726989   -1.029942
-20.074579   -1.159518
-20.370340   -1.174831
-11.710888   -0.015969
-18.055725   -0.768195
-17.486289   0.000000
-14.213925   -1.877928
-14.141079   -2.043266
-13.904116   -1.951354
-13.725561   -2.063672
-11.211681   -1.165342
-10.862404   -1.351086
-10.795729   -1.330680
-10.659648   -1.229624
-10.635509   -0.823803
-7.839754   -1.238767
-19.536995   -1.275072
-13.620792   -0.055608
-19.442789   -1.183160
-19.397490   -1.109734
-19.700188   -1.295478
-18.407914   -1.174016
-17.360527   -0.768195
-16.072208   0.000000
-13.193153   -2.285748
-12.667445   -1.281618
-12.249051   -1.412865
-10.093320   -1.683806
-9.545715   -1.205329
-9.522185   -1.058738
-9.279496   -1.189985
-9.216378   -1.460926
-8.940664   -1.127702
-8.079912   -0.254819
-18.438585   -1.111733
-18.827339   -1.189359
-16.818319   -0.238849
-19.911206   -1.444957
-19.855347   -1.042769
-18.613854   -1.174016
-11.614677   -0.015969
-16.941731   0.000000
-14.635588   -2.302375
-14.371050   -2.399115
-13.892075   -1.465802
-13.852001   -2.278468
-13.556600   -2.146405
-13.353097   -1.318783
-13.306099   -1.342690
-13.106269   -1.389977
-12.907015   -1.510624
-12.689159   -1.257915
-19.007155   -1.127544
-18.008023   -1.250655
-16.916324   -1.103637
-15.262330   -0.215146
-19.602559   -1.042769
-19.887561   -1.295478
-19.707551   -1.174831
-16.131565   0.000000
-10.461159   -1.332990
-9.751950   -1.422717
-9.453230   -1.235153
-9.191077   -1.374665
-9.178749   -1.660103
-9.098203   -1.324880
-8.191180   -1.284937
-8.186334   -1.482702
-7.617352   -0.340565
-6.372200   -1.570375
-15.948884   -1.267556
-15.571112   -1.207571
-11.818723   -0.125419
-11.199889   -0.215146
-18.073611   -1.444957
-18.281661   -1.109734
-18.289835   -1.159518
-15.054769   0.000000
-9.254809   -0.348790
-9.204121   -1.308578
-9.179480   -0.287638
-7.560307   -1.152426
-7.506485   -1.342486
-7.462385   -0.235360
-6.609759   -1.155361
-6.454102   -0.174208
-5.642451   -0.158729
-3.956306   -0.364268
-12.575432   -0.048789
-13.549831   -0.109941
-11.547572   -0.125419
-14.385430   -1.103637
-14.835541   -0.238849
-18.059343   -1.183160
-16.632736   -1.029942
-14.991840   0.000000
-5.995376   -2.190251
-5.849937   -1.294744
-5.603536   -1.360596
-5.582426   -2.396930
-5.510549   -1.317511
-5.003007   -1.299300
-4.849370   -1.306263
-4.415970   -1.092621
-4.298110   -1.263179
-1.015631   -0.165549
-10.583119   -1.184803
-6.565807   -0.109941
-9.297292   -1.207571
-9.545833   -1.250655
-10.688364   -1.189359
-9.228999   -0.055608
-10.756531   -0.982680
-9.338402   0.000000
-12.987600   -2.178622
-11.838010   -2.318634
-11.694940   -2.239277
-10.892193   -2.379289
-10.572389   -1.233592
-10.127854   -1.316345
-9.727199   -1.176333
-9.722428   -1.160522
-9.315948   -1.099867
-9.263522   -1.323860
-17.412019   -1.184803
-11.556241   -0.048789
-16.567044   -1.267556
-17.992278   -1.127544
-17.476971   -1.111733
-18.820307   -1.275072
-17.893010   -1.051079
-15.346447   0.000000
-13.752507   -2.441593
-13.712719   -2.220000
-13.306546   -2.251938
-13.145548   -2.514396
-8.762947   -1.277632
-8.701157   -1.032428
-8.629493   -1.309570
-8.561985   -1.226689
-8.258360   -1.153887
-8.176735   -0.964231
-18.589088   -1.266701
-17.855877   -1.021496
-17.862379   -1.298638
-19.588271   -1.215758
-19.604961   -1.142955
-10.451001   -0.010931
-17.574016   -0.953300
-16.676143   0.000000
-13.979616   -1.909976
-13.923580   -2.228562
-13.799866   -2.190132
-13.332087   -1.882364
-10.143037   -0.933933
-10.125767   -0.996598
-10.075284   -1.280130
-10.042355   -1.035028
-10.022383   -1.116882
-6.882489   -0.999974
-18.962231   -1.073583
-12.438990   -0.043298
-18.706940   -0.956676
-19.216557   -1.236832
-19.355551   -0.890635
-17.911281   -0.991730
-17.252424   -0.953300
-15.709368   0.000000
-13.657422   -2.064993
-12.886490   -1.364823
-12.563974   -1.474216
-10.522636   -1.616080
-8.771433   -1.138072
-8.590531   -1.253918
-8.488478   -1.112054
-8.448509   -1.002661
-8.353073   -1.084195
-7.760762   -0.384025
-18.229950   -1.073264
-18.337217   -1.127141
-16.963829   -0.373093
-19.776421   -1.242987
-19.764539   -1.101123
-18.245858   -0.991730
-10.393334   -0.010931
-16.908794   0.000000
-14.776150   -1.883071
-13.798537   -2.045516
-13.562549   -2.297837
-13.095893   -1.398744
-12.970846   -1.373899
-12.951026   -2.256004
-12.683586   -0.996898
-12.101652   -1.386818
-12.095362   -1.344986
-11.652885   -1.134498
-19.198960   -0.753035
-17.845984   -1.130036
-17.026378   -1.154881
-14.331763   -0.243863
-20.020537   -1.101123
-19.951723   -0.890635
-20.265625   -1.142955
-16.804818   0.000000
-10.171806   -1.032392
-9.423818   -1.499199
-9.358328   -1.330497
-8.937283   -1.480695
-8.811650   -1.486850
-8.580570   -1.459621
-8.041550   -1.182590
-7.839354   -1.309423
-7.350950   -0.337528
-5.916736   -1.336651
-15.750778   -0.938727
-15.447951   -1.255336
-11.559612   -0.093665
-10.844321   -0.243863
-18.068523   -1.242987
-18.152714   -1.236832
-18.134617   -1.215758
-15.165697   0.000000
-8.845379   -0.407681
-8.563646   -2.453520
-8.376304   -1.050341
-8.043786   -0.142878
-7.221846   -1.527975
-7.177567   -1.189469
-6.296820   -0.128253
-5.707018   -1.392303
-5.390318   -0.083801
-3.451231   -0.466758
-12.017912   -0.034588
-13.318761   -0.049213
-10.850739   -0.093665
-13.873995   -1.154881
-14.588519   -0.373093
-17.616163   -0.956676
-15.727697   -1.298638
-15.579335   0.000000
-4.898117   -1.304549
-4.859328   -1.330334
-4.605381   -2.382476
-4.453702   -2.276832
-4.318633   -1.179249
-3.906287   -1.173335
-3.855041   -1.176353
-3.652940   -1.070709
-3.290892   -1.298634
-0.630555   -0.092511
-10.013174   -1.281121
-5.322922   -0.049213
-7.803383   -1.255336
-8.487887   -1.130036
-9.498339   -1.127141
-8.000610   -0.043298
-9.439974   -1.021496
-8.873707   0.000000
-11.532469   -2.019736
-11.118267   -1.826299
-10.830195   -2.205428
-10.037806   -2.011991
-9.186207   -1.315709
-8.598018   -0.973315
-8.162332   -1.107851
-8.117419   -1.301289
-8.116399   -0.787623
-8.073521   -1.108171
-16.884694   -1.281121
-9.844417   -0.034588
-15.305436   -0.938727
-16.746734   -0.753035
-16.613968   -1.073264
-17.593985   -1.073583
-16.831699   -1.266701
-15.497331   0.000000
-4.035430   -1.575903
-4.010831   -1.545457
-3.970492   -1.530863
-3.943709   -1.539091
-3.850282   -1.214351
-3.827231   -1.189579
-3.798233   -1.204173
-3.756576   -1.197807
-3.659881   -0.490916
-3.541626   -1.234619
-5.776064   -1.129358
-5.778060   -1.114763
-5.733471   -1.122992
-5.790216   -1.139536
-5.701005   -1.159803
-5.101755   -0.416100
-4.614412   -0.074816
-4.686042   0.000000
-4.240226   -2.291168
-4.217462   -2.581677
-4.034957   -2.307862
-3.929997   -1.372059
-3.463387   -1.207957
-3.450704   -1.249537
-3.411760   -1.232843
-3.379539   -1.523352
-3.337935   -1.060999
-3.098288   -0.313734
-5.809861   -1.448536
-5.464570   -0.238918
-5.827703   -1.174721
-5.854972   -0.986183
-5.905056   -1.158027
-5.258630   -1.133141
-4.132043   -0.074816
-4.971138   0.000000
-4.293346   -1.549241
-4.261152   -2.412845
-4.245274   -2.289661
-4.150268   -2.160978
-4.105240   -1.878470
-3.975108   -2.006324
-3.968297   -1.443936
-3.959436   -1.695804
-3.877524   -1.572620
-3.790101   -1.161429
-5.893060   -1.027837
-6.015686   -1.590224
-5.878613   -0.745329
-5.901127   -1.156520
-5.907573   -1.279704
-5.355394   -1.133141
-4.982411   -0.416100
-4.937414   0.000000
-4.153283   -2.680815
-3.962019   -1.545319
-3.883534   -2.444025
-3.791498   -2.445802
-3.789181   -2.565702
-3.754564   -1.330069
-3.747859   -1.654138
-3.533354   -1.417347
-3.531734   -1.419124
-3.496903   -1.539024
-5.279135   -1.394817
-5.719102   -1.070749
-4.763531   -1.285998
-4.345925   -0.259320
-5.795040   -1.279704
-5.844775   -1.158027
-5.754304   -1.159803
-4.767085   0.000000
-3.337831   -1.398856
-3.066552   -1.321298
-2.838743   -1.911680
-2.799487   -1.109023
-2.022536   -1.066533
-1.971344   -0.854258
-1.815719   -0.990739
-1.751033   -1.144091
-1.636547   -0.263876
-1.606688   -1.161076
-4.347292   -0.849702
-5.360609   -1.061977
-2.209739   -0.004555
-4.238824   -0.259320
-5.972620   -1.156520
-5.910602   -0.986183
-5.922119   -1.139536
-5.021434   0.000000
-3.205909   -1.139546
-3.015315   -1.304328
-2.453976   -1.302553
-1.940427   -1.290554
-1.912501   -1.179277
-1.812860   -1.127547
-1.747277   -0.034884
-1.608126   -0.749884
-1.330394   -0.021110
-1.301206   -0.022885
-3.799635   -0.016554
-5.155616   -0.018330
-2.267795   -0.004555
-4.725335   -1.285998
-6.032821   -0.745329
-6.103444   -1.174721
-5.997055   -1.122992
-5.052676   0.000000
-2.925664   -2.176740
-2.908454   -2.652201
-2.561081   -2.139544
-2.545123   -1.300896
-1.638889   -1.080307
-1.584624   -1.095897
-1.523403   -1.089079
-1.504744   -1.608554
-1.352983   -1.133093
-0.848525   -0.257248
-4.142702   -1.077567
-1.819559   -0.018330
-3.752399   -1.061977
-4.947163   -1.070749
-5.337729   -1.590224
-4.847780   -0.238918
-5.198327   -1.114763
-4.557042   0.000000
-2.921080   -2.298239
-2.781826   -1.877539
-2.695193   -1.979060
-2.530998   -1.927269
-1.979307   -1.094121
-1.957376   -0.866257
-1.904624   -1.411371
-1.898558   -1.044391
-1.810256   -1.465091
-1.703072   -1.145912
-4.613327   -1.077567
-2.285275   -0.016554
-3.598282   -0.849702
-4.711615   -1.394817
-5.277242   -1.027837
-5.254855   -1.448536
-5.165060   -1.129358
-4.352827   0.000000
-4.035430   -1.575903
-4.010831   -1.545457
-3.970492   -1.530863
-3.943709   -1.539091
-3.850282   -1.214351
-3.827231   -1.189579
-3.798233   -1.204173
-3.756576   -1.197807
-3.659881   -0.490916
-3.541626   -1.234619
-5.776064   -1.129358
-5.778060   -1.114763
-5.733471   -1.122992
-5.790216   -1.139536
-5.701005   -1.159803
-5.101755   -0.416100
-4.614412   -0.074816
-4.686042   0.000000
-4.240226   -2.291168
-4.217462   -2.581677
-4.034957   -2.307862
-3.929997   -1.372059
-3.463387   -1.207957
-3.450704   -1.249537
-3.411760   -1.232843
-3.379539   -1.523352
-3.337935   -1.060999
-3.098288   -0.313734
-5.809861   -1.448536
-5.464570   -0.238918
-5.827703   -1.174721
-5.854972   -0.986183
-5.905056   -1.158027
-5.258630   -1.133141
-4.132043   -0.074816
-4.971138   0.000000
-4.293346   -1.549241
-4.261152   -2.412845
-4.245274   -2.289661
-4.150268   -2.160978
-4.105240   -1.878470
-3.975108   -2.006324
-3.968297   -1.443936
-3.959436   -1.695804
-3.877524   -1.572620
-3.790101   -1.161429
-5.893060   -1.027837
-6.015686   -1.590224
-5.878613   -0.745329
-5.901127   -1.156520
-5.907573   -1.279704
-5.355394   -1.133141
-4.982411   -0.416100
-4.937414   0.000000
-4.153283   -2.680815
-3.962019   -1.545319
-3.883534   -2.444025
-3.791498   -2.445802
-3.789181   -2.565702
-3.754564   -1.330069
-3.747859   -1.654138
-3.533354   -1.417347
-3.531734   -1.419124
-3.496903   -1.539024
-5.279135   -1.394817
-5.719102   -1.070749
-4.763531   -1.285998
-4.345925   -0.259320
-5.795040   -1.279704
-5.844775   -1.158027
-5.754304   -1.159803
-4.767085   0.000000
-3.337831   -1.398856
-3.066552   -1.321298
-2.838743   -1.911680
-2.799487   -1.109023
-2.022536   -1.066533
-1.971344   -0.854258
-1.815719   -0.990739
-1.751033   -1.144091
-1.636547   -0.263876
-1.606688   -1.161076
-4.347292   -0.849702
-5.360609   -1.061977
-2.209739   -0.004555
-4.238824   -0.259320
-5.972620   -1.156520
-5.910602   -0.986183
-5.922119   -1.139536
-5.021434   0.000000
-3.205909   -1.139546
-3.015315   -1.304328
-2.453976   -1.302553
-1.940427   -1.290554
-1.912501   -1.179277
-1.812860   -1.127547
-1.747277   -0.034884
-1.608126   -0.749884
-1.330394   -0.021110
-1.301206   -0.022885
-3.799635   -0.016554
-5.155616   -0.018330
-2.267795   -0.004555
-4.725335   -1.285998
-6.032821   -0.745329
-6.103444   -1.174721
-5.997055   -1.122992
-5.052676   0.000000
-2.925664   -2.176740
-2.908454   -2.652201
-2.561081   -2.139544
-2.545123   -1.300896
-1.638889   -1.080307
-1.584624   -1.095897
-1.523403   -1.089079
-1.504744   -1.608554
-1.352983   -1.133093
-0.848525   -0.257248
-4.142702   -1.077567
-1.819559   -0.018330
-3.752399   -1.061977
-4.947163   -1.070749
-5.337729   -1.590224
-4.847780   -0.238918
-5.198327   -1.114763
-4.557042   0.000000
-2.921080   -2.298239
-2.781826   -1.877539
-2.695193   -1.979060
-2.530998   -1.927269
-1.979307   -1.094121
-1.957376   -0.866257
-1.904624   -1.411371
-1.898558   -1.044391
-1.810256   -1.465091
-1.703072   -1.145912
-4.613327   -1.077567
-2.285275   -0.016554
-3.598282   -0.849702
-4.711615   -1.394817
-5.277242   -1.027837
-5.254855   -1.448536
-5.165060   -1.129358
-4.352827   0.000000
-4.101708   -1.733921
-3.990677   -1.520127
-3.970118   -1.319887
-3.867345   -1.078705
-3.760167   -1.504717
-3.673423   -1.290923
-3.650216   -1.090682
-3.612824   -1.085483
-3.509249   -0.849500
-3.458945   -0.307232
-5.908969   -0.810487
-6.081550   -1.251909
-6.065674   -1.465703
-6.064946   -1.051669
-6.000830   -1.046469
-4.955680   -0.268218
-4.358671   -0.039013
-4.982940   0.000000
-3.711105   -1.944560
-3.661572   -2.465396
-3.658866   -2.360230
-3.577353   -1.283087
-2.871110   -1.477681
-2.836836   -1.062011
-2.836734   -1.582847
-2.808979   -0.960576
-2.715424   -1.047178
-2.609434   -0.400538
-5.377251   -1.008164
-5.316686   -0.361525
-5.419853   -1.022998
-5.481096   -1.543833
-5.508988   -1.438667
-4.619650   -0.921562
-3.426575   -0.039013
-4.571318   0.000000
-3.987582   -2.089421
-3.970581   -2.231016
-3.882510   -1.946605
-3.821201   -2.165844
-3.743859   -1.189781
-3.576142   -1.436077
-3.559457   -1.517162
-3.523596   -1.512499
-3.462606   -1.293261
-3.410423   -1.577672
-5.656029   -1.025043
-5.786759   -1.248944
-5.709880   -1.309454
-5.731458   -1.244281
-5.644267   -1.167859
-4.840954   -0.921562
-4.414305   -0.268218
-4.742970   0.000000
-3.946321   -2.051692
-3.887253   -2.590085
-3.757816   -1.317348
-3.662627   -2.197887
-3.650472   -2.319277
-3.531933   -1.066205
-3.498058   -1.604598
-3.490850   -1.523237
-3.382125   -1.212400
-3.112284   -1.333790
-5.476724   -0.900274
-5.820581   -1.357307
-4.607283   -1.151418
-4.151017   -0.165931
-5.933504   -1.167859
-5.927375   -1.438667
-5.904513   -1.046469
-4.847649   0.000000
-3.171383   -1.217600
-2.966043   -1.898230
-2.900044   -1.354420
-2.592821   -0.875671
-1.975452   -0.715304
-1.954772   -1.194053
-1.748480   -1.549397
-1.719690   -1.057232
-1.598355   -1.249845
-1.585716   -0.171494
-4.731276   -0.709741
-5.363629   -1.188490
-2.259251   -0.005563
-4.088174   -0.165931
-5.953704   -1.244281
-5.871274   -1.543833
-5.946753   -1.051669
-4.854059   0.000000
-3.602695   -2.460871
-3.105922   -1.195182
-2.578511   -1.221065
-2.466346   -0.113412
-1.954729   -1.156981
-1.802670   -1.471267
-1.761419   -1.028561
-1.664014   -1.315017
-1.478057   -0.075211
-1.386146   -0.049328
-4.323192   -0.069647
-5.265159   -0.043765
-2.332103   -0.005563
-4.694693   -1.151418
-6.095007   -1.309454
-6.031278   -1.022998
-6.110283   -1.465703
-5.069536   0.000000
-2.994015   -2.437434
-2.866580   -2.440399
-2.802415   -2.260682
-2.572475   -1.550015
-2.071359   -1.115957
-2.052468   -1.401071
-2.022013   -1.232255
-1.820810   -1.292709
-1.645253   -1.295674
-1.042733   -0.405290
-4.375881   -1.072192
-2.371654   -0.043765
-4.134369   -1.188490
-5.194622   -1.357307
-5.371780   -1.248944
-4.961080   -0.361525
-5.147524   -1.251909
-4.632199   0.000000
-3.057184   -1.717905
-2.991715   -1.520227
-2.925163   -1.734783
-2.742601   -1.781933
-2.553254   -0.779388
-2.495408   -1.141839
-2.435660   -0.969922
-2.353284   -1.077812
-2.320942   -0.880134
-2.291014   -1.094690
-4.766425   -1.072192
-2.915597   -0.069647
-3.905035   -0.709741
-4.905488   -0.900274
-5.225760   -1.025043
-5.203579   -1.008164
-5.189707   -0.810487
-4.280885   0.000000
