-1.776917   -3.513094
-1.768756   -2.762735
-1.760032   -2.030192
-1.698489   -3.079837
-1.625996   -3.418189
-1.604369   -2.984932
-1.573001   -1.935287
-1.572758   -1.754940
-1.523789   -0.115051
-1.500623   -2.667829
-2.737635   -2.657756
-2.731735   -1.744866
-2.755680   -2.974859
-2.754351   -3.408116
-2.757825   -1.925214
-2.191563   -0.104978
-1.939678   -0.010073
-2.640524   0.000000
-1.854022   -4.082466
-1.814505   -0.893329
-1.787670   -3.570840
-1.778519   -1.651128
-1.296251   -3.338713
-1.289131   -3.441409
-1.279916   -2.205693
-1.260688   -1.521697
-1.223912   -0.149576
-1.185495   -0.763899
-2.543587   -3.431336
-2.397135   -0.139503
-2.581253   -3.328640
-2.442768   -1.511624
-2.525987   -2.195620
-2.321929   -0.753826
-1.655965   -0.010073
-2.351504   0.000000
-2.125212   -5.520002
-2.120658   -3.210461
-2.113095   -3.752264
-2.015752   -4.163349
-1.790817   -2.561614
-1.733983   -2.215456
-1.731926   -3.103416
-1.730865   -2.542980
-1.680281   -3.514502
-1.653612   -0.858804
-2.780540   -2.438002
-2.688428   -2.998438
-2.661044   -3.409524
-2.738296   -2.456636
-2.724506   -2.110478
-2.627200   -0.753826
-2.137567   -0.104978
-2.683757   0.000000
-1.704188   -4.180221
-1.685586   -3.556871
-1.674240   -3.471730
-1.653132   -3.286466
-1.644183   -1.861300
-1.607432   -2.610527
-1.592300   -3.107651
-1.548553   -2.072666
-1.535361   -2.695668
-1.485335   -2.425263
-2.529705   -1.572618
-2.543837   -2.607603
-2.069934   -1.361251
-1.889835   -0.500048
-2.650776   -2.110478
-2.676043   -2.195620
-2.618755   -1.925214
-2.489924   0.000000
-1.434484   -2.956684
-1.315571   -2.915372
-1.173776   -2.896915
-1.092729   -4.812190
-0.682281   -2.415783
-0.677398   -3.408575
-0.658904   -2.397327
-0.618377   -1.512084
-0.557657   -2.457095
-0.542339   -0.500508
-2.072440   -2.396867
-2.419451   -2.415323
-0.799397   -0.000460
-1.913254   -0.500048
-2.556691   -2.456636
-2.552592   -1.511624
-2.648359   -3.408116
-2.472853   0.000000
-1.730376   -4.770775
-1.378391   -1.379330
-1.287531   -1.425154
-0.895984   -0.081982
-0.684600   -2.975318
-0.640778   -3.329099
-0.634020   -1.361711
-0.605778   -3.409983
-0.543978   -0.064363
-0.420332   -0.018538
-2.130093   -0.063903
-2.519301   -0.018079
-0.816426   -0.000460
-2.237901   -1.361251
-2.782740   -3.409524
-2.789861   -3.328640
-2.785207   -2.974859
-2.609805   0.000000
-1.155834   -4.160190
-1.121162   -5.413762
-1.029611   -4.770673
-0.891847   -2.554827
-0.681232   -2.433402
-0.620144   -2.625682
-0.600338   -2.373428
-0.578856   -3.016517
-0.508853   -1.762945
-0.263282   -0.157582
-2.127833   -2.355349
-0.741378   -0.018079
-1.549572   -2.415323
-2.352803   -2.607603
-2.668550   -2.998438
-2.393990   -0.139503
-2.584512   -1.744866
-2.585213   0.000000
-1.304256   -3.969485
-1.260738   -5.828203
-1.217157   -5.054623
-1.112951   -4.752216
-1.019285   -2.419252
-0.992496   -2.460770
-0.985853   -2.501905
-0.964632   -3.495239
-0.952044   -1.636521
-0.931724   -2.721659
-2.189539   -2.355349
-1.145158   -0.063903
-1.534916   -2.396867
-2.255774   -1.572618
-2.427039   -2.438002
-2.436851   -3.431336
-2.448498   -2.657756
-2.214788   0.000000
-1.817761   -3.520225
-1.796231   -3.196347
-1.786417   -3.812531
-1.780091   -3.024768
-1.775280   -2.654101
-1.764551   -2.700891
-1.749813   -2.330224
-1.697855   -0.418517
-1.682773   -4.136408
-1.681561   -3.665504
-2.706331   -2.653571
-2.809826   -3.149027
-2.775474   -3.618184
-2.708380   -2.282904
-2.799838   -3.765211
-2.204593   -0.371197
-2.121821   -0.047320
-2.572210   0.000000
-1.743371   -5.870475
-1.578840   -5.710482
-1.534743   -6.340428
-1.475064   -4.929309
-1.250910   -2.400089
-1.245189   -3.565025
-1.235811   -2.870043
-1.196967   -1.458924
-1.113082   -0.403708
-1.088572   -2.240097
-2.601558   -1.411604
-2.610839   -0.356389
-2.625623   -2.822723
-2.573934   -2.192777
-2.638972   -2.352770
-2.190726   -3.517705
-1.452698   -0.047320
-2.462733   0.000000
-1.778642   -5.934425
-1.772292   -6.528241
-1.688727   -3.888902
-1.660549   -6.171553
-1.580712   -4.697139
-1.519200   -3.311050
-1.490848   -2.787917
-1.479435   -3.025045
-1.374429   -1.550631
-1.371830   -3.381733
-2.686615   -2.653848
-2.808445   -2.939853
-2.734613   -1.179434
-2.772130   -2.416720
-2.828272   -3.010536
-2.322276   -3.517705
-1.921033   -0.371197
-2.713372   0.000000
-1.767542   -4.072322
-1.663937   -4.357106
-1.654385   -5.769547
-1.641937   -5.014872
-1.496750   -2.078146
-1.469672   -3.435042
-1.444297   -3.084346
-1.409062   -2.426580
-1.346708   -2.141796
-1.345005   -3.839021
-2.340560   -2.067986
-2.643868   -3.361232
-1.998320   -2.004336
-1.682110   -0.073810
-2.633178   -3.010536
-2.662898   -2.352770
-2.680946   -3.765211
-2.502116   0.000000
-1.149948   -2.266587
-1.000194   -5.185179
-0.894718   -2.820920
-0.701376   -2.750512
-0.688120   -2.441471
-0.653734   -2.286306
-0.638270   -2.511879
-0.636126   -2.196179
-0.626929   -2.420122
-0.460279   -0.077212
-1.638577   -2.438069
-2.356519   -2.747110
-0.771098   -0.003402
-1.632938   -0.073810
-2.589972   -2.416720
-2.537753   -2.192777
-2.622000   -2.282904
-2.515787   0.000000
-1.124296   -2.830451
-1.057978   -2.024723
-0.779894   -2.012064
-0.691802   -0.028115
-0.675206   -2.007738
-0.669340   -2.826125
-0.657698   -3.621586
-0.606223   -1.182836
-0.520167   -0.023789
-0.490624   -0.011130
-1.439034   -0.007728
-2.380410   -0.020387
-0.817525   -0.003402
-2.092454   -2.004336
-2.676123   -1.179434
-2.682177   -2.822723
-2.812357   -3.618184
-2.701848   0.000000
-0.973683   -5.896138
-0.918282   -2.610902
-0.881129   -3.103499
-0.878095   -5.001624
-0.556150   -2.274901
-0.549788   -2.767498
-0.524765   -3.381620
-0.524740   -2.960240
-0.472914   -3.169415
-0.265818   -0.376776
-1.547754   -2.254513
-0.623173   -0.020387
-1.415917   -2.747110
-2.414565   -3.361232
-2.432979   -2.939853
-2.297558   -0.356389
-2.516730   -3.149027
-2.418184   0.000000
-0.900190   -3.849673
-0.899071   -5.091917
-0.856168   -4.506054
-0.688089   -4.692582
-0.523280   -2.262241
-0.496439   -2.445796
-0.489415   -2.661299
-0.483251   -2.661575
-0.482737   -2.075713
-0.451982   -1.419332
-1.754058   -2.254513
-0.593940   -0.007728
-1.079419   -2.438069
-2.312579   -2.067986
-2.441931   -2.653848
-2.485128   -1.411604
-2.541491   -2.653571
-2.458952   0.000000
-1.962942   -3.801767
-1.940868   -2.897334
-1.797943   -1.629939
-1.782223   -3.342756
-1.480802   -3.225967
-1.429176   -3.684978
-1.372886   -3.932013
-1.372334   -2.780545
-1.338101   -1.513150
-1.318194   -0.131131
-2.825681   -2.773374
-2.856047   -3.924841
-2.843484   -3.677807
-2.928681   -3.218796
-2.912673   -1.505979
-2.367167   -0.123960
-1.675245   -0.007171
-2.712910   0.000000
-1.850470   -5.651121
-1.735083   -5.854600
-1.729944   -5.243045
-1.587695   -4.181406
-1.311164   -3.824467
-1.269274   -3.620989
-1.268116   -3.002227
-1.242153   -2.044475
-1.195501   -2.151274
-1.151225   -3.212913
-2.731792   -3.205741
-2.742561   -2.995056
-2.777136   -3.613818
-2.783165   -3.817296
-2.720926   -2.144103
-2.260655   -2.037303
-1.474663   -0.007171
-2.539109   0.000000
-1.569822   -4.843810
-1.552283   -2.674038
-1.500303   -3.734348
-1.392847   -4.507806
-1.102429   -2.161263
-1.090348   -1.821004
-1.061169   -1.259504
-1.036517   -2.594463
-1.030378   -2.930467
-0.983351   -0.760695
-2.439918   -1.697044
-2.511477   -1.135544
-2.439489   -0.636735
-2.589301   -2.806507
-2.508985   -2.470503
-1.960869   -2.037303
-1.284034   -0.123960
-2.339445   0.000000
-1.673153   -3.522496
-1.611604   -3.636003
-1.609626   -4.460980
-1.603922   -2.776126
-1.591406   -3.962403
-1.586300   -4.787380
-1.507286   -2.997879
-1.505175   -3.102525
-1.490350   -3.822857
-1.420327   -2.138002
-2.577444   -2.890474
-1.998030   -1.491900
-2.014437   -2.316877
-1.940923   -0.632023
-2.728237   -2.470503
-2.801095   -2.144103
-2.730601   -1.505979
-2.654452   0.000000
-1.084762   -2.496279
-1.082270   -4.789252
-1.066798   -3.041692
-1.036717   -2.753942
-1.010639   -5.340715
-0.987154   -4.191656
-0.928773   -4.928426
-0.923903   -1.006382
-0.819436   -3.593155
-0.709178   -3.180866
-2.548135   -2.667333
-1.268970   -2.121919
-1.153947   -0.374359
-1.862454   -0.632023
-2.862454   -2.806507
-2.832114   -3.817296
-2.851760   -3.218796
-2.707895   0.000000
-0.798594   -2.691237
-0.724611   -4.052166
-0.489171   -3.678697
-0.474582   -2.317768
-0.469508   -1.011094
-0.461548   -0.375250
-0.447605   -3.614708
-0.422972   -0.377436
-0.396165   -0.637625
-0.101433   -0.003967
-2.237376   -0.003076
-0.547061   -0.000890
-0.998204   -0.374359
-1.801226   -2.316877
-2.575182   -0.636735
-2.666868   -3.613818
-2.715331   -3.677807
-2.553806   0.000000
-0.459198   -6.046761
-0.450682   -3.613819
-0.323691   -3.294303
-0.317715   -3.257463
-0.060110   -1.173274
-0.059035   -2.122810
-0.056200   -1.492791
-0.044578   -1.136435
-0.042783   -3.925732
-0.037701   -2.995947
-1.716522   -1.172384
-0.065328   -0.000890
-0.635579   -2.121919
-1.371207   -1.491900
-2.167880   -1.135544
-2.206410   -2.995056
-2.257962   -3.924841
-2.181161   0.000000
-0.884582   -4.062857
-0.823849   -4.378125
-0.755495   -2.869428
-0.719424   -4.364377
-0.234045   -1.175460
-0.226544   -2.670409
-0.210601   -2.893550
-0.206778   -3.208818
-0.195328   -1.700121
-0.174303   -2.776450
-1.028988   -1.172384
-0.262674   -0.003076
-1.473097   -2.667333
-2.067092   -2.890474
-2.186523   -1.697044
-2.194595   -3.205741
-2.280574   -2.773374
-2.167933   0.000000
-2.131288   -3.765177
-2.124040   -3.495479
-2.102635   -3.291124
-1.961181   -2.847629
-1.745608   -2.584941
-1.708100   -3.400095
-1.671536   -3.669793
-1.671223   -2.752245
-1.649089   -3.195741
-1.499863   -0.121332
-2.809508   -2.571966
-2.891244   -3.387121
-2.837976   -3.182767
-2.839238   -3.656819
-2.856533   -2.739271
-2.606313   -0.108357
-2.020786   -0.012974
-2.822043   0.000000
-2.050002   -4.229533
-1.928551   -4.317006
-1.921091   -2.970950
-1.833734   -3.441169
-1.651652   -2.182012
-1.592997   -0.923429
-1.590435   -2.073469
-1.587456   -2.269485
-1.575147   -2.719056
-1.558527   -1.393648
-2.786123   -2.256511
-2.683561   -0.910455
-2.799561   -1.380674
-2.835053   -2.706082
-2.823043   -2.169038
-2.559367   -2.060495
-1.940707   -0.012974
-2.746234   0.000000
-1.785092   -3.969745
-1.767865   -4.586366
-1.735929   -4.128210
-1.584333   -4.310579
-1.427927   -2.634228
-1.426142   -2.168852
-1.411315   -2.304377
-1.357592   -2.017607
-1.321409   -2.176072
-1.242396   -2.358442
-2.531247   -1.909250
-2.412433   -2.067715
-2.437633   -2.250084
-2.661333   -2.196019
-2.704181   -2.525871
-2.267169   -2.060495
-1.701367   -0.108357
-2.517385   0.000000
-1.935466   -5.026654
-1.896228   -2.699349
-1.893218   -5.447001
-1.874267   -6.017234
-1.872740   -2.064701
-1.828223   -3.476528
-1.819655   -5.803834
-1.797001   -2.367603
-1.675376   -2.937836
-1.581075   -2.724436
-2.802618   -1.866135
-2.364057   -2.500784
-2.356847   -3.277963
-2.100664   -0.198565
-2.835476   -2.525871
-2.901811   -2.169038
-2.812512   -2.739271
-2.833599   0.000000
-1.146517   -5.185562
-1.125783   -3.054351
-1.116835   -4.334926
-1.084185   -6.466137
-1.041718   -4.234825
-1.017078   -3.724762
-0.971008   -5.515400
-0.963816   -1.727308
-0.928430   -3.007883
-0.851986   -5.005337
-2.489260   -1.525608
-1.223219   -1.528743
-1.215702   -2.809318
-1.978134   -0.198565
-2.694675   -2.196019
-2.714615   -2.706082
-2.787112   -3.656819
-2.557640   0.000000
-0.888790   -5.992085
-0.807948   -6.087281
-0.576649   -5.059402
-0.477999   -2.817844
-0.374999   -3.278747
-0.373052   -2.810103
-0.362080   -1.381459
-0.359471   -3.183551
-0.321545   -2.250869
-0.097654   -0.009311
-2.348910   -0.008526
-0.413174   -0.000785
-1.069565   -2.809318
-2.129285   -3.277963
-2.383692   -2.250084
-2.687263   -1.380674
-2.717903   -3.182767
-2.638980   0.000000
-0.458182   -4.029527
-0.449559   -2.439198
-0.331021   -3.596458
-0.313929   -3.065233
-0.049603   -1.537275
-0.047631   -3.387906
-0.047284   -1.529528
-0.046528   -2.501568
-0.040367   -2.068499
-0.038355   -0.911240
-1.785706   -1.536490
-0.056330   -0.000785
-0.610852   -1.528743
-1.537028   -2.500784
-1.827357   -2.067715
-1.914648   -0.910455
-1.979026   -3.387121
-1.947769   0.000000
-0.704261   -3.062098
-0.668969   -3.434858
-0.665351   -4.108457
-0.628441   -3.445740
-0.221509   -1.545017
-0.219687   -2.580493
-0.218169   -1.534134
-0.209976   -1.917776
-0.207693   -2.265037
-0.193810   -1.874662
-0.805077   -1.536490
-0.250929   -0.008526
-1.258977   -1.525608
-1.643400   -1.866135
-1.558858   -1.909250
-1.800211   -2.256511
-1.730902   -2.571966
-1.749351   0.000000
-1.979650   -2.687514
-1.753680   -5.471514
-1.749650   -3.840523
-1.737370   -6.203485
-1.149562   -3.314284
-1.136960   -3.106508
-1.113844   -2.809270
-1.025487   -2.893245
-1.015618   -2.161274
-0.918138   -0.530283
-2.702101   -2.807248
-2.727238   -3.104486
-2.705226   -3.312262
-2.840452   -2.891223
-2.812020   -2.159252
-1.273073   -0.002022
-2.461849   -0.528262
-2.856246   0.000000
-1.837883   -1.845797
-1.761513   -3.017219
-1.751855   -2.446173
-1.658807   -3.271514
-1.420005   -1.391695
-1.357566   -2.926401
-1.316341   -1.500684
-1.275554   -2.101060
-1.252138   -0.711410
-0.993289   -2.672106
-2.588836   -1.208546
-1.637056   -0.183149
-2.558682   -2.488957
-2.666539   -2.743252
-2.661819   -1.917911
-2.436703   -1.317536
-2.273982   -0.528262
-2.572574   0.000000
-1.566014   -2.657369
-1.529483   -1.882936
-1.366195   -2.294875
-1.236686   -3.936044
-1.074706   -2.014138
-1.036493   -3.372665
-1.004553   -1.319558
-0.908080   -1.731496
-0.874799   -0.929916
-0.799267   -0.567422
-2.359478   -0.927895
-2.633237   -2.012116
-2.241899   -0.565400
-2.712885   -3.370644
-2.608096   -1.729474
-2.537144   -1.317536
-1.233933   -0.002022
-2.594257   0.000000
-1.984366   -4.077163
-1.957472   -5.030296
-1.831534   -3.924412
-1.696567   -2.584764
-1.613515   -3.494634
-1.596798   -3.351528
-1.569582   -2.209958
-1.448103   -1.815865
-1.397101   -1.968617
-1.340727   -1.780180
-2.691995   -3.300822
-2.639986   -2.534058
-2.513847   -1.765160
-1.933964   -0.050706
-2.662038   -1.729474
-2.675740   -1.917911
-2.616914   -2.159252
-2.649964   0.000000
-1.343396   -6.117026
-1.251545   -2.766365
-0.972801   -2.914336
-0.859794   -2.993598
-0.852065   -2.793958
-0.833482   -2.797089
-0.829182   -3.421349
-0.823517   -2.941929
-0.666938   -0.073818
-0.517866   -3.393756
-2.337693   -2.746383
-2.124426   -2.942892
-1.447814   -0.023113
-1.044228   -0.050706
-2.617512   -3.370644
-2.573971   -2.743252
-2.524603   -2.891223
-2.547963   0.000000
-0.938852   -0.063769
-0.912092   -5.077421
-0.855717   -1.788272
-0.825831   -0.567589
-0.700231   -1.767348
-0.626406   -3.335374
-0.572409   -2.330560
-0.443388   -0.025301
-0.340981   -0.042845
-0.257594   -0.588513
-1.535365   -0.002188
-1.693325   -0.040656
-1.154374   -0.023113
-1.535571   -1.765160
-1.661097   -0.565400
-2.149232   -2.488957
-1.955704   -3.312262
-2.109951   0.000000
-0.249922   -5.476950
-0.219939   -6.047378
-0.196370   -3.126041
-0.151478   -4.955009
-0.136314   -3.272634
-0.130989   -2.983549
-0.127773   -2.574714
-0.113466   -2.052773
-0.098606   -3.145142
-0.030564   -0.223805
-0.625665   -3.231977
-0.150970   -0.040656
-0.374128   -2.942892
-0.495859   -2.534058
-0.613970   -2.012116
-0.574487   -0.183149
-0.657024   -3.104486
-0.671409   0.000000
-0.833976   -2.136441
-0.738410   -5.553631
-0.634547   -4.228717
-0.451904   -3.674277
-0.316665   -2.748571
-0.309383   -3.234165
-0.277572   -3.303010
-0.270409   -0.930083
-0.259670   -2.809437
-0.248231   -1.210735
-1.447604   -3.231977
-0.338901   -0.002188
-1.175916   -2.746383
-1.346554   -3.300822
-1.184491   -0.927895
-1.374910   -1.208546
-1.337909   -2.807248
-1.482281   0.000000
-1.793309   -4.065211
-1.768270   -4.780270
-1.741194   -4.219383
-1.660516   -4.189935
-0.923415   -2.238131
-0.923249   -1.982996
-0.915756   -1.392661
-0.887916   -2.799018
-0.887883   -2.674294
-0.867446   -4.486020
-2.828781   -4.485148
-2.158228   -1.391789
-2.726762   -1.982124
-2.860131   -2.798146
-2.931164   -2.673422
-1.109594   -0.000872
-2.266337   -2.237259
-2.721796   0.000000
-1.745742   -5.183280
-1.692482   -6.623974
-1.655224   -5.177610
-1.645018   -6.863005
-1.351675   -2.079033
-1.284993   -2.318064
-1.245720   -3.026827
-1.163566   -2.769602
-1.054257   -4.706552
-0.632970   -3.021157
-2.847208   -2.946021
-1.583228   -0.080806
-2.876947   -2.940352
-2.711731   -4.625746
-2.916269   -2.688796
-2.298196   -1.998228
-2.119747   -2.237259
-2.745735   0.000000
-1.630560   -4.773887
-1.627891   -3.539500
-1.587966   -4.445014
-1.513163   -2.785067
-0.834763   -1.542145
-0.792040   -1.999100
-0.772915   -2.776531
-0.771937   -0.787712
-0.748878   -1.986024
-0.706628   -2.447659
-2.546886   -2.446787
-1.980383   -1.541273
-2.437652   -0.786840
-2.667323   -1.985152
-2.663042   -2.775659
-2.042959   -1.998228
-0.976915   -0.000872
-2.447373   0.000000
-1.968081   -4.373230
-1.903966   -4.962704
-1.869514   -2.543330
-1.864298   -4.978078
-1.774926   -3.675824
-1.757839   -5.064941
-1.710225   -2.337995
-1.624229   -2.927470
-1.603793   -3.029707
-1.468315   -2.942844
-2.628632   -2.083947
-2.619565   -3.421776
-2.391183   -2.289282
-2.104259   -0.254048
-2.883207   -2.775659
-2.734889   -2.688796
-2.703310   -2.673422
-2.742359   0.000000
-1.026041   -2.205831
-1.013508   -1.981080
-1.012125   -3.052194
-0.991651   -4.879794
-0.935111   -2.171177
-0.910565   -4.655043
-0.837575   -2.239199
-0.797629   -2.827442
-0.737014   -0.283344
-0.620523   -2.014448
-2.131384   -1.917130
-2.200065   -1.951784
-1.228487   -0.029296
-1.193820   -0.254048
-2.728737   -1.985152
-2.741383   -4.625746
-2.709617   -2.798146
-2.583790   0.000000
-0.971012   -2.401348
-0.835302   -2.318579
-0.802310   -2.304989
-0.767517   -2.969648
-0.685083   -3.076122
-0.662278   -0.045003
-0.659901   -0.141362
-0.590710   -2.011421
-0.573841   -0.127772
-0.348725   -0.816136
-1.654146   -0.015707
-1.662227   -0.112065
-1.094649   -0.029296
-1.475494   -2.289282
-2.159951   -0.786840
-2.548206   -2.940352
-2.378552   -1.982124
-2.562586   0.000000
-0.553374   -4.963049
-0.516202   -3.502582
-0.480080   -2.063849
-0.454876   -3.533842
-0.380743   -3.343573
-0.368007   -2.032590
-0.365842   -3.493057
-0.305791   -1.653338
-0.274615   -1.503855
-0.060319   -0.192871
-1.367136   -3.990671
-0.607780   -0.112065
-1.013921   -1.951784
-1.208080   -3.421776
-1.112743   -1.541273
-1.059824   -0.080806
-1.148377   -1.391789
-1.349177   0.000000
-1.355192   -6.569095
-1.337302   -6.402278
-1.293735   -4.530734
-1.200135   -4.363917
-0.953504   -4.006378
-0.948032   -1.932836
-0.881259   -4.500854
-0.877524   -2.961728
-0.870787   -2.462493
-0.847751   -2.099654
-2.233715   -3.990671
-1.051755   -0.015707
-1.756531   -1.917130
-1.839549   -2.083947
-2.311511   -2.446787
-2.422852   -2.946021
-2.333125   -4.485148
-2.352827   0.000000
-0.151261   -1.171031
-0.150567   -0.920912
-0.149824   -0.676731
-0.144585   -1.026612
-0.138414   -1.139396
-0.136573   -0.994977
-0.133903   -0.645096
-0.133882   -0.584980
-0.129714   -0.038350
-0.127741   -0.889276
-0.233043   -0.885919
-0.232541   -0.581622
-0.234579   -0.991620
-0.234466   -1.136039
-0.234762   -0.641738
-0.186558   -0.034993
-0.165116   -0.003358
-0.224776   0.000000
-0.157825   -1.360822
-0.154461   -0.297776
-0.152177   -1.190280
-0.151398   -0.550376
-0.110344   -1.112904
-0.109738   -1.147136
-0.108954   -0.735231
-0.107317   -0.507232
-0.104186   -0.049859
-0.100916   -0.254633
-0.216525   -1.143779
-0.204058   -0.046501
-0.219731   -1.109547
-0.207942   -0.503875
-0.215026   -0.731873
-0.197656   -0.251275
-0.140965   -0.003358
-0.200173   0.000000
-0.180910   -1.840001
-0.180522   -1.070154
-0.179879   -1.250755
-0.171592   -1.387783
-0.152444   -0.853871
-0.147606   -0.738485
-0.147431   -1.034472
-0.147341   -0.847660
-0.143035   -1.171501
-0.140765   -0.286268
-0.236695   -0.812667
-0.228854   -0.999479
-0.226523   -1.136508
-0.233099   -0.818879
-0.231925   -0.703493
-0.223642   -0.251275
-0.181962   -0.034993
-0.228457   0.000000
-0.145070   -1.393407
-0.143487   -1.185624
-0.142521   -1.157243
-0.140724   -1.095489
-0.139962   -0.620433
-0.136834   -0.870176
-0.135546   -1.035884
-0.131822   -0.690889
-0.130699   -0.898556
-0.126440   -0.808421
-0.215343   -0.524206
-0.216546   -0.869201
-0.176204   -0.453750
-0.160873   -0.166683
-0.225649   -0.703493
-0.227800   -0.731873
-0.222923   -0.641738
-0.211956   0.000000
-0.122111   -0.985561
-0.111989   -0.971791
-0.099918   -0.965638
-0.093019   -1.604063
-0.058080   -0.805261
-0.057664   -1.136192
-0.056090   -0.799109
-0.052640   -0.504028
-0.047471   -0.819032
-0.046167   -0.166836
-0.176418   -0.798956
-0.205957   -0.805108
-0.068049   -0.000153
-0.162867   -0.166683
-0.217640   -0.818879
-0.217291   -0.503875
-0.225443   -1.136039
-0.210503   0.000000
-0.147299   -1.590258
-0.117336   -0.459777
-0.109602   -0.475051
-0.076271   -0.027327
-0.058277   -0.991773
-0.054547   -1.109700
-0.053971   -0.453904
-0.051567   -1.136661
-0.046306   -0.021454
-0.035781   -0.006179
-0.181326   -0.021301
-0.214457   -0.006026
-0.069499   -0.000153
-0.190503   -0.453750
-0.236883   -1.136508
-0.237489   -1.109547
-0.237093   -0.991620
-0.222161   0.000000
-0.098391   -1.386730
-0.095440   -1.804587
-0.087646   -1.590224
-0.075919   -0.851609
-0.057990   -0.811134
-0.052790   -0.875227
-0.051104   -0.791143
-0.049276   -1.005506
-0.043316   -0.587648
-0.022412   -0.052527
-0.181133   -0.785116
-0.063110   -0.006026
-0.131908   -0.805108
-0.200284   -0.869201
-0.227162   -0.999479
-0.203790   -0.046501
-0.220008   -0.581622
-0.220068   0.000000
-0.111026   -1.323162
-0.107321   -1.942734
-0.103611   -1.684874
-0.094741   -1.584072
-0.086767   -0.806417
-0.084487   -0.820257
-0.083921   -0.833968
-0.082115   -1.165080
-0.081043   -0.545507
-0.079314   -0.907220
-0.186386   -0.785116
-0.097482   -0.021301
-0.130661   -0.798956
-0.192024   -0.524206
-0.206603   -0.812667
-0.207439   -1.143779
-0.208430   -0.885919
-0.188535   0.000000
-0.153083   -1.173408
-0.151270   -1.065449
-0.150443   -1.270844
-0.149911   -1.008256
-0.149506   -0.884700
-0.148602   -0.900297
-0.147361   -0.776741
-0.142985   -0.139506
-0.141715   -1.378803
-0.141613   -1.221835
-0.227914   -0.884524
-0.236630   -1.049676
-0.233737   -1.206061
-0.228087   -0.760968
-0.235789   -1.255070
-0.185660   -0.123732
-0.178690   -0.015773
-0.216619   0.000000
-0.146818   -1.956825
-0.132962   -1.903494
-0.129249   -2.113476
-0.124223   -1.643103
-0.105346   -0.800030
-0.104864   -1.188342
-0.104074   -0.956681
-0.100803   -0.486308
-0.093738   -0.134569
-0.091674   -0.746699
-0.219091   -0.470535
-0.219872   -0.118796
-0.221117   -0.940908
-0.216764   -0.730926
-0.222242   -0.784257
-0.184492   -1.172568
-0.122339   -0.015773
-0.207400   0.000000
-0.149789   -1.978142
-0.149254   -2.176080
-0.142216   -1.296301
-0.139843   -2.057184
-0.133120   -1.565713
-0.127940   -1.103683
-0.125552   -0.929306
-0.124591   -1.008348
-0.115748   -0.516877
-0.115529   -1.127244
-0.226254   -0.884616
-0.236514   -0.979951
-0.230296   -0.393145
-0.233455   -0.805573
-0.238183   -1.003512
-0.195571   -1.172568
-0.161780   -0.123732
-0.228507   0.000000
-0.148854   -1.357441
-0.140129   -1.452369
-0.139324   -1.923182
-0.138276   -1.671624
-0.126049   -0.692715
-0.123769   -1.145014
-0.121632   -1.028115
-0.118664   -0.808860
-0.113413   -0.713932
-0.113270   -1.279674
-0.197111   -0.689329
-0.222654   -1.120411
-0.168289   -0.668112
-0.141659   -0.024603
-0.221754   -1.003512
-0.224256   -0.784257
-0.225776   -1.255070
-0.210716   0.000000
-0.096843   -0.755529
-0.084232   -1.728393
-0.075349   -0.940307
-0.059066   -0.916837
-0.057950   -0.813824
-0.055054   -0.762102
-0.053752   -0.837293
-0.053571   -0.732060
-0.052797   -0.806707
-0.038762   -0.025737
-0.137993   -0.812690
-0.198455   -0.915703
-0.064938   -0.001134
-0.137518   -0.024603
-0.218115   -0.805573
-0.213717   -0.730926
-0.220812   -0.760968
-0.211867   0.000000
-0.094683   -0.943484
-0.089098   -0.674908
-0.065679   -0.670688
-0.058260   -0.009372
-0.056863   -0.669246
-0.056369   -0.942042
-0.055388   -1.207195
-0.051053   -0.394279
-0.043806   -0.007930
-0.041318   -0.003710
-0.121189   -0.002576
-0.200467   -0.006796
-0.068848   -0.001134
-0.176216   -0.668112
-0.225370   -0.393145
-0.225880   -0.940908
-0.236843   -1.206061
-0.227537   0.000000
-0.081999   -1.965379
-0.077333   -0.870301
-0.074204   -1.034500
-0.073949   -1.667208
-0.046836   -0.758300
-0.046300   -0.922499
-0.044193   -1.127207
-0.044191   -0.986747
-0.039827   -1.056472
-0.022386   -0.125592
-0.130344   -0.751504
-0.052481   -0.006796
-0.119242   -0.915703
-0.203343   -1.120411
-0.204894   -0.979951
-0.193489   -0.118796
-0.211947   -1.049676
-0.203648   0.000000
-0.075810   -1.283224
-0.075715   -1.697306
-0.072102   -1.502018
-0.057948   -1.564194
-0.044068   -0.754080
-0.041808   -0.815265
-0.041216   -0.887100
-0.040697   -0.887192
-0.040654   -0.691904
-0.038064   -0.473111
-0.147718   -0.751504
-0.050019   -0.002576
-0.090903   -0.812690
-0.194754   -0.689329
-0.205648   -0.884616
-0.209286   -0.470535
-0.214032   -0.884524
-0.207081   0.000000
-0.164149   -1.267256
-0.162304   -0.965778
-0.150352   -0.543313
-0.149037   -1.114252
-0.123831   -1.075322
-0.119514   -1.228326
-0.114807   -1.310671
-0.114760   -0.926848
-0.111898   -0.504383
-0.110233   -0.043710
-0.236295   -0.924458
-0.238835   -1.308280
-0.237784   -1.225936
-0.244909   -1.072932
-0.243570   -0.501993
-0.197952   -0.041320
-0.140091   -0.002390
-0.226865   0.000000
-0.154744   -1.883707
-0.145095   -1.951533
-0.144665   -1.747682
-0.132770   -1.393802
-0.109645   -1.274822
-0.106142   -1.206996
-0.106045   -1.000742
-0.103874   -0.681492
-0.099973   -0.717091
-0.096270   -1.070971
-0.228444   -1.068580
-0.229344   -0.998352
-0.232236   -1.204606
-0.232740   -1.272432
-0.227535   -0.714701
-0.189045   -0.679101
-0.123318   -0.002390
-0.212331   0.000000
-0.131275   -1.614603
-0.129808   -0.891346
-0.125462   -1.244783
-0.116476   -1.502602
-0.092190   -0.720421
-0.091179   -0.607001
-0.088739   -0.419835
-0.086678   -0.864821
-0.086165   -0.976822
-0.082232   -0.253565
-0.204036   -0.565681
-0.210020   -0.378515
-0.204000   -0.212245
-0.216528   -0.935502
-0.209812   -0.823501
-0.163976   -0.679101
-0.107376   -0.041320
-0.195634   0.000000
-0.139916   -1.174165
-0.134769   -1.212001
-0.134604   -1.486993
-0.134127   -0.925375
-0.133080   -1.320801
-0.132653   -1.595793
-0.126046   -0.999293
-0.125869   -1.034175
-0.124629   -1.274286
-0.118774   -0.712667
-0.215537   -0.963491
-0.167084   -0.497300
-0.168456   -0.772292
-0.162308   -0.210674
-0.228147   -0.823501
-0.234239   -0.714701
-0.228344   -0.501993
-0.221976   0.000000
-0.090712   -0.832093
-0.090504   -1.596417
-0.089210   -1.013897
-0.086695   -0.917981
-0.084514   -1.780238
-0.082550   -1.397219
-0.077668   -1.642809
-0.077261   -0.335461
-0.068525   -1.197718
-0.059304   -1.060289
-0.213086   -0.889111
-0.106117   -0.707306
-0.096498   -0.124786
-0.155746   -0.210674
-0.239370   -0.935502
-0.236833   -1.272432
-0.238476   -1.072932
-0.226446   0.000000
-0.066782   -0.897079
-0.060595   -1.350722
-0.040907   -1.226232
-0.039687   -0.772589
-0.039262   -0.337031
-0.038597   -0.125083
-0.037431   -1.204903
-0.035371   -0.125812
-0.033129   -0.212542
-0.008482   -0.001322
-0.187099   -0.001025
-0.045748   -0.000297
-0.083474   -0.124786
-0.150626   -0.772292
-0.215348   -0.212245
-0.223015   -1.204606
-0.227067   -1.225936
-0.213560   0.000000
-0.038400   -2.015587
-0.037688   -1.204606
-0.027068   -1.098101
-0.026569   -1.085821
-0.005027   -0.391091
-0.004937   -0.707603
-0.004700   -0.497597
-0.003728   -0.378812
-0.003578   -1.308577
-0.003153   -0.998649
-0.143543   -0.390795
-0.005463   -0.000297
-0.053150   -0.707306
-0.114666   -0.497300
-0.181287   -0.378515
-0.184509   -0.998352
-0.188820   -1.308280
-0.182398   0.000000
-0.073972   -1.354286
-0.068894   -1.459375
-0.063178   -0.956476
-0.060161   -1.454792
-0.019572   -0.391820
-0.018945   -0.890136
-0.017611   -0.964517
-0.017292   -1.069606
-0.016334   -0.566707
-0.014576   -0.925483
-0.086048   -0.390795
-0.021966   -0.001025
-0.123187   -0.889111
-0.172859   -0.963491
-0.182846   -0.565681
-0.183521   -1.068580
-0.190711   -0.924458
-0.181292   0.000000
-0.177607   -1.255059
-0.177003   -1.165160
-0.175220   -1.097041
-0.163432   -0.949210
-0.145467   -0.861647
-0.142342   -1.133365
-0.139295   -1.223264
-0.139269   -0.917415
-0.137424   -1.065247
-0.124989   -0.040444
-0.234126   -0.857322
-0.240937   -1.129040
-0.236498   -1.060922
-0.236603   -1.218940
-0.238044   -0.913090
-0.217193   -0.036119
-0.168399   -0.004325
-0.235170   0.000000
-0.170834   -1.409844
-0.160713   -1.439002
-0.160091   -0.990317
-0.152811   -1.147056
-0.137638   -0.727337
-0.132750   -0.307810
-0.132536   -0.691156
-0.132288   -0.756495
-0.131262   -0.906352
-0.129877   -0.464549
-0.232177   -0.752170
-0.223630   -0.303485
-0.233297   -0.460225
-0.236254   -0.902027
-0.235254   -0.723013
-0.213281   -0.686832
-0.161726   -0.004325
-0.228853   0.000000
-0.148758   -1.323248
-0.147322   -1.528789
-0.144661   -1.376070
-0.132028   -1.436860
-0.118994   -0.878076
-0.118845   -0.722951
-0.117610   -0.768126
-0.113133   -0.672536
-0.110117   -0.725357
-0.103533   -0.786147
-0.210937   -0.636417
-0.201036   -0.689238
-0.203136   -0.750028
-0.221778   -0.732006
-0.225348   -0.841957
-0.188931   -0.686832
-0.141781   -0.036119
-0.209782   0.000000
-0.161289   -1.675551
-0.158019   -0.899783
-0.157768   -1.815667
-0.156189   -2.005745
-0.156062   -0.688234
-0.152352   -1.158843
-0.151638   -1.934611
-0.149750   -0.789201
-0.139615   -0.979279
-0.131756   -0.908145
-0.233551   -0.622045
-0.197005   -0.833595
-0.196404   -1.092654
-0.175055   -0.066188
-0.236290   -0.841957
-0.241818   -0.723013
-0.234376   -0.913090
-0.236133   0.000000
-0.095543   -1.728521
-0.093815   -1.018117
-0.093070   -1.444975
-0.090349   -2.155379
-0.086810   -1.411608
-0.084756   -1.241587
-0.080917   -1.838467
-0.080318   -0.575769
-0.077369   -1.002628
-0.070999   -1.668446
-0.207438   -0.508536
-0.101935   -0.509581
-0.101308   -0.936439
-0.164844   -0.066188
-0.224556   -0.732006
-0.226218   -0.902027
-0.232259   -1.218940
-0.213137   0.000000
-0.074066   -1.997362
-0.067329   -2.029094
-0.048054   -1.686467
-0.039833   -0.939281
-0.031250   -1.092916
-0.031088   -0.936701
-0.030173   -0.460486
-0.029956   -1.061184
-0.026795   -0.750290
-0.008138   -0.003104
-0.195743   -0.002842
-0.034431   -0.000262
-0.089130   -0.936439
-0.177440   -1.092654
-0.198641   -0.750028
-0.223939   -0.460225
-0.226492   -1.060922
-0.219915   0.000000
-0.038182   -1.343176
-0.037463   -0.813066
-0.027585   -1.198819
-0.026161   -1.021744
-0.004134   -0.512425
-0.003969   -1.129302
-0.003940   -0.509843
-0.003877   -0.833856
-0.003364   -0.689500
-0.003196   -0.303747
-0.148809   -0.512163
-0.004694   -0.000262
-0.050904   -0.509581
-0.128086   -0.833595
-0.152280   -0.689238
-0.159554   -0.303485
-0.164919   -1.129040
-0.162314   0.000000
-0.058688   -1.020699
-0.055747   -1.144953
-0.055446   -1.369486
-0.052370   -1.148580
-0.018459   -0.515006
-0.018307   -0.860164
-0.018181   -0.511378
-0.017498   -0.639259
-0.017308   -0.755012
-0.016151   -0.624887
-0.067090   -0.512163
-0.020911   -0.002842
-0.104915   -0.508536
-0.136950   -0.622045
-0.129905   -0.636417
-0.150018   -0.752170
-0.144242   -0.857322
-0.145779   0.000000
-0.162726   -0.895838
-0.144152   -1.823838
-0.143820   -1.280174
-0.142811   -2.067828
-0.094493   -1.104761
-0.093458   -1.035503
-0.091557   -0.936423
-0.084295   -0.964415
-0.083483   -0.720425
-0.075470   -0.176761
-0.222111   -0.935749
-0.224178   -1.034829
-0.222368   -1.104087
-0.233484   -0.963741
-0.231147   -0.719751
-0.104646   -0.000674
-0.202363   -0.176087
-0.234782   0.000000
-0.151073   -0.615266
-0.144795   -1.005740
-0.144002   -0.815391
-0.136353   -1.090505
-0.116724   -0.463898
-0.111591   -0.975467
-0.108203   -0.500228
-0.104850   -0.700353
-0.102925   -0.237137
-0.081648   -0.890702
-0.212801   -0.402849
-0.134565   -0.061050
-0.210322   -0.829652
-0.219188   -0.914417
-0.218800   -0.639304
-0.200296   -0.439179
-0.186920   -0.176087
-0.211464   0.000000
-0.128726   -0.885790
-0.125723   -0.627645
-0.112301   -0.764958
-0.101655   -1.312015
-0.088340   -0.671379
-0.085199   -1.124222
-0.082574   -0.439853
-0.074644   -0.577165
-0.071908   -0.309972
-0.065699   -0.189141
-0.193948   -0.309298
-0.216451   -0.670705
-0.184283   -0.188467
-0.222998   -1.123548
-0.214384   -0.576491
-0.208552   -0.439179
-0.101429   -0.000674
-0.213247   0.000000
-0.163114   -1.359054
-0.160903   -1.676765
-0.150551   -1.308137
-0.139457   -0.861588
-0.132630   -1.164878
-0.131256   -1.117176
-0.129019   -0.736653
-0.119033   -0.605288
-0.114841   -0.656206
-0.110207   -0.593393
-0.221281   -1.100274
-0.217006   -0.844686
-0.206637   -0.588387
-0.158971   -0.016902
-0.218818   -0.576491
-0.219944   -0.639304
-0.215109   -0.719751
-0.217826   0.000000
-0.110426   -2.039009
-0.102876   -0.922122
-0.079964   -0.971445
-0.070675   -0.997866
-0.070039   -0.931319
-0.068512   -0.932363
-0.068158   -1.140450
-0.067693   -0.980643
-0.054822   -0.024606
-0.042568   -1.131252
-0.192157   -0.915461
-0.174627   -0.980964
-0.119010   -0.007704
-0.085835   -0.016902
-0.215158   -1.123548
-0.211579   -0.914417
-0.207521   -0.963741
-0.209441   0.000000
-0.077173   -0.021256
-0.074973   -1.692474
-0.070339   -0.596091
-0.067883   -0.189196
-0.057559   -0.589116
-0.051490   -1.111791
-0.047052   -0.776853
-0.036446   -0.008434
-0.028028   -0.014282
-0.021174   -0.196171
-0.126206   -0.000729
-0.139190   -0.013552
-0.094889   -0.007704
-0.126223   -0.588387
-0.136541   -0.188467
-0.176666   -0.829652
-0.160758   -1.104087
-0.173437   0.000000
-0.020543   -1.825650
-0.018079   -2.015793
-0.016141   -1.042014
-0.012451   -1.651670
-0.011205   -1.090878
-0.010767   -0.994516
-0.010503   -0.858238
-0.009327   -0.684258
-0.008105   -1.048381
-0.002512   -0.074602
-0.051429   -1.077326
-0.012410   -0.013552
-0.030753   -0.980964
-0.040759   -0.844686
-0.050468   -0.670705
-0.047223   -0.061050
-0.054007   -1.034829
-0.055190   0.000000
-0.068552   -0.712147
-0.060697   -1.851210
-0.052159   -1.409572
-0.037146   -1.224759
-0.026030   -0.916190
-0.025431   -1.078055
-0.022816   -1.101003
-0.022227   -0.310028
-0.021345   -0.936479
-0.020404   -0.403578
-0.118992   -1.077326
-0.027857   -0.000729
-0.096660   -0.915461
-0.110686   -1.100274
-0.097365   -0.309298
-0.113017   -0.402849
-0.109975   -0.935749
-0.121843   0.000000
-0.148415   -1.355070
-0.146343   -1.593423
-0.144102   -1.406461
-0.137425   -1.396645
-0.076422   -0.746044
-0.076409   -0.660999
-0.075789   -0.464220
-0.073484   -0.933006
-0.073482   -0.891431
-0.071790   -1.495340
-0.234112   -1.495049
-0.178616   -0.463930
-0.225668   -0.660708
-0.236706   -0.932715
-0.242585   -0.891141
-0.091831   -0.000291
-0.187563   -0.745753
-0.225257   0.000000
-0.144479   -1.727760
-0.140071   -2.207991
-0.136987   -1.725870
-0.136143   -2.287668
-0.111865   -0.693011
-0.106347   -0.772688
-0.103097   -1.008942
-0.096297   -0.923201
-0.087251   -1.568851
-0.052385   -1.007052
-0.235637   -0.982007
-0.131029   -0.026935
-0.238098   -0.980117
-0.224424   -1.541915
-0.241352   -0.896265
-0.190200   -0.666076
-0.175432   -0.745753
-0.227239   0.000000
-0.134946   -1.591296
-0.134725   -1.179833
-0.131421   -1.481671
-0.125230   -0.928356
-0.069085   -0.514048
-0.065550   -0.666367
-0.063967   -0.925510
-0.063886   -0.262571
-0.061978   -0.662008
-0.058481   -0.815886
-0.210782   -0.815596
-0.163898   -0.513758
-0.201742   -0.262280
-0.220749   -0.661717
-0.220395   -0.925220
-0.169076   -0.666076
-0.080850   -0.000291
-0.202546   0.000000
-0.162880   -1.457743
-0.157573   -1.654235
-0.154722   -0.847777
-0.154290   -1.659359
-0.146894   -1.225275
-0.145480   -1.688314
-0.141539   -0.779332
-0.134422   -0.975823
-0.132731   -1.009902
-0.121519   -0.980948
-0.217547   -0.694649
-0.216797   -1.140592
-0.197896   -0.763094
-0.174150   -0.084683
-0.238616   -0.925220
-0.226341   -0.896265
-0.223728   -0.891141
-0.226959   0.000000
-0.084916   -0.735277
-0.083878   -0.660360
-0.083764   -1.017398
-0.082070   -1.626598
-0.077390   -0.723726
-0.075359   -1.551681
-0.069318   -0.746400
-0.066012   -0.942481
-0.060996   -0.094448
-0.051355   -0.671483
-0.176395   -0.639043
-0.182079   -0.650595
-0.101670   -0.009765
-0.098801   -0.084683
-0.225832   -0.661717
-0.226878   -1.541915
-0.224249   -0.932715
-0.213836   0.000000
-0.080361   -0.800449
-0.069130   -0.772860
-0.066400   -0.768330
-0.063520   -0.989883
-0.056698   -1.025374
-0.054811   -0.015001
-0.054614   -0.047121
-0.048888   -0.670474
-0.047491   -0.042591
-0.028861   -0.272045
-0.136898   -0.005236
-0.137567   -0.037355
-0.090594   -0.009765
-0.122113   -0.763094
-0.178759   -0.262280
-0.210891   -0.980117
-0.196850   -0.660708
-0.212081   0.000000
-0.045798   -1.654350
-0.042721   -1.167527
-0.039732   -0.687950
-0.037646   -1.177947
-0.031511   -1.114524
-0.030457   -0.677530
-0.030277   -1.164352
-0.025307   -0.551113
-0.022727   -0.501285
-0.004992   -0.064290
-0.113145   -1.330224
-0.050300   -0.037355
-0.083913   -0.650595
-0.099981   -1.140592
-0.092091   -0.513758
-0.087712   -0.026935
-0.095040   -0.463930
-0.111659   0.000000
-0.112156   -2.189698
-0.110676   -2.134093
-0.107070   -1.510245
-0.099324   -1.454639
-0.078913   -1.335459
-0.078460   -0.644279
-0.072933   -1.500285
-0.072624   -0.987243
-0.072067   -0.820831
-0.070160   -0.699885
-0.184864   -1.330224
-0.087044   -0.005236
-0.145372   -0.639043
-0.152242   -0.694649
-0.191302   -0.815596
-0.200517   -0.982007
-0.193091   -1.495049
-0.194721   0.000000
-4.236447   -1.171031
-4.216991   -0.920912
-4.196191   -0.676731
-4.049461   -1.026612
-3.876627   -1.139396
-3.825066   -0.994977
-3.750280   -0.645096
-3.749700   -0.584980
-3.632949   -0.038350
-3.577718   -0.889276
-6.526948   -0.885919
-6.512882   -0.581622
-6.569971   -0.991620
-6.566802   -1.136039
-6.575083   -0.641738
-5.225028   -0.034993
-4.624495   -0.003358
-6.295421   0.000000
-4.420277   -1.360822
-4.326063   -0.297776
-4.262083   -1.190280
-4.240266   -0.550376
-3.090463   -1.112904
-3.073490   -1.147136
-3.051519   -0.735231
-3.005678   -0.507232
-2.917996   -0.049859
-2.826405   -0.254633
-6.064308   -1.143779
-5.715143   -0.046501
-6.154110   -1.109547
-5.823940   -0.503875
-6.022346   -0.731873
-5.535840   -0.251275
-3.948078   -0.003358
-5.606352   0.000000
-5.066837   -1.840001
-5.055978   -1.070154
-5.037947   -1.250755
-4.805867   -1.387783
-4.269586   -0.853871
-4.134085   -0.738485
-4.129182   -1.034472
-4.126652   -0.847660
-4.006050   -1.171501
-3.942468   -0.286268
-6.629240   -0.812667
-6.409632   -0.999479
-6.344343   -1.136508
-6.528524   -0.818879
-6.495646   -0.703493
-6.263654   -0.251275
-5.096293   -0.034993
-6.398494   0.000000
-4.063050   -1.393407
-4.018698   -1.185624
-3.991650   -1.157243
-3.941323   -1.095489
-3.919989   -0.620433
-3.832367   -0.870176
-3.796291   -1.035884
-3.691992   -0.690889
-3.660540   -0.898556
-3.541271   -0.808421
-6.031210   -0.524206
-6.064904   -0.869201
-4.935045   -0.453750
-4.505660   -0.166683
-6.319862   -0.703493
-6.380103   -0.731873
-6.243519   -0.641738
-5.936367   0.000000
-3.420034   -0.985561
-3.136526   -0.971791
-2.798464   -0.965638
-2.605235   -1.604063
-1.626665   -0.805261
-1.615022   -1.136192
-1.570931   -0.799109
-1.474307   -0.504028
-1.329541   -0.819032
-1.293020   -0.166836
-4.941021   -0.798956
-5.768349   -0.805108
-1.905887   -0.000153
-4.561496   -0.166683
-6.095550   -0.818879
-6.085777   -0.503875
-6.314100   -1.136039
-5.895667   0.000000
-4.125486   -1.590258
-3.286300   -0.459777
-3.069674   -0.475051
-2.136166   -0.027327
-1.632193   -0.991773
-1.527714   -1.109700
-1.511602   -0.453904
-1.444269   -1.136661
-1.296928   -0.021454
-1.002137   -0.006179
-5.078473   -0.021301
-6.006406   -0.006026
-1.946487   -0.000153
-5.335505   -0.453750
-6.634485   -1.136508
-6.651464   -1.109547
-6.640367   -0.991620
-6.222181   0.000000
-2.755689   -1.386730
-2.673026   -1.804587
-2.454752   -1.590224
-2.126301   -0.851609
-1.624163   -0.811134
-1.478520   -0.875227
-1.431299   -0.791143
-1.380084   -1.005506
-1.213184   -0.587648
-0.627705   -0.052527
-5.073084   -0.785116
-1.767561   -0.006026
-3.694422   -0.805108
-5.609448   -0.869201
-6.362238   -0.999479
-5.707645   -0.046501
-6.161879   -0.581622
-6.163551   0.000000
-3.109549   -1.323162
-3.005795   -1.942734
-2.901891   -1.684874
-2.653448   -1.584072
-2.430134   -0.806417
-2.366266   -0.820257
-2.350428   -0.833968
-2.299833   -1.165080
-2.269822   -0.545507
-2.221374   -0.907220
-5.220202   -0.785116
-2.730235   -0.021301
-3.659478   -0.798956
-5.378116   -0.524206
-5.786440   -0.812667
-5.809832   -1.143779
-5.837600   -0.885919
-5.280399   0.000000
-4.361641   -1.173408
-4.309980   -1.065449
-4.286433   -1.270844
-4.271254   -1.008256
-4.259711   -0.884700
-4.233966   -0.900297
-4.198604   -0.776741
-4.073932   -0.139506
-4.037743   -1.378803
-4.034835   -1.221835
-6.493729   -0.884524
-6.742059   -1.049676
-6.659633   -1.206061
-6.498644   -0.760968
-6.718093   -1.255070
-5.289828   -0.123732
-5.091220   -0.015773
-6.171910   0.000000
-4.183146   -1.956825
-3.788360   -1.903494
-3.682551   -2.113476
-3.539353   -1.643103
-3.001506   -0.800030
-2.987779   -1.188342
-2.965277   -0.956681
-2.872073   -0.486308
-2.670795   -0.134569
-2.611984   -0.746699
-6.242329   -0.470535
-6.264599   -0.118796
-6.300071   -0.940908
-6.176047   -0.730926
-6.332104   -0.784257
-5.256554   -1.172568
-3.485687   -0.015773
-5.909225   0.000000
-4.267777   -1.978142
-4.252541   -2.176080
-4.052030   -1.296301
-3.984417   -2.057184
-3.792853   -1.565713
-3.645258   -1.103683
-3.577227   -0.929306
-3.549842   -1.008348
-3.297884   -0.516877
-3.291649   -1.127244
-6.446420   -0.884616
-6.738747   -0.979951
-6.561590   -0.393145
-6.651609   -0.805573
-6.786319   -1.003512
-5.572203   -1.172568
-4.609439   -0.123732
-6.510622   0.000000
-4.241142   -1.357441
-3.992548   -1.452369
-3.969627   -1.923182
-3.939759   -1.671624
-3.591390   -0.692715
-3.526417   -1.145014
-3.465531   -1.028115
-3.380986   -0.808860
-3.231369   -0.713932
-3.227284   -1.279674
-5.616076   -0.689329
-6.343850   -1.120411
-4.794885   -0.668112
-4.036153   -0.024603
-6.318200   -1.003512
-6.389512   -0.784257
-6.432818   -1.255070
-6.003723   0.000000
-2.759253   -0.755529
-2.399925   -1.728393
-2.146838   -0.940307
-1.682921   -0.916837
-1.651114   -0.813824
-1.568608   -0.762102
-1.531501   -0.837293
-1.526357   -0.732060
-1.504289   -0.806707
-1.104419   -0.025737
-3.931697   -0.812690
-5.654369   -0.915703
-1.850218   -0.001134
-3.918167   -0.024603
-6.214528   -0.805573
-6.089231   -0.730926
-6.291378   -0.760968
-6.036526   0.000000
-2.697701   -0.943484
-2.538573   -0.674908
-1.871323   -0.670688
-1.659951   -0.009372
-1.620128   -0.669246
-1.606052   -0.942042
-1.578119   -1.207195
-1.454606   -0.394279
-1.248118   -0.007930
-1.177232   -0.003710
-3.452902   -0.002576
-5.711695   -0.006796
-1.961616   -0.001134
-5.020757   -0.668112
-6.421246   -0.393145
-6.435771   -0.940908
-6.748132   -1.206061
-6.482971   0.000000
-2.336311   -1.965379
-2.203379   -0.870301
-2.114233   -1.034500
-2.106952   -1.667208
-1.334458   -0.758300
-1.319193   -0.922499
-1.259152   -1.127207
-1.259091   -0.986747
-1.134737   -1.056472
-0.637819   -0.125592
-3.713770   -0.751504
-1.495278   -0.006796
-3.397435   -0.915703
-5.793648   -1.120411
-5.837832   -0.979951
-5.512894   -0.118796
-6.038789   -1.049676
-5.802332   0.000000
-2.159969   -1.283224
-2.157284   -1.697306
-2.054338   -1.502018
-1.651041   -1.564194
-1.255589   -0.754080
-1.191184   -0.815265
-1.174330   -0.887100
-1.159541   -0.887192
-1.158308   -0.691904
-1.084512   -0.473111
-4.208790   -0.751504
-1.425133   -0.002576
-2.590021   -0.812690
-5.548936   -0.689329
-5.859312   -0.884616
-5.962961   -0.470535
-6.098201   -0.884524
-5.900151   0.000000
-4.729823   -1.267256
-4.676634   -0.965778
-4.332248   -0.543313
-4.294368   -1.114252
-3.568078   -1.075322
-3.443682   -1.228326
-3.308049   -1.310671
-3.306718   -0.926848
-3.224233   -0.504383
-3.176264   -0.043710
-6.808641   -0.924458
-6.881811   -1.308280
-6.851540   -1.225936
-7.056826   -1.072932
-7.018255   -0.501993
-5.703825   -0.041320
-4.036599   -0.002390
-6.536912   0.000000
-4.458815   -1.883707
-4.180783   -1.951533
-4.168400   -1.747682
-3.825643   -1.393802
-3.159326   -1.274822
-3.058390   -1.206996
-3.055599   -1.000742
-2.993039   -0.681492
-2.880630   -0.717091
-2.773943   -1.070971
-6.582411   -1.068580
-6.608359   -0.998352
-6.691670   -1.204606
-6.706198   -1.272432
-6.556229   -0.714701
-5.447179   -0.679101
-3.553286   -0.002390
-6.118129   0.000000
-3.782578   -1.614603
-3.740316   -0.891346
-3.615068   -1.244783
-3.356146   -1.502602
-2.656366   -0.720421
-2.627256   -0.607001
-2.556948   -0.419835
-2.497547   -0.864821
-2.482756   -0.976822
-2.369442   -0.253565
-5.879124   -0.565681
-6.051548   -0.378515
-5.878089   -0.212245
-6.239071   -0.935502
-6.045544   -0.823501
-4.724828   -0.679101
-3.093955   -0.041320
-5.637028   0.000000
-4.031558   -1.174165
-3.883254   -1.212001
-3.878487   -1.486993
-3.864742   -0.925375
-3.834585   -1.320801
-3.822282   -1.595793
-3.631894   -0.999293
-3.626806   -1.034175
-3.591085   -1.274286
-3.422360   -0.712667
-6.210499   -0.963491
-4.814369   -0.497300
-4.853902   -0.772292
-4.676767   -0.210674
-6.573844   -0.823501
-6.749400   -0.714701
-6.579541   -0.501993
-6.396055   0.000000
-2.613796   -0.832093
-2.607792   -1.596417
-2.570511   -1.013897
-2.498030   -0.917981
-2.435194   -1.780238
-2.378605   -1.397219
-2.237933   -1.642809
-2.226199   -0.335461
-1.974479   -1.197718
-1.708806   -1.060289
-6.139878   -0.889111
-3.057658   -0.707306
-2.780503   -0.124786
-4.487690   -0.210674
-6.897249   -0.935502
-6.824142   -1.272432
-6.871481   -1.072932
-6.524829   0.000000
-1.924258   -0.897079
-1.745991   -1.350722
-1.178685   -1.226232
-1.143532   -0.772589
-1.131306   -0.337031
-1.112127   -0.125083
-1.078530   -1.204903
-1.019175   -0.125812
-0.954583   -0.212542
-0.244409   -0.001322
-5.391086   -0.001025
-1.318176   -0.000297
-2.405229   -0.124786
-4.340157   -0.772292
-6.205049   -0.212245
-6.425972   -1.204606
-6.542746   -1.225936
-6.153543   0.000000
-1.106464   -2.015587
-1.085943   -1.204606
-0.779951   -1.098101
-0.765553   -1.085821
-0.144838   -0.391091
-0.142248   -0.707603
-0.135418   -0.497597
-0.107413   -0.378812
-0.103087   -1.308577
-0.090842   -0.998649
-4.136058   -0.390795
-0.157412   -0.000297
-1.531463   -0.707306
-3.304003   -0.497300
-5.223633   -0.378515
-5.316472   -0.998352
-5.440689   -1.308280
-5.255633   0.000000
-2.131451   -1.354286
-1.985111   -1.459375
-1.820408   -0.956476
-1.733495   -1.454792
-0.563944   -0.391820
-0.545870   -0.890136
-0.507456   -0.964517
-0.498244   -1.069606
-0.470653   -0.566707
-0.419994   -0.925483
-2.479406   -0.390795
-0.632929   -0.001025
-3.549512   -0.889111
-4.980777   -0.963491
-5.268554   -0.565681
-5.288002   -1.068580
-5.495176   -0.924458
-5.223761   0.000000
-5.146161   -1.255059
-5.128659   -1.165160
-5.076974   -1.097041
-4.735423   -0.949210
-4.214906   -0.861647
-4.124340   -1.133365
-4.036054   -1.223264
-4.035299   -0.917415
-3.981855   -1.065247
-3.621535   -0.040444
-6.783774   -0.857322
-6.981132   -1.129040
-6.852514   -1.060922
-6.855559   -1.218940
-6.897320   -0.913090
-6.293145   -0.036119
-4.879345   -0.004325
-6.814042   0.000000
-4.949889   -1.409844
-4.656636   -1.439002
-4.638623   -0.990317
-4.427693   -1.147056
-3.988042   -0.727337
-3.846416   -0.307810
-3.840230   -0.691156
-3.833035   -0.756495
-3.803314   -0.906352
-3.763185   -0.464549
-6.727310   -0.752170
-6.479666   -0.303485
-6.759756   -0.460225
-6.845455   -0.902027
-6.816456   -0.723013
-6.179791   -0.686832
-4.685989   -0.004325
-6.630994   0.000000
-4.310244   -1.323248
-4.268646   -1.528789
-4.191535   -1.376070
-3.825496   -1.436860
-3.447841   -0.878076
-3.443530   -0.722951
-3.407731   -0.768126
-3.278011   -0.672536
-3.190645   -0.725357
-2.999862   -0.786147
-6.111892   -0.636417
-5.825007   -0.689238
-5.885854   -0.750028
-6.425995   -0.732006
-6.529455   -0.841957
-5.474255   -0.686832
-4.108082   -0.036119
-6.078421   0.000000
-4.673334   -1.675551
-4.578589   -0.899783
-4.571323   -1.815667
-4.525564   -2.005745
-4.521876   -0.688234
-4.414386   -1.158843
-4.393698   -1.934611
-4.338997   -0.789201
-4.045325   -0.979279
-3.817627   -0.908145
-6.767138   -0.622045
-5.708199   -0.833595
-5.690790   -1.092654
-5.072217   -0.066188
-6.846477   -0.841957
-7.006647   -0.723013
-6.791028   -0.913090
-6.841945   0.000000
-2.768353   -1.728521
-2.718291   -1.018117
-2.696685   -1.444975
-2.617849   -2.155379
-2.515309   -1.411608
-2.455814   -1.241587
-2.344575   -1.838467
-2.327208   -0.575769
-2.241767   -1.002628
-2.057187   -1.668446
-6.010512   -0.508536
-2.953557   -0.509581
-2.935406   -0.936439
-4.776358   -0.066188
-6.506503   -0.732006
-6.554648   -0.902027
-6.729699   -1.218940
-6.175620   0.000000
-2.146052   -1.997362
-1.950853   -2.029094
-1.392364   -1.686467
-1.154166   -0.939281
-0.905464   -1.092916
-0.900763   -0.936701
-0.874270   -0.460486
-0.867971   -1.061184
-0.776394   -0.750290
-0.235793   -0.003104
-5.671626   -0.002842
-0.997640   -0.000262
-2.582547   -0.936439
-5.141324   -1.092654
-5.755610   -0.750028
-6.488604   -0.460225
-6.562589   -1.060922
-6.372021   0.000000
-1.106316   -1.343176
-1.085495   -0.813066
-0.799276   -1.198819
-0.758005   -1.021744
-0.119770   -0.512425
-0.115009   -1.129302
-0.114170   -0.509843
-0.112346   -0.833856
-0.097469   -0.689500
-0.092612   -0.303747
-4.311727   -0.512163
-0.136014   -0.000262
-1.474950   -0.509581
-3.711273   -0.833595
-4.412295   -0.689238
-4.623065   -0.303485
-4.778512   -1.129040
-4.703040   0.000000
-1.700492   -1.020699
-1.615277   -1.144953
-1.606542   -1.369486
-1.517420   -1.148580
-0.534851   -0.515006
-0.530452   -0.860164
-0.526787   -0.511378
-0.507003   -0.639259
-0.501491   -0.755012
-0.467968   -0.624887
-1.943922   -0.512163
-0.605886   -0.002842
-3.039897   -0.508536
-3.968117   -0.622045
-3.763985   -0.636417
-4.346750   -0.752170
-4.179398   -0.857322
-4.223943   0.000000
-4.819382   -0.895838
-4.269268   -1.823838
-4.259458   -1.280174
-4.229561   -2.067828
-2.798564   -1.104761
-2.767887   -1.035503
-2.711610   -0.936423
-2.496510   -0.964415
-2.472484   -0.720425
-2.235173   -0.176761
-6.578163   -0.935749
-6.639357   -1.034829
-6.585770   -1.104087
-6.914972   -0.963741
-6.845757   -0.719751
-3.099247   -0.000674
-5.993278   -0.176087
-6.953422   0.000000
-4.474256   -0.615266
-4.288336   -1.005740
-4.264824   -0.815391
-4.038304   -1.090505
-3.456949   -0.463898
-3.304942   -0.975467
-3.204583   -0.500228
-3.105289   -0.700353
-3.048283   -0.237137
-2.418125   -0.890702
-6.302424   -0.402849
-3.985352   -0.061050
-6.229016   -0.829652
-6.491589   -0.914417
-6.480099   -0.639304
-5.932061   -0.439179
-5.535924   -0.176087
-6.262834   0.000000
-3.812402   -0.885790
-3.723469   -0.627645
-3.325951   -0.764958
-3.010666   -1.312015
-2.616330   -0.671379
-2.523303   -1.124222
-2.445547   -0.439853
-2.210686   -0.577165
-2.129665   -0.309972
-1.945786   -0.189141
-5.744060   -0.309298
-6.410517   -0.670705
-5.457819   -0.188467
-6.604416   -1.123548
-6.349311   -0.576491
-6.176582   -0.439179
-3.003964   -0.000674
-6.315622   0.000000
-4.830865   -1.359054
-4.765392   -1.676765
-4.458800   -1.308137
-4.130230   -0.861588
-3.928042   -1.164878
-3.887344   -1.117176
-3.821088   -0.736653
-3.525353   -0.605288
-3.401190   -0.656206
-3.263950   -0.593393
-6.553562   -1.100274
-6.426947   -0.844686
-6.119865   -0.588387
-4.708162   -0.016902
-6.480630   -0.576491
-6.513987   -0.639304
-6.370779   -0.719751
-6.451238   0.000000
-3.270447   -2.039009
-3.046838   -0.922122
-2.368248   -0.971445
-2.093136   -0.997866
-2.074320   -0.931319
-2.029081   -0.932363
-2.018611   -1.140450
-2.004822   -0.980643
-1.623635   -0.024606
-1.260725   -1.131252
-5.691026   -0.915461
-5.171834   -0.980964
-3.524650   -0.007704
-2.542134   -0.016902
-6.372235   -1.123548
-6.266236   -0.914417
-6.146052   -0.963741
-6.202921   0.000000
-2.285601   -0.021256
-2.220453   -1.692474
-2.083210   -0.596091
-2.010454   -0.189196
-1.704685   -0.589116
-1.524962   -1.111791
-1.393508   -0.776853
-1.079411   -0.008434
-0.830105   -0.014282
-0.627103   -0.196171
-3.737788   -0.000729
-4.122335   -0.013552
-2.810280   -0.007704
-3.738290   -0.588387
-4.043878   -0.188467
-5.232223   -0.829652
-4.761088   -1.104087
-5.136596   0.000000
-0.608425   -1.825650
-0.535433   -2.015793
-0.478054   -1.042014
-0.368768   -1.651670
-0.331851   -1.090878
-0.318888   -0.994516
-0.311059   -0.858238
-0.276229   -0.684258
-0.240053   -1.048381
-0.074408   -0.074602
-1.523158   -1.077326
-0.367530   -0.013552
-0.910800   -0.980964
-1.207151   -0.844686
-1.494688   -0.670705
-1.398566   -0.061050
-1.599501   -1.034829
-1.634521   0.000000
-2.030283   -0.712147
-1.797632   -1.851210
-1.544781   -1.409572
-1.100143   -1.224759
-0.770908   -0.916190
-0.753180   -1.078055
-0.675738   -1.101003
-0.658300   -0.310028
-0.632157   -0.936479
-0.604309   -0.403578
-3.524138   -1.077326
-0.825041   -0.000729
-2.862723   -0.915461
-3.278134   -1.100274
-2.883599   -0.309298
-3.347166   -0.402849
-3.257088   -0.935749
-3.608557   0.000000
-4.347983   -1.355070
-4.287274   -1.593423
-4.221627   -1.406461
-4.026019   -1.396645
-2.238874   -0.746044
-2.238470   -0.660999
-2.220305   -0.464220
-2.152805   -0.933006
-2.152724   -0.891431
-2.103174   -1.495340
-6.858545   -1.495049
-5.232751   -0.463930
-6.611195   -0.660708
-6.934555   -0.932715
-7.106778   -0.891141
-2.690276   -0.000291
-5.494866   -0.745753
-6.599154   0.000000
-4.232654   -1.727760
-4.103521   -2.207991
-4.013187   -1.725870
-3.988442   -2.287668
-3.277216   -0.693011
-3.115541   -0.772688
-3.020322   -1.008942
-2.821134   -0.923201
-2.556109   -1.568851
-1.534672   -1.007052
-6.903223   -0.982007
-3.838628   -0.026935
-6.975326   -0.980117
-6.574750   -1.541915
-7.070665   -0.896265
-5.572110   -0.666076
-5.139452   -0.745753
-6.657195   0.000000
-3.953388   -1.591296
-3.946917   -1.179833
-3.850116   -1.481671
-3.668752   -0.928356
-2.023932   -0.514048
-1.920348   -0.666367
-1.873977   -0.925510
-1.871607   -0.262571
-1.815699   -0.662008
-1.713262   -0.815886
-6.175075   -0.815596
-4.801555   -0.513758
-5.910231   -0.262280
-6.467080   -0.661717
-6.456701   -0.925220
-4.953273   -0.666076
-2.368588   -0.000291
-5.933798   0.000000
-4.771728   -1.457743
-4.616276   -1.654235
-4.532747   -0.847777
-4.520101   -1.659359
-4.303412   -1.225275
-4.261984   -1.688314
-4.146540   -0.779332
-3.938039   -0.975823
-3.888491   -1.009902
-3.560015   -0.980948
-6.373272   -0.694649
-6.351289   -1.140592
-5.797564   -0.763094
-5.101898   -0.084683
-6.990503   -0.925220
-6.630898   -0.896265
-6.554333   -0.891141
-6.649009   0.000000
-2.487696   -0.735277
-2.457308   -0.660360
-2.453956   -1.017398
-2.404316   -1.626598
-2.267232   -0.723726
-2.207717   -1.551681
-2.030750   -0.746400
-1.933897   -0.942481
-1.786933   -0.094448
-1.504494   -0.671483
-5.167664   -0.639043
-5.334187   -0.650595
-2.978540   -0.009765
-2.894486   -0.084683
-6.615983   -0.661717
-6.646644   -1.541915
-6.569624   -0.932715
-6.264550   0.000000
-2.354274   -0.800449
-2.025239   -0.772860
-1.945248   -0.768330
-1.860891   -0.989883
-1.661025   -1.025374
-1.605733   -0.015001
-1.599969   -0.047121
-1.432211   -0.670474
-1.391312   -0.042591
-0.845504   -0.272045
-4.010575   -0.005236
-4.030167   -0.037355
-2.654040   -0.009765
-3.577421   -0.763094
-5.236927   -0.262280
-6.178273   -0.980117
-5.766938   -0.660708
-6.213139   0.000000
-1.341687   -1.654350
-1.251562   -1.167527
-1.163983   -0.687950
-1.102873   -1.177947
-0.923134   -1.114524
-0.892255   -0.677530
-0.887006   -1.164352
-0.741409   -0.551113
-0.665820   -0.501285
-0.146248   -0.064290
-3.314701   -1.330224
-1.473598   -0.037355
-2.458310   -0.650595
-2.929060   -1.140592
-2.697911   -0.513758
-2.569605   -0.026935
-2.784306   -0.463930
-3.271160   0.000000
-3.285742   -2.189698
-3.242366   -2.134093
-3.136736   -1.510245
-2.909797   -1.454639
-2.311825   -1.335459
-2.298558   -0.644279
-2.136663   -1.500285
-2.127608   -0.987243
-2.111275   -0.820831
-2.055422   -0.699885
-5.415774   -1.330224
-2.550041   -0.005236
-4.258813   -0.639043
-4.460094   -0.694649
-5.604394   -0.815596
-5.874347   -0.982007
-5.656798   -1.495049
-5.704566   0.000000
-1.776917   -1.171031
-1.768756   -0.920912
-1.760032   -0.676731
-1.698489   -1.026612
-1.625996   -1.139396
-1.604369   -0.994977
-1.573001   -0.645096
-1.572758   -0.584980
-1.523789   -0.038350
-1.500623   -0.889276
-2.737635   -0.885919
-2.731735   -0.581622
-2.755680   -0.991620
-2.754351   -1.136039
-2.757825   -0.641738
-2.191563   -0.034993
-1.939678   -0.003358
-2.640524   0.000000
-1.854022   -1.360822
-1.814505   -0.297776
-1.787670   -1.190280
-1.778519   -0.550376
-1.296251   -1.112904
-1.289131   -1.147136
-1.279916   -0.735231
-1.260688   -0.507232
-1.223912   -0.049859
-1.185495   -0.254633
-2.543587   -1.143779
-2.397135   -0.046501
-2.581253   -1.109547
-2.442768   -0.503875
-2.525987   -0.731873
-2.321929   -0.251275
-1.655965   -0.003358
-2.351504   0.000000
-2.125212   -1.840001
-2.120658   -1.070154
-2.113095   -1.250755
-2.015752   -1.387783
-1.790817   -0.853871
-1.733983   -0.738485
-1.731926   -1.034472
-1.730865   -0.847660
-1.680281   -1.171501
-1.653612   -0.286268
-2.780540   -0.812667
-2.688428   -0.999479
-2.661044   -1.136508
-2.738296   -0.818879
-2.724506   -0.703493
-2.627200   -0.251275
-2.137567   -0.034993
-2.683757   0.000000
-1.704188   -1.393407
-1.685586   -1.185624
-1.674240   -1.157243
-1.653132   -1.095489
-1.644183   -0.620433
-1.607432   -0.870176
-1.592300   -1.035884
-1.548553   -0.690889
-1.535361   -0.898556
-1.485335   -0.808421
-2.529705   -0.524206
-2.543837   -0.869201
-2.069934   -0.453750
-1.889835   -0.166683
-2.650776   -0.703493
-2.676043   -0.731873
-2.618755   -0.641738
-2.489924   0.000000
-1.434484   -0.985561
-1.315571   -0.971791
-1.173776   -0.965638
-1.092729   -1.604063
-0.682281   -0.805261
-0.677398   -1.136192
-0.658904   -0.799109
-0.618377   -0.504028
-0.557657   -0.819032
-0.542339   -0.166836
-2.072440   -0.798956
-2.419451   -0.805108
-0.799397   -0.000153
-1.913254   -0.166683
-2.556691   -0.818879
-2.552592   -0.503875
-2.648359   -1.136039
-2.472853   0.000000
-1.730376   -1.590258
-1.378391   -0.459777
-1.287531   -0.475051
-0.895984   -0.027327
-0.684600   -0.991773
-0.640778   -1.109700
-0.634020   -0.453904
-0.605778   -1.136661
-0.543978   -0.021454
-0.420332   -0.006179
-2.130093   -0.021301
-2.519301   -0.006026
-0.816426   -0.000153
-2.237901   -0.453750
-2.782740   -1.136508
-2.789861   -1.109547
-2.785207   -0.991620
-2.609805   0.000000
-1.155834   -1.386730
-1.121162   -1.804587
-1.029611   -1.590224
-0.891847   -0.851609
-0.681232   -0.811134
-0.620144   -0.875227
-0.600338   -0.791143
-0.578856   -1.005506
-0.508853   -0.587648
-0.263282   -0.052527
-2.127833   -0.785116
-0.741378   -0.006026
-1.549572   -0.805108
-2.352803   -0.869201
-2.668550   -0.999479
-2.393990   -0.046501
-2.584512   -0.581622
-2.585213   0.000000
-1.304256   -1.323162
-1.260738   -1.942734
-1.217157   -1.684874
-1.112951   -1.584072
-1.019285   -0.806417
-0.992496   -0.820257
-0.985853   -0.833968
-0.964632   -1.165080
-0.952044   -0.545507
-0.931724   -0.907220
-2.189539   -0.785116
-1.145158   -0.021301
-1.534916   -0.798956
-2.255774   -0.524206
-2.427039   -0.812667
-2.436851   -1.143779
-2.448498   -0.885919
-2.214788   0.000000
-1.776917   -1.171031
-1.768756   -0.920912
-1.760032   -0.676731
-1.698489   -1.026612
-1.625996   -1.139396
-1.604369   -0.994977
-1.573001   -0.645096
-1.572758   -0.584980
-1.523789   -0.038350
-1.500623   -0.889276
-2.737635   -0.885919
-2.731735   -0.581622
-2.755680   -0.991620
-2.754351   -1.136039
-2.757825   -0.641738
-2.191563   -0.034993
-1.939678   -0.003358
-2.640524   0.000000
-1.854022   -1.360822
-1.814505   -0.297776
-1.787670   -1.190280
-1.778519   -0.550376
-1.296251   -1.112904
-1.289131   -1.147136
-1.279916   -0.735231
-1.260688   -0.507232
-1.223912   -0.049859
-1.185495   -0.254633
-2.543587   -1.143779
-2.397135   -0.046501
-2.581253   -1.109547
-2.442768   -0.503875
-2.525987   -0.731873
-2.321929   -0.251275
-1.655965   -0.003358
-2.351504   0.000000
-2.125212   -1.840001
-2.120658   -1.070154
-2.113095   -1.250755
-2.015752   -1.387783
-1.790817   -0.853871
-1.733983   -0.738485
-1.731926   -1.034472
-1.730865   -0.847660
-1.680281   -1.171501
-1.653612   -0.286268
-2.780540   -0.812667
-2.688428   -0.999479
-2.661044   -1.136508
-2.738296   -0.818879
-2.724506   -0.703493
-2.627200   -0.251275
-2.137567   -0.034993
-2.683757   0.000000
-1.704188   -1.393407
-1.685586   -1.185624
-1.674240   -1.157243
-1.653132   -1.095489
-1.644183   -0.620433
-1.607432   -0.870176
-1.592300   -1.035884
-1.548553   -0.690889
-1.535361   -0.898556
-1.485335   -0.808421
-2.529705   -0.524206
-2.543837   -0.869201
-2.069934   -0.453750
-1.889835   -0.166683
-2.650776   -0.703493
-2.676043   -0.731873
-2.618755   -0.641738
-2.489924   0.000000
-1.434484   -0.985561
-1.315571   -0.971791
-1.173776   -0.965638
-1.092729   -1.604063
-0.682281   -0.805261
-0.677398   -1.136192
-0.658904   -0.799109
-0.618377   -0.504028
-0.557657   -0.819032
-0.542339   -0.166836
-2.072440   -0.798956
-2.419451   -0.805108
-0.799397   -0.000153
-1.913254   -0.166683
-2.556691   -0.818879
-2.552592   -0.503875
-2.648359   -1.136039
-2.472853   0.000000
-1.730376   -1.590258
-1.378391   -0.459777
-1.287531   -0.475051
-0.895984   -0.027327
-0.684600   -0.991773
-0.640778   -1.109700
-0.634020   -0.453904
-0.605778   -1.136661
-0.543978   -0.021454
-0.420332   -0.006179
-2.130093   -0.021301
-2.519301   -0.006026
-0.816426   -0.000153
-2.237901   -0.453750
-2.782740   -1.136508
-2.789861   -1.109547
-2.785207   -0.991620
-2.609805   0.000000
-1.155834   -1.386730
-1.121162   -1.804587
-1.029611   -1.590224
-0.891847   -0.851609
-0.681232   -0.811134
-0.620144   -0.875227
-0.600338   -0.791143
-0.578856   -1.005506
-0.508853   -0.587648
-0.263282   -0.052527
-2.127833   -0.785116
-0.741378   -0.006026
-1.549572   -0.805108
-2.352803   -0.869201
-2.668550   -0.999479
-2.393990   -0.046501
-2.584512   -0.581622
-2.585213   0.000000
-1.304256   -1.323162
-1.260738   -1.942734
-1.217157   -1.684874
-1.112951   -1.584072
-1.019285   -0.806417
-0.992496   -0.820257
-0.985853   -0.833968
-0.964632   -1.165080
-0.952044   -0.545507
-0.931724   -0.907220
-2.189539   -0.785116
-1.145158   -0.021301
-1.534916   -0.798956
-2.255774   -0.524206
-2.427039   -0.812667
-2.436851   -1.143779
-2.448498   -0.885919
-2.214788   0.000000
