-2.363481   -4.540807
-2.332074   -4.878014
-2.322272   -4.044174
-2.318443   -2.510087
-2.199942   -4.775035
-2.193611   -4.437827
-2.186599   -3.941194
-2.148828   -3.459909
-2.089845   -2.407107
-2.065972   -0.243547
-3.333543   -3.870910
-3.306475   -4.704751
-3.331076   -4.367543
-3.329732   -3.389625
-3.339486   -2.336824
-2.658284   -0.173263
-2.491696   -0.070284
-3.148997   0.000000
-1.984875   -5.853357
-1.958354   -5.408523
-1.939948   -4.484897
-1.910955   -3.889113
-1.555788   -3.578155
-1.503959   -4.022990
-1.491372   -2.133498
-1.456363   -2.654529
-1.375487   -1.970935
-1.343092   -2.058746
-3.022142   -2.584246
-3.089638   -2.063215
-3.109651   -3.952706
-3.122104   -3.507871
-3.091286   -1.988462
-2.309277   -1.900651
-1.799818   -0.070284
-2.941899   0.000000
-1.985976   -4.102610
-1.978337   -4.126434
-1.962932   -5.003787
-1.901478   -5.005617
-1.719570   -2.073914
-1.653403   -3.376437
-1.645295   -3.278229
-1.633550   -2.375222
-1.541127   -3.276399
-1.516842   -2.399046
-2.978647   -3.103136
-3.150042   -3.203174
-3.033013   -2.225782
-3.065634   -3.104966
-3.124883   -2.201959
-2.388920   -1.900651
-2.019167   -0.173263
-2.896770   0.000000
-1.676459   -6.776234
-1.637054   -6.162422
-1.528519   -5.814060
-1.517153   -6.027556
-1.475821   -3.919110
-1.445294   -3.044149
-1.438297   -2.725044
-1.372294   -2.430336
-1.328006   -2.081975
-1.311969   -2.295471
-2.696518   -2.950636
-3.150725   -2.631532
-1.858937   -3.825598
-1.584267   -0.093513
-3.163463   -2.201959
-3.177422   -1.988462
-3.186670   -2.336824
-3.079801   0.000000
-1.283847   -3.601384
-1.173230   -5.731192
-1.116276   -2.803149
-0.986344   -3.115069
-0.612476   -2.710013
-0.611993   -3.021933
-0.545085   -3.508249
-0.521583   -3.390003
-0.487504   -3.105343
-0.457140   -0.093890
-2.466969   -3.021556
-3.245326   -2.709636
-0.651422   -0.000377
-1.534288   -0.093513
-3.419650   -3.104966
-3.386247   -3.507871
-3.394999   -3.389625
-3.278895   0.000000
-1.504462   -7.778304
-1.150506   -3.834246
-0.914424   -3.851146
-0.795373   -0.034197
-0.552020   -3.825975
-0.494826   -4.367921
-0.493660   -3.953083
-0.445836   -2.226160
-0.375586   -0.025926
-0.323508   -0.009026
-2.192589   -0.025549
-3.250008   -0.008648
-0.622523   -0.000377
-1.883837   -3.825598
-3.338835   -2.225782
-3.337096   -3.952706
-3.394669   -4.367543
-3.318506   0.000000
-1.036595   -7.414387
-1.020839   -4.772851
-0.989495   -5.912810
-0.929114   -3.834793
-0.383479   -2.718284
-0.371335   -2.640180
-0.361518   -1.133806
-0.331481   -3.211822
-0.323226   -4.713400
-0.235389   -2.071863
-1.948382   -1.125157
-0.414683   -0.008648
-1.411889   -2.709636
-2.440273   -2.631532
-2.912180   -3.203174
-2.810139   -2.063215
-2.888252   -4.704751
-2.794342   0.000000
-1.069065   -6.892466
-0.979230   -6.124692
-0.973957   -5.605802
-0.850567   -4.146713
-0.666644   -2.976185
-0.660940   -3.047105
-0.629849   -1.150706
-0.621658   -3.128684
-0.603925   -2.609795
-0.600102   -3.896459
-2.063689   -1.125157
-0.711541   -0.025549
-1.287335   -3.021556
-2.254463   -2.950636
-2.609684   -3.103136
-2.665078   -2.584246
-2.657312   -3.870910
-2.612371   0.000000
-2.409259   -3.398762
-2.357282   -4.496039
-2.340136   -4.320771
-2.304114   -4.952535
-2.249180   -3.716243
-2.238797   -3.542537
-2.238017   -0.923914
-2.177105   -4.174302
-2.151701   -2.620529
-2.145535   -3.717805
-3.261334   -4.101461
-3.181933   -3.643403
-3.274096   -3.469697
-3.139843   -3.644965
-3.278355   -2.547688
-2.791234   -0.851074
-2.560709   -0.072840
-3.017657   0.000000
-1.870216   -6.768604
-1.860569   -6.024570
-1.857146   -6.660522
-1.852392   -4.122889
-1.401190   -3.101829
-1.400676   -3.704374
-1.384024   -3.068421
-1.383462   -3.812456
-1.321622   -3.578316
-1.220413   -1.166740
-2.837594   -2.995581
-2.676932   -1.093900
-2.843560   -3.631533
-2.824642   -3.739615
-2.846115   -3.505475
-2.276148   -3.028989
-1.572115   -0.072840
-2.530662   0.000000
-2.173443   -5.467912
-2.148777   -5.340427
-2.142222   -3.880063
-2.141072   -4.977265
-2.127725   -6.235304
-2.054622   -3.162512
-1.990791   -4.057389
-1.983300   -4.757574
-1.901250   -2.799350
-1.885988   -3.289997
-3.122558   -2.438923
-3.096296   -2.311438
-3.091468   -3.906500
-3.037840   -3.206315
-3.124099   -1.948276
-2.569559   -3.028989
-2.356710   -0.851074
-2.885687   0.000000
-1.953258   -6.946318
-1.822340   -6.750627
-1.769015   -5.193428
-1.761971   -3.837455
-1.746843   -5.792840
-1.720427   -3.381441
-1.672859   -3.641764
-1.662515   -3.735654
-1.645610   -2.683977
-1.518498   -2.084565
-2.803407   -3.599366
-3.315515   -3.701166
-2.203329   -3.245152
-1.937245   -0.136289
-3.340821   -1.948276
-3.351253   -3.505475
-3.190117   -2.547688
-3.151896   0.000000
-1.578371   -3.342603
-1.231928   -1.615461
-1.205133   -3.909990
-1.148549   -2.567105
-0.729823   -2.431382
-0.666390   -1.479738
-0.647622   -3.740181
-0.637308   -3.645531
-0.574792   -3.206880
-0.573603   -0.136854
-2.163974   -2.430817
-3.080460   -1.479173
-0.798101   -0.000566
-1.915145   -0.136289
-3.385506   -3.206315
-3.368582   -3.739615
-3.317758   -3.644965
-3.232999   0.000000
-1.470559   -3.645736
-1.249420   -3.278271
-1.074146   -3.259354
-0.766942   -0.047321
-0.693269   -3.245718
-0.680474   -3.470263
-0.635128   -3.632099
-0.586830   -3.907065
-0.524289   -0.033685
-0.474508   -0.014768
-1.812353   -0.014202
-3.051967   -0.033119
-0.779940   -0.000566
-2.265651   -3.245152
-3.494576   -3.906500
-3.427484   -3.631533
-3.407790   -3.469697
-3.289597   0.000000
-1.235074   -5.122576
-1.229103   -3.790611
-1.166627   -2.573073
-1.129380   -2.822111
-0.735494   -1.376057
-0.708683   -1.512292
-0.693642   -3.734285
-0.597898   -2.344557
-0.546891   -3.676522
-0.359903   -1.127019
-2.154348   -1.342938
-0.788403   -0.033119
-1.609887   -1.479173
-3.013989   -3.701166
-3.133356   -2.311438
-3.048622   -1.093900
-3.001941   -3.643403
-3.153182   0.000000
-1.170696   -5.426397
-1.144689   -6.532278
-1.073952   -4.869740
-0.975575   -3.773755
-0.750183   -2.445019
-0.743516   -3.613568
-0.706586   -1.357140
-0.681994   -2.453125
-0.670781   -4.115664
-0.665208   -3.009783
-2.163445   -1.342938
-0.823017   -0.014202
-1.406835   -2.430817
-2.600491   -3.599366
-3.158042   -2.438923
-3.130042   -2.995581
-3.160730   -4.101461
-3.009116   0.000000
-2.517022   -3.962721
-2.446160   -3.042525
-2.390439   -2.346521
-2.352733   -2.559721
-2.069695   -2.999863
-2.051951   -3.574040
-2.005563   -3.920058
-1.981166   -2.303858
-1.972846   -2.517058
-1.679700   -0.073542
-3.546877   -3.904619
-3.393814   -2.501618
-3.388053   -2.288419
-3.483261   -2.984423
-3.559548   -3.558600
-2.908262   -0.058102
-2.364721   -0.015440
-3.340064   0.000000
-2.229631   -5.872875
-2.151832   -5.633274
-2.138514   -4.728588
-2.069581   -3.489076
-1.821386   -2.797026
-1.798258   -3.106729
-1.782202   -1.962442
-1.727485   -3.219561
-1.708219   -2.867128
-1.698281   -0.722930
-3.157238   -3.091289
-2.939533   -0.707490
-3.088826   -1.947002
-3.093793   -2.851688
-3.224498   -3.204122
-2.775775   -2.781586
-2.124605   -0.015440
-3.044755   0.000000
-2.108513   -7.302246
-2.078798   -5.481791
-2.031987   -3.916293
-1.991928   -3.535652
-1.496699   -2.839688
-1.437451   -2.865759
-1.399593   -2.758308
-1.375854   -1.192809
-1.345220   -4.578762
-1.266337   -0.812169
-3.032580   -4.520660
-2.961097   -1.134707
-3.017909   -0.754066
-3.099243   -2.807657
-3.077256   -2.700205
-2.562408   -2.781586
-1.654267   -0.058102
-2.811235   0.000000
-2.160679   -7.347933
-2.152376   -6.993455
-2.060401   -6.031480
-2.023056   -3.538846
-2.004107   -6.489539
-1.975113   -2.658339
-1.947011   -3.766172
-1.927313   -3.996905
-1.822586   -3.411693
-1.808545   -2.907777
-3.228469   -2.450767
-2.517075   -3.331275
-2.481730   -3.789333
-2.174886   -0.207572
-3.227365   -2.700205
-3.202530   -3.204122
-3.337390   -3.558600
-3.136456   0.000000
-1.284110   -4.891167
-1.248797   -2.552767
-1.246578   -3.115008
-1.221226   -4.641199
-1.193341   -4.847136
-1.171028   -3.364976
-1.140579   -3.497711
-1.132465   -2.247051
-1.004442   -0.720860
-0.977039   -3.320945
-2.915448   -2.601720
-1.464476   -2.039479
-1.336998   -0.513288
-1.975113   -0.207572
-3.130285   -2.807657
-3.007043   -2.851688
-3.161562   -2.984423
-2.924641   0.000000
-1.030367   -2.460290
-0.932457   -2.801707
-0.670618   -1.267354
-0.661733   -0.522753
-0.420920   -1.947456
-0.410169   -2.288872
-0.402551   -3.789787
-0.371957   -0.513742
-0.302122   -0.754520
-0.119785   -0.009919
-2.720851   -0.009465
-0.472632   -0.000454
-1.195086   -0.513288
-2.208627   -3.789333
-2.941763   -0.754066
-2.998444   -1.947002
-3.124923   -2.288419
-2.883577   0.000000
-0.610772   -2.746969
-0.582398   -4.541097
-0.500143   -4.173038
-0.474673   -3.174186
-0.071991   -2.134013
-0.066856   -2.039933
-0.065565   -3.331729
-0.058973   -1.135161
-0.057222   -2.502072
-0.048115   -0.707944
-2.132144   -2.133559
-0.076221   -0.000454
-0.800688   -2.039479
-1.612225   -3.331275
-2.334322   -1.134707
-2.278440   -0.707490
-2.423457   -2.501618
-2.285339   0.000000
-0.698419   -6.038178
-0.669198   -4.735280
-0.659395   -4.584326
-0.559733   -6.654219
-0.309372   -2.143024
-0.294816   -2.611185
-0.288358   -3.914083
-0.287970   -2.460232
-0.287622   -4.530125
-0.270529   -3.100754
-0.800797   -2.133559
-0.325004   -0.009465
-1.425380   -2.601720
-1.710601   -2.450767
-1.821485   -4.520660
-2.025812   -3.091289
-2.049807   -3.904619
-1.865480   0.000000
-2.651739   -3.880783
-2.597304   -2.167241
-2.569622   -3.331814
-2.476379   -2.403368
-2.135666   -2.405023
-2.118503   -3.835655
-2.063361   -2.122112
-2.061842   -2.358239
-2.022894   -0.101464
-2.018742   -3.286685
-3.393654   -2.376855
-3.276796   -3.258517
-3.257320   -2.330071
-3.390868   -2.093944
-3.369313   -3.807487
-3.200117   -0.073297
-2.513383   -0.028168
-3.224393   0.000000
-2.482843   -5.993453
-2.474276   -5.173779
-2.370481   -4.678613
-2.303989   -5.304072
-2.094333   -3.367094
-2.048409   -1.863020
-2.000033   -4.186769
-1.998682   -2.284627
-1.983702   -2.871929
-1.965251   -3.497388
-3.044560   -2.256459
-3.085091   -3.338926
-3.063363   -4.158601
-3.118660   -2.843761
-3.126881   -3.469220
-2.945289   -1.834852
-2.347123   -0.028168
-2.867804   0.000000
-2.302269   -3.298920
-2.284952   -3.953076
-2.243470   -2.412431
-2.184947   -2.513332
-1.651960   -1.908149
-1.650385   -3.387844
-1.640984   -1.537365
-1.596535   -1.807247
-1.595416   -2.292422
-1.478641   -0.751776
-2.993189   -2.219125
-2.969472   -1.464068
-2.869529   -0.678480
-3.092871   -1.733951
-3.075886   -3.314547
-2.820145   -1.834852
-1.902706   -0.073297
-2.858949   0.000000
-2.012215   -2.932560
-1.990834   -5.727714
-1.953465   -5.389447
-1.934002   -5.846872
-1.906115   -4.207723
-1.869328   -2.320463
-1.851775   -3.556921
-1.845019   -3.869456
-1.782801   -5.234775
-1.766976   -3.714783
-3.069055   -3.156685
-2.350903   -2.532324
-2.306747   -1.920227
-2.145563   -0.400236
-3.333021   -3.314547
-3.259595   -3.469220
-3.391469   -3.807487
-3.210724   0.000000
-1.597080   -4.398138
-1.586005   -4.732665
-1.579622   -5.126109
-1.544941   -5.875926
-1.456433   -3.432401
-1.455310   -4.209734
-1.449371   -3.459917
-1.345438   -4.766116
-1.295549   -1.766209
-1.154234   -3.099924
-2.995317   -3.366692
-1.732553   -3.032165
-1.644914   -1.365973
-2.107685   -0.400236
-3.326595   -1.733951
-3.247408   -2.843761
-3.356961   -2.093944
-3.157138   0.000000
-0.962065   -3.286200
-0.897449   -3.696044
-0.658583   -2.044453
-0.508983   -1.370189
-0.457417   -4.159859
-0.452351   -1.921485
-0.445201   -2.331329
-0.424819   -1.367231
-0.292227   -0.679737
-0.106243   -0.005474
-2.343404   -0.004216
-0.507720   -0.001258
-1.148586   -1.365973
-2.059269   -1.920227
-2.902789   -0.678480
-3.036654   -4.158601
-3.134892   -2.330071
-2.940498   0.000000
-0.487744   -6.371091
-0.461862   -6.290682
-0.367671   -4.496233
-0.282196   -4.912674
-0.042921   -1.881767
-0.040459   -3.033423
-0.039062   -1.465326
-0.038224   -2.533582
-0.037438   -3.259775
-0.035078   -3.340184
-1.572347   -1.880509
-0.046265   -0.001258
-0.652191   -3.032165
-1.547324   -2.532324
-2.240763   -1.464068
-2.254660   -3.338926
-2.321466   -3.258517
-2.196226   0.000000
-0.642211   -5.247201
-0.629994   -5.037194
-0.626285   -4.136968
-0.551888   -4.099634
-0.221204   -1.884725
-0.214549   -3.370908
-0.212757   -3.160901
-0.209156   -2.223341
-0.203718   -2.381071
-0.197623   -2.260675
-0.713881   -1.880509
-0.233223   -0.004216
-1.448941   -3.366692
-1.894880   -3.156685
-2.042573   -2.219125
-2.028492   -2.256459
-2.065189   -2.376855
-1.827789   0.000000
-2.136213   -5.142996
-2.091579   -5.244881
-2.046422   -6.218607
-1.940383   -7.792514
-1.139541   -2.769811
-1.137631   -2.742181
-1.120477   -3.817792
-1.101596   -2.403324
-1.085715   -2.505209
-1.074153   -3.977231
-2.849714   -2.740927
-2.762454   -2.503954
-2.709210   -3.816537
-3.253497   -3.975976
-3.225278   -2.768556
-1.321819   -0.001255
-2.801202   -2.402070
-2.959125   0.000000
-2.315511   -5.239808
-2.192916   -6.815898
-2.171349   -4.146475
-2.155643   -4.968836
-1.248053   -4.420409
-1.173700   -2.408650
-1.151795   -2.844318
-1.144852   -2.573347
-1.107821   -1.952727
-0.859978   -1.750986
-3.085865   -2.566767
-1.471478   -0.006580
-2.979187   -1.744405
-3.214283   -2.837738
-3.195273   -4.413829
-2.819016   -1.946147
-2.672558   -2.402070
-2.951716   0.000000
-1.962579   -4.344016
-1.900759   -1.815667
-1.799519   -2.142776
-1.483523   -3.576099
-1.164692   -3.137692
-1.123328   -3.380725
-1.113754   -1.947402
-1.033756   -2.726233
-1.022079   -1.620292
-0.886331   -0.197884
-2.710801   -2.724978
-2.797501   -1.619037
-2.403996   -0.196629
-3.416897   -3.379470
-3.380819   -3.136437
-3.000527   -1.946147
-1.334347   -0.001255
-3.200100   0.000000
-2.627743   -7.689693
-2.593823   -7.975174
-2.572848   -5.801419
-2.562142   -6.697782
-2.468908   -3.061114
-2.459021   -3.428995
-2.375713   -3.568423
-2.368843   -2.532632
-2.339553   -3.853904
-2.274194   -4.706387
-3.289350   -2.240074
-3.106321   -3.275864
-3.004556   -3.561345
-2.783049   -0.292558
-3.342725   -3.136437
-3.336478   -4.413829
-3.333358   -2.768556
-3.076580   0.000000
-1.755282   -2.419215
-1.750993   -3.130296
-1.738563   -3.672028
-1.723734   -4.112459
-1.720711   -4.268535
-1.696653   -2.951867
-1.552915   -2.597645
-1.358054   -0.406687
-1.344055   -4.090105
-0.884749   -3.493599
-2.753754   -2.305087
-2.782751   -3.819901
-2.039625   -0.114129
-2.102874   -0.292558
-3.135452   -3.379470
-3.172060   -2.837738
-3.168143   -3.975976
-3.006776   0.000000
-1.574122   -3.834931
-1.344135   -3.579739
-1.331284   -3.757975
-1.320401   -0.277342
-1.287867   -0.194842
-1.260716   -0.215023
-1.088978   -0.132523
-1.065923   -3.930666
-0.881459   -0.099107
-0.504632   -0.310758
-2.015979   -0.018394
-2.295158   -0.080713
-2.063262   -0.114129
-2.803741   -3.561345
-2.195285   -0.196629
-3.309741   -1.744405
-2.741967   -3.816537
-3.215546   0.000000
-1.391748   -3.132337
-1.377979   -3.356577
-1.372031   -2.510535
-1.346799   -3.058204
-1.237401   -1.699750
-1.134940   -1.625617
-1.117822   -3.282445
-1.083901   -2.584667
-0.952985   -3.826481
-0.254323   -0.087293
-2.561294   -3.051624
-1.592411   -0.080713
-2.442756   -3.819901
-2.484939   -3.275864
-2.230960   -1.619037
-1.725803   -0.006580
-2.329236   -2.503954
-2.445615   0.000000
-2.188668   -5.776603
-2.149510   -5.792551
-1.947267   -5.046013
-1.717118   -5.030065
-1.390684   -3.070018
-1.351595   -2.585161
-1.342146   -2.759321
-1.336539   -2.323481
-1.311030   -2.743372
-1.267068   -2.258468
-3.000913   -3.051624
-1.545984   -0.018394
-2.819652   -2.305087
-3.254135   -2.240074
-2.681977   -2.724978
-3.204317   -2.566767
-2.822480   -2.740927
-3.076627   0.000000
-2.293241   -6.755939
-2.278870   -3.085751
-2.237632   -4.643299
-2.196637   -3.396626
-1.265708   -4.002401
-1.246736   -2.755727
-1.217261   -1.718163
-1.211349   -2.831034
-1.128925   -2.444852
-1.120082   -0.643088
-3.061545   -2.829940
-2.987071   -1.717068
-3.045329   -2.754633
-3.235015   -4.001306
-3.199568   -2.443758
-1.379353   -0.001095
-2.727742   -0.641993
-2.939369   0.000000
-2.074127   -5.006881
-2.070510   -3.781126
-2.031150   -2.878393
-1.983448   -2.856535
-1.588390   -2.289865
-1.472477   -2.268007
-1.453718   -1.921213
-1.381635   -0.695457
-1.320446   -2.949338
-1.014677   -3.192597
-3.036327   -2.895874
-1.883770   -0.053464
-3.094120   -3.139133
-3.048530   -2.214542
-3.013263   -2.236400
-2.648971   -1.867748
-2.564744   -0.641993
-2.792794   0.000000
-2.208125   -2.414753
-2.131113   -5.307969
-1.999581   -4.272866
-1.998995   -2.355551
-1.068606   -1.868843
-1.033539   -1.928045
-0.986345   -3.050961
-0.983999   -3.441315
-0.975834   -3.786158
-0.882077   -0.488897
-2.876159   -3.440221
-2.967901   -1.926950
-2.798499   -0.487803
-3.196005   -3.785063
-3.198568   -3.049866
-2.792839   -1.867748
-1.220239   -0.001095
-2.889158   0.000000
-2.290408   -6.103917
-2.218738   -3.780753
-2.119703   -4.594218
-2.070663   -3.988110
-1.913835   -1.661796
-1.902568   -3.960124
-1.843658   -3.167310
-1.838315   -3.777604
-1.830873   -2.561202
-1.748347   -2.353845
-2.984688   -3.660160
-3.079676   -3.842680
-2.611365   -1.544352
-2.159030   -0.117444
-3.281121   -3.049866
-3.254754   -2.236400
-3.322809   -2.443758
-3.131780   0.000000
-1.193429   -1.235416
-1.176024   -2.237881
-1.122576   -2.331987
-1.116618   -3.137304
-1.101252   -3.902508
-1.086735   -4.118750
-1.033745   -1.329522
-0.945193   -4.024645
-0.823203   -0.140783
-0.589712   -3.808402
-2.325276   -1.212077
-2.493031   -3.019860
-1.458586   -0.023339
-1.356468   -0.117444
-2.923452   -3.785063
-2.888757   -2.214542
-2.976197   -4.001306
-2.760527   0.000000
-1.163862   -0.492889
-1.152456   -3.162472
-1.133980   -1.567691
-1.017201   -0.162964
-0.973367   -1.549439
-0.901193   -2.032155
-0.732158   -2.777972
-0.641871   -0.028425
-0.552215   -0.144711
-0.340221   -0.511142
-1.763518   -0.005087
-2.221416   -0.139625
-1.318276   -0.023339
-1.954707   -1.544352
-2.351080   -0.487803
-2.863664   -3.139133
-2.744733   -2.754633
-2.729080   0.000000
-0.640724   -4.736928
-0.620575   -3.896144
-0.598803   -3.159485
-0.597639   -1.869890
-0.557627   -3.982304
-0.526459   -4.946810
-0.491025   -3.073324
-0.484799   -1.856693
-0.455262   -2.066575
-0.100760   -0.193089
-1.431098   -1.730266
-0.655701   -0.139625
-1.020413   -3.019860
-1.093910   -3.842680
-1.324751   -1.926950
-1.296701   -0.053464
-1.408912   -1.717068
-1.281102   0.000000
-1.897007   -6.490099
-1.803384   -7.100380
-1.689913   -4.042017
-1.393402   -4.652298
-0.932121   -3.665246
-0.924372   -1.217164
-0.909866   -1.735352
-0.901369   -3.445307
-0.865360   -2.835026
-0.826783   -2.900961
-2.907491   -1.730266
-1.081840   -0.005087
-2.345274   -1.212077
-2.598244   -3.660160
-2.753335   -3.440221
-3.122687   -2.895874
-2.997049   -2.829940
-3.032473   0.000000
-0.173299   -1.513602
-0.170996   -1.626005
-0.170277   -1.348058
-0.169996   -0.836696
-0.161308   -1.591678
-0.160843   -1.479276
-0.160329   -1.313731
-0.157560   -1.153303
-0.153235   -0.802369
-0.151484   -0.081182
-0.244427   -1.290303
-0.242443   -1.568250
-0.244246   -1.455848
-0.244148   -1.129875
-0.244863   -0.778941
-0.194915   -0.057754
-0.182700   -0.023428
-0.230896   0.000000
-0.145538   -1.951119
-0.143593   -1.802841
-0.142244   -1.494966
-0.140118   -1.296371
-0.114076   -1.192718
-0.110276   -1.340997
-0.109353   -0.711166
-0.106786   -0.884843
-0.100856   -0.656978
-0.098480   -0.686249
-0.221594   -0.861415
-0.226543   -0.687738
-0.228011   -1.317569
-0.228924   -1.169290
-0.226664   -0.662821
-0.169324   -0.633550
-0.131969   -0.023428
-0.215710   0.000000
-0.145619   -1.367537
-0.145059   -1.375478
-0.143929   -1.667929
-0.139423   -1.668539
-0.126085   -0.691305
-0.121233   -1.125479
-0.120639   -1.092743
-0.119778   -0.791741
-0.113001   -1.092133
-0.111220   -0.799682
-0.218405   -1.034379
-0.230972   -1.067725
-0.222391   -0.741927
-0.224783   -1.034989
-0.229128   -0.733986
-0.175164   -0.633550
-0.148053   -0.057754
-0.212401   0.000000
-0.122924   -2.258745
-0.120035   -2.054141
-0.112076   -1.938020
-0.111243   -2.009185
-0.108212   -1.306370
-0.105974   -1.014716
-0.105461   -0.908348
-0.100621   -0.810112
-0.097374   -0.693992
-0.096198   -0.765157
-0.197718   -0.983545
-0.231022   -0.877177
-0.136304   -1.275199
-0.116164   -0.031171
-0.231956   -0.733986
-0.232980   -0.662821
-0.233658   -0.778941
-0.225822   0.000000
-0.094136   -1.200461
-0.086025   -1.910397
-0.081849   -0.934383
-0.072322   -1.038356
-0.044909   -0.903338
-0.044874   -1.007311
-0.039968   -1.169416
-0.038244   -1.130001
-0.035745   -1.035114
-0.033519   -0.031297
-0.180887   -1.007185
-0.237959   -0.903212
-0.047765   -0.000126
-0.112499   -0.031171
-0.250741   -1.034989
-0.248292   -1.169290
-0.248933   -1.129875
-0.240420   0.000000
-0.110312   -2.592768
-0.084359   -1.278082
-0.067049   -1.283715
-0.058320   -0.011399
-0.040476   -1.275325
-0.036282   -1.455974
-0.036197   -1.317694
-0.032690   -0.742053
-0.027539   -0.008642
-0.023721   -0.003009
-0.160768   -0.008516
-0.238302   -0.002883
-0.045646   -0.000126
-0.138130   -1.275199
-0.244815   -0.741927
-0.244688   -1.317569
-0.248909   -1.455848
-0.243325   0.000000
-0.076007   -2.471462
-0.074852   -1.590950
-0.072553   -1.970937
-0.068126   -1.278264
-0.028118   -0.906095
-0.027228   -0.880060
-0.026508   -0.377935
-0.024305   -1.070607
-0.023700   -1.571133
-0.017260   -0.690621
-0.142862   -0.375052
-0.030406   -0.002883
-0.103525   -0.903212
-0.178930   -0.877177
-0.213531   -1.067725
-0.206049   -0.687738
-0.211777   -1.568250
-0.204891   0.000000
-0.078388   -2.297489
-0.071801   -2.041564
-0.071414   -1.868601
-0.062367   -1.382238
-0.048881   -0.992062
-0.048462   -1.015702
-0.046183   -0.383569
-0.045582   -1.042895
-0.044282   -0.869932
-0.044002   -1.298820
-0.151317   -0.375052
-0.052173   -0.008516
-0.094392   -1.007185
-0.165305   -0.983545
-0.191351   -1.034379
-0.195413   -0.861415
-0.194844   -1.290303
-0.191548   0.000000
-0.175248   -1.132921
-0.171467   -1.498680
-0.170220   -1.440257
-0.167600   -1.650845
-0.163604   -1.238748
-0.162849   -1.180846
-0.162792   -0.307971
-0.158361   -1.391434
-0.156513   -0.873510
-0.156065   -1.239268
-0.237227   -1.367154
-0.231452   -1.214468
-0.238155   -1.156566
-0.228390   -1.214988
-0.238465   -0.849229
-0.203032   -0.283691
-0.186264   -0.024280
-0.219502   0.000000
-0.136038   -2.256201
-0.135337   -2.008190
-0.135088   -2.220174
-0.134742   -1.374296
-0.101922   -1.033943
-0.101884   -1.234791
-0.100673   -1.022807
-0.100632   -1.270819
-0.096134   -1.192772
-0.088772   -0.388913
-0.206405   -0.998527
-0.194718   -0.364633
-0.206839   -1.210511
-0.205462   -1.246538
-0.207024   -1.168492
-0.165565   -1.009663
-0.114355   -0.024280
-0.184079   0.000000
-0.158095   -1.822637
-0.156301   -1.780142
-0.155824   -1.293354
-0.155740   -1.659088
-0.154769   -2.078435
-0.149452   -1.054171
-0.144809   -1.352463
-0.144264   -1.585858
-0.138296   -0.933117
-0.137185   -1.096666
-0.227133   -0.812974
-0.225222   -0.770479
-0.224871   -1.302167
-0.220970   -1.068772
-0.227245   -0.649425
-0.186908   -1.009663
-0.171425   -0.283691
-0.209903   0.000000
-0.142079   -2.315439
-0.132556   -2.250209
-0.128677   -1.731143
-0.128165   -1.279152
-0.127064   -1.930947
-0.125143   -1.127147
-0.121683   -1.213921
-0.120930   -1.245218
-0.119701   -0.894659
-0.110454   -0.694855
-0.203918   -1.199789
-0.241168   -1.233722
-0.160269   -1.081717
-0.140914   -0.045430
-0.243009   -0.649425
-0.243768   -1.168492
-0.232047   -0.849229
-0.229267   0.000000
-0.114810   -1.114201
-0.089610   -0.538487
-0.087661   -1.303330
-0.083545   -0.855702
-0.053087   -0.810461
-0.048473   -0.493246
-0.047108   -1.246727
-0.046357   -1.215177
-0.041810   -1.068960
-0.041724   -0.045618
-0.157406   -0.810272
-0.224071   -0.493058
-0.058053   -0.000189
-0.139306   -0.045430
-0.246259   -1.068772
-0.245028   -1.246538
-0.241331   -1.214988
-0.235166   0.000000
-0.106967   -1.215245
-0.090882   -1.092757
-0.078133   -1.086451
-0.055787   -0.015774
-0.050428   -1.081906
-0.049497   -1.156754
-0.046199   -1.210700
-0.042686   -1.302355
-0.038136   -0.011228
-0.034515   -0.004923
-0.131829   -0.004734
-0.221998   -0.011040
-0.056732   -0.000189
-0.164802   -1.081717
-0.254193   -1.302167
-0.249313   -1.210511
-0.247880   -1.156566
-0.239283   0.000000
-0.089838   -1.707525
-0.089404   -1.263537
-0.084860   -0.857691
-0.082150   -0.940704
-0.053499   -0.458686
-0.051549   -0.504097
-0.050455   -1.244762
-0.043491   -0.781519
-0.039780   -1.225507
-0.026179   -0.375673
-0.156706   -0.447646
-0.057348   -0.011040
-0.117102   -0.493058
-0.219235   -1.233722
-0.227918   -0.770479
-0.221755   -0.364633
-0.218359   -1.214468
-0.229360   0.000000
-0.085156   -1.808799
-0.083264   -2.177426
-0.078119   -1.623247
-0.070963   -1.257918
-0.054568   -0.815006
-0.054083   -1.204523
-0.051397   -0.452380
-0.049608   -0.817708
-0.048792   -1.371888
-0.048387   -1.003261
-0.157367   -0.447646
-0.059866   -0.004734
-0.102332   -0.810272
-0.189158   -1.199789
-0.229714   -0.812974
-0.227677   -0.998527
-0.229909   -1.367154
-0.218881   0.000000
-0.180712   -1.320907
-0.175624   -1.014175
-0.171623   -0.782174
-0.168916   -0.853240
-0.148595   -0.999954
-0.147322   -1.191347
-0.143991   -1.306686
-0.142239   -0.767953
-0.141642   -0.839019
-0.120595   -0.024514
-0.254651   -1.301540
-0.243662   -0.833873
-0.243248   -0.762806
-0.250084   -0.994808
-0.255561   -1.186200
-0.208801   -0.019367
-0.169777   -0.005147
-0.239803   0.000000
-0.160078   -1.957625
-0.154493   -1.877758
-0.153536   -1.576196
-0.148587   -1.163025
-0.130768   -0.932342
-0.129107   -1.035576
-0.127955   -0.654147
-0.124026   -1.073187
-0.122643   -0.955709
-0.121929   -0.240977
-0.226676   -1.030430
-0.211046   -0.235830
-0.221765   -0.649001
-0.222121   -0.950563
-0.231505   -1.068041
-0.199289   -0.927195
-0.152538   -0.005147
-0.218601   0.000000
-0.151382   -2.434082
-0.149249   -1.827264
-0.145888   -1.305431
-0.143012   -1.178551
-0.107457   -0.946563
-0.103203   -0.955253
-0.100485   -0.919436
-0.098781   -0.397603
-0.096581   -1.526254
-0.090918   -0.270723
-0.217727   -1.506887
-0.212594   -0.378236
-0.216673   -0.251355
-0.222513   -0.935886
-0.220934   -0.900068
-0.183970   -0.927195
-0.118769   -0.019367
-0.201835   0.000000
-0.155128   -2.449311
-0.154532   -2.331152
-0.147928   -2.010493
-0.145247   -1.179615
-0.143886   -2.163180
-0.141805   -0.886113
-0.139787   -1.255391
-0.138373   -1.332302
-0.130854   -1.137231
-0.129846   -0.969259
-0.231791   -0.816922
-0.180715   -1.110425
-0.178178   -1.263111
-0.156148   -0.069191
-0.231711   -0.900068
-0.229928   -1.068041
-0.239611   -1.186200
-0.225184   0.000000
-0.092194   -1.630389
-0.089658   -0.850922
-0.089499   -1.038336
-0.087679   -1.547066
-0.085677   -1.615712
-0.084075   -1.121659
-0.081889   -1.165904
-0.081306   -0.749017
-0.072115   -0.240287
-0.070147   -1.106982
-0.209317   -0.867240
-0.105143   -0.679826
-0.095991   -0.171096
-0.141805   -0.069191
-0.224741   -0.935886
-0.215893   -0.950563
-0.226987   -0.994808
-0.209977   0.000000
-0.073976   -0.820097
-0.066947   -0.933902
-0.048148   -0.422451
-0.047510   -0.174251
-0.030220   -0.649152
-0.029448   -0.762957
-0.028901   -1.263262
-0.026705   -0.171247
-0.021691   -0.251507
-0.008600   -0.003306
-0.195346   -0.003155
-0.033933   -0.000151
-0.085802   -0.171096
-0.158570   -1.263111
-0.211206   -0.251355
-0.215276   -0.649001
-0.224356   -0.762806
-0.207029   0.000000
-0.043851   -0.915656
-0.041814   -1.513699
-0.035908   -1.391013
-0.034080   -1.058062
-0.005169   -0.711338
-0.004800   -0.679978
-0.004707   -1.110576
-0.004234   -0.378387
-0.004108   -0.834024
-0.003454   -0.235981
-0.153079   -0.711186
-0.005472   -0.000151
-0.057486   -0.679826
-0.115751   -1.110425
-0.167595   -0.378236
-0.163582   -0.235830
-0.173994   -0.833873
-0.164078   0.000000
-0.050144   -2.012726
-0.048046   -1.578427
-0.047342   -1.528109
-0.040186   -2.218073
-0.022212   -0.714341
-0.021167   -0.870395
-0.020703   -1.304694
-0.020675   -0.820077
-0.020650   -1.510042
-0.019423   -1.033585
-0.057494   -0.711186
-0.023334   -0.003155
-0.102336   -0.867240
-0.122814   -0.816922
-0.130775   -1.506887
-0.145445   -1.030430
-0.147168   -1.301540
-0.133934   0.000000
-0.191873   -1.293594
-0.187934   -0.722414
-0.185931   -1.110605
-0.179184   -0.801123
-0.154531   -0.801674
-0.153289   -1.278552
-0.149300   -0.707371
-0.149190   -0.786080
-0.146371   -0.033821
-0.146071   -1.095562
-0.245556   -0.792285
-0.237101   -1.086172
-0.235691   -0.776690
-0.245355   -0.697981
-0.243795   -1.269162
-0.231552   -0.024432
-0.181862   -0.009389
-0.233309   0.000000
-0.179652   -1.997818
-0.179032   -1.724593
-0.171522   -1.559538
-0.166711   -1.768024
-0.151541   -1.122365
-0.148218   -0.621007
-0.144717   -1.395590
-0.144620   -0.761542
-0.143536   -0.957310
-0.142201   -1.165796
-0.220297   -0.752153
-0.223229   -1.112975
-0.221657   -1.386200
-0.225658   -0.947920
-0.226253   -1.156407
-0.213114   -0.611617
-0.169832   -0.009389
-0.207507   0.000000
-0.166586   -1.099640
-0.165333   -1.317692
-0.162332   -0.804144
-0.158097   -0.837777
-0.119532   -0.636050
-0.119418   -1.129281
-0.118737   -0.512455
-0.115521   -0.602416
-0.115440   -0.764141
-0.106991   -0.250592
-0.216580   -0.739708
-0.214863   -0.488023
-0.207632   -0.226160
-0.223792   -0.577984
-0.222563   -1.104849
-0.204059   -0.611617
-0.137675   -0.024432
-0.206866   0.000000
-0.145599   -0.977520
-0.144052   -1.909238
-0.141348   -1.796482
-0.139940   -1.948957
-0.137922   -1.402574
-0.135260   -0.773488
-0.133990   -1.185640
-0.133501   -1.289819
-0.128999   -1.744925
-0.127854   -1.238261
-0.222069   -1.052228
-0.170105   -0.844108
-0.166910   -0.640076
-0.155247   -0.133412
-0.241169   -1.104849
-0.235856   -1.156407
-0.245398   -1.269162
-0.232320   0.000000
-0.115561   -1.466046
-0.114759   -1.577555
-0.114297   -1.708703
-0.111788   -1.958642
-0.105384   -1.144134
-0.105303   -1.403245
-0.104873   -1.153306
-0.097352   -1.588705
-0.093743   -0.588736
-0.083517   -1.033308
-0.216734   -1.122231
-0.125363   -1.010722
-0.119022   -0.455324
-0.152507   -0.133412
-0.240704   -0.577984
-0.234974   -0.947920
-0.242901   -0.697981
-0.228442   0.000000
-0.069613   -1.095400
-0.064937   -1.232015
-0.047653   -0.681484
-0.036829   -0.456730
-0.033098   -1.386620
-0.032731   -0.640495
-0.032214   -0.777110
-0.030739   -0.455744
-0.021145   -0.226579
-0.007688   -0.001825
-0.169563   -0.001405
-0.036737   -0.000419
-0.083109   -0.455324
-0.149003   -0.640076
-0.210038   -0.226160
-0.219725   -1.386200
-0.226833   -0.776690
-0.212767   0.000000
-0.035292   -2.123697
-0.033419   -2.096894
-0.026604   -1.498744
-0.020419   -1.637558
-0.003106   -0.627256
-0.002928   -1.011141
-0.002826   -0.488442
-0.002766   -0.844527
-0.002709   -1.086592
-0.002538   -1.113395
-0.113771   -0.626836
-0.003348   -0.000419
-0.047191   -1.010722
-0.111960   -0.844108
-0.162136   -0.488023
-0.163142   -1.112975
-0.167975   -1.086172
-0.158913   0.000000
-0.046469   -1.749067
-0.045585   -1.679065
-0.045316   -1.378989
-0.039933   -1.366545
-0.016006   -0.628242
-0.015524   -1.123636
-0.015395   -1.053634
-0.015134   -0.741114
-0.014741   -0.793690
-0.014299   -0.753558
-0.051655   -0.626836
-0.016875   -0.001405
-0.104842   -1.122231
-0.137109   -1.052228
-0.147795   -0.739708
-0.146777   -0.752153
-0.149432   -0.792285
-0.132254   0.000000
-0.152977   -1.714332
-0.149781   -1.748294
-0.146547   -2.072869
-0.138954   -2.597505
-0.081604   -0.923270
-0.081467   -0.914060
-0.080239   -1.272597
-0.078887   -0.801108
-0.077750   -0.835070
-0.076922   -1.325744
-0.204072   -0.913642
-0.197823   -0.834651
-0.194011   -1.272179
-0.232988   -1.325325
-0.230967   -0.922852
-0.094657   -0.000418
-0.200598   -0.800690
-0.211907   0.000000
-0.165817   -1.746603
-0.157038   -2.271966
-0.155494   -1.382158
-0.154369   -1.656279
-0.089375   -1.473470
-0.084050   -0.802883
-0.082482   -0.948106
-0.081985   -0.857782
-0.079333   -0.650909
-0.061584   -0.583662
-0.220983   -0.855589
-0.105375   -0.002193
-0.213344   -0.581468
-0.230180   -0.945913
-0.228818   -1.471276
-0.201874   -0.648716
-0.191386   -0.800690
-0.211377   0.000000
-0.140543   -1.448005
-0.136116   -0.605222
-0.128866   -0.714259
-0.106237   -1.192033
-0.083405   -1.045897
-0.080443   -1.126908
-0.079758   -0.649134
-0.074029   -0.908744
-0.073193   -0.540097
-0.063471   -0.065961
-0.194124   -0.908326
-0.200333   -0.539679
-0.172154   -0.065543
-0.244689   -1.126490
-0.242105   -1.045479
-0.214872   -0.648716
-0.095555   -0.000418
-0.229164   0.000000
-0.188177   -2.563231
-0.185748   -2.658391
-0.184245   -1.933806
-0.183479   -2.232594
-0.176802   -1.020371
-0.176094   -1.142998
-0.170128   -1.189474
-0.169636   -0.844211
-0.167539   -1.284635
-0.162858   -1.568796
-0.235555   -0.746691
-0.222448   -1.091955
-0.215161   -1.187115
-0.199298   -0.097519
-0.239378   -1.045479
-0.238930   -1.471276
-0.238707   -0.922852
-0.220318   0.000000
-0.125698   -0.806405
-0.125391   -1.043432
-0.124501   -1.224009
-0.123439   -1.370820
-0.123223   -1.422845
-0.121500   -0.983956
-0.111207   -0.865882
-0.097252   -0.135562
-0.096250   -1.363368
-0.063358   -1.164533
-0.197200   -0.768362
-0.199277   -1.273300
-0.146061   -0.038043
-0.150590   -0.097519
-0.224534   -1.126490
-0.227156   -0.945913
-0.226875   -1.325325
-0.215320   0.000000
-0.112725   -1.278310
-0.096256   -1.193246
-0.095335   -1.252658
-0.094556   -0.092447
-0.092226   -0.064947
-0.090282   -0.071674
-0.077983   -0.044174
-0.076332   -1.310222
-0.063123   -0.033036
-0.036137   -0.103586
-0.144367   -0.006131
-0.164360   -0.026904
-0.147753   -0.038043
-0.200780   -1.187115
-0.157208   -0.065543
-0.237015   -0.581468
-0.196356   -1.272179
-0.230270   0.000000
-0.099665   -1.044112
-0.098679   -1.118859
-0.098253   -0.836845
-0.096446   -1.019401
-0.088612   -0.566583
-0.081275   -0.541872
-0.080049   -1.094148
-0.077620   -0.861556
-0.068245   -1.275494
-0.018212   -0.029098
-0.183418   -1.017208
-0.114035   -0.026904
-0.174929   -1.273300
-0.177950   -1.091955
-0.159762   -0.539679
-0.123587   -0.002193
-0.166800   -0.834651
-0.175134   0.000000
-0.156734   -1.925534
-0.153930   -1.930850
-0.139447   -1.682004
-0.122965   -1.676688
-0.099589   -1.023339
-0.096790   -0.861720
-0.096113   -0.919774
-0.095712   -0.774494
-0.093885   -0.914457
-0.090737   -0.752823
-0.214900   -1.017208
-0.110710   -0.006131
-0.201920   -0.768362
-0.233033   -0.746691
-0.192060   -0.908326
-0.229466   -0.855589
-0.202122   -0.913642
-0.220322   0.000000
-0.165933   -2.251980
-0.164893   -1.028584
-0.161909   -1.547766
-0.158943   -1.132209
-0.091583   -1.334134
-0.090211   -0.918576
-0.088078   -0.572721
-0.087650   -0.943678
-0.081686   -0.814951
-0.081046   -0.214363
-0.221526   -0.943313
-0.216137   -0.572356
-0.220352   -0.918211
-0.234077   -1.333769
-0.231513   -0.814586
-0.099806   -0.000365
-0.197373   -0.213998
-0.212685   0.000000
-0.150079   -1.668960
-0.149817   -1.260375
-0.146969   -0.959464
-0.143517   -0.952178
-0.114932   -0.763288
-0.106545   -0.756002
-0.105187   -0.640404
-0.099972   -0.231819
-0.095544   -0.983113
-0.073419   -1.064199
-0.219701   -0.965291
-0.136305   -0.017821
-0.223883   -1.046378
-0.220584   -0.738181
-0.218032   -0.745467
-0.191673   -0.622583
-0.185578   -0.213998
-0.202079   0.000000
-0.159774   -0.804918
-0.154202   -1.769323
-0.144685   -1.424289
-0.144642   -0.785184
-0.077322   -0.622948
-0.074784   -0.642682
-0.071369   -1.016987
-0.071200   -1.147105
-0.070609   -1.262053
-0.063825   -0.162966
-0.208112   -1.146740
-0.214750   -0.642317
-0.202492   -0.162601
-0.231255   -1.261688
-0.231440   -1.016622
-0.202083   -0.622583
-0.088293   -0.000365
-0.209052   0.000000
-0.165728   -2.034639
-0.160542   -1.260251
-0.153376   -1.531406
-0.149828   -1.329370
-0.138480   -0.553932
-0.137665   -1.320041
-0.133402   -1.055770
-0.133016   -1.259201
-0.132477   -0.853734
-0.126506   -0.784615
-0.215964   -1.220053
-0.222838   -1.280893
-0.188952   -0.514784
-0.156222   -0.039148
-0.237414   -1.016622
-0.235506   -0.745467
-0.240430   -0.814586
-0.226608   0.000000
-0.086353   -0.411805
-0.085094   -0.745960
-0.081227   -0.777329
-0.080796   -1.045768
-0.079684   -1.300836
-0.078633   -1.372917
-0.074799   -0.443174
-0.068392   -1.341548
-0.059565   -0.046928
-0.042670   -1.269467
-0.168251   -0.404026
-0.180389   -1.006620
-0.105540   -0.007780
-0.098151   -0.039148
-0.211534   -1.261688
-0.209023   -0.738181
-0.215350   -1.333769
-0.199745   0.000000
-0.084214   -0.164296
-0.083389   -1.054157
-0.082052   -0.522564
-0.073602   -0.054321
-0.070430   -0.516480
-0.065208   -0.677385
-0.052977   -0.925991
-0.046444   -0.009475
-0.039957   -0.048237
-0.024618   -0.170381
-0.127604   -0.001696
-0.160736   -0.046542
-0.095387   -0.007780
-0.141438   -0.514784
-0.170118   -0.162601
-0.207207   -1.046378
-0.198602   -0.918211
-0.197469   0.000000
-0.046361   -1.578976
-0.044903   -1.298715
-0.043328   -1.053162
-0.043244   -0.623297
-0.040349   -1.327435
-0.038093   -1.648937
-0.035529   -1.024441
-0.035079   -0.618898
-0.032942   -0.688858
-0.007291   -0.064363
-0.103551   -0.576755
-0.047445   -0.046542
-0.073834   -1.006620
-0.079153   -1.280893
-0.095856   -0.642317
-0.093826   -0.017821
-0.101945   -0.572356
-0.092697   0.000000
-0.137263   -2.163366
-0.130488   -2.366793
-0.122278   -1.347339
-0.100823   -1.550766
-0.067446   -1.221749
-0.066885   -0.405721
-0.065836   -0.578451
-0.065221   -1.148436
-0.062615   -0.945009
-0.059824   -0.966987
-0.210379   -0.576755
-0.078279   -0.001696
-0.169698   -0.404026
-0.188002   -1.220053
-0.199224   -1.146740
-0.225950   -0.965291
-0.216859   -0.943313
-0.219422   0.000000
-6.168225   -1.513602
-6.086260   -1.626005
-6.060678   -1.348058
-6.050684   -0.836696
-5.741420   -1.591678
-5.724898   -1.479276
-5.706599   -1.313731
-5.608024   -1.153303
-5.454089   -0.802369
-5.391785   -0.081182
-8.699898   -1.290303
-8.629256   -1.568250
-8.693461   -1.455848
-8.689951   -1.129875
-8.715408   -0.778941
-6.937604   -0.057754
-6.502841   -0.023428
-8.218270   0.000000
-5.180138   -1.951119
-5.110922   -1.802841
-5.062887   -1.494966
-4.987221   -1.296371
-4.060304   -1.192718
-3.925040   -1.340997
-3.892191   -0.711166
-3.800824   -0.884843
-3.589753   -0.656978
-3.505209   -0.686249
-7.887203   -0.861415
-8.063354   -0.687738
-8.115583   -1.317569
-8.148084   -1.169290
-8.067656   -0.662821
-6.026762   -0.633550
-4.697175   -0.023428
-7.677784   0.000000
-5.183010   -1.367537
-5.163074   -1.375478
-5.122870   -1.667929
-4.962488   -1.668539
-4.487743   -0.691305
-4.315059   -1.125479
-4.293901   -1.092743
-4.263246   -0.791741
-4.022042   -1.092133
-3.958663   -0.799682
-7.773689   -1.034379
-8.220997   -1.067725
-7.915572   -0.741927
-8.000709   -1.034989
-8.155337   -0.733986
-6.234617   -0.633550
-5.269633   -0.057754
-7.560006   0.000000
-4.375232   -2.258745
-4.272392   -2.054141
-3.989138   -1.938020
-3.959475   -2.009185
-3.851605   -1.306370
-3.771935   -1.014716
-3.753676   -0.908348
-3.581420   -0.810112
-3.465837   -0.693992
-3.423982   -0.765157
-7.037388   -0.983545
-8.222779   -0.877177
-4.851464   -1.275199
-4.134629   -0.031171
-8.256022   -0.733986
-8.292454   -0.662821
-8.316588   -0.778941
-8.037681   0.000000
-3.350591   -1.200461
-3.061901   -1.910397
-2.913264   -0.934383
-2.574167   -1.038356
-1.598443   -0.903338
-1.597183   -1.007311
-1.422566   -1.169416
-1.361230   -1.130001
-1.272289   -1.035114
-1.193045   -0.031297
-6.438309   -1.007185
-8.469668   -0.903212
-1.700085   -0.000126
-4.004194   -0.031171
-8.924621   -1.034989
-8.837447   -1.169290
-8.860286   -1.129875
-8.557278   0.000000
-3.926352   -2.592768
-3.002597   -1.278082
-2.386468   -1.283715
-2.075769   -0.011399
-1.440665   -1.275325
-1.291398   -1.455974
-1.288355   -1.317694
-1.163546   -0.742053
-0.980205   -0.008642
-0.844292   -0.003009
-5.722231   -0.008516
-8.481889   -0.002883
-1.624663   -0.000126
-4.916449   -1.275199
-8.713708   -0.741927
-8.709171   -1.317569
-8.859424   -1.455848
-8.660655   0.000000
-2.705310   -2.471462
-2.664191   -1.590950
-2.582390   -1.970937
-2.424806   -1.278264
-1.000805   -0.906095
-0.969111   -0.880060
-0.943492   -0.377935
-0.865101   -1.070607
-0.843558   -1.571133
-0.614320   -0.690621
-5.084898   -0.375052
-1.082241   -0.002883
-3.684756   -0.903212
-6.368638   -0.877177
-7.600222   -1.067725
-7.333917   -0.687738
-7.537775   -1.568250
-7.292689   0.000000
-2.790053   -2.297489
-2.555601   -2.041564
-2.541837   -1.868601
-2.219814   -1.382238
-1.739812   -0.992062
-1.724926   -1.015702
-1.643784   -0.383569
-1.622407   -1.042895
-1.576126   -0.869932
-1.566148   -1.298820
-5.385827   -0.375052
-1.856983   -0.008516
-3.359693   -1.007185
-5.883710   -0.983545
-6.810767   -1.034379
-6.955335   -0.861415
-6.935067   -1.290303
-6.817781   0.000000
-6.318854   -1.132921
-6.182533   -1.498680
-6.137562   -1.440257
-6.043087   -1.650845
-5.899008   -1.238748
-5.871778   -1.180846
-5.869731   -0.307971
-5.709974   -1.391434
-5.643347   -0.873510
-5.627174   -1.239268
-8.553622   -1.367154
-8.345374   -1.214468
-8.587094   -1.156566
-8.234984   -1.214988
-8.598264   -0.849229
-7.320674   -0.283691
-6.716069   -0.024280
-7.914522   0.000000
-4.905086   -2.256201
-4.879786   -2.008190
-4.870807   -2.220174
-4.858337   -1.374296
-3.674954   -1.033943
-3.673606   -1.234791
-3.629933   -1.022807
-3.628457   -1.270819
-3.466268   -1.192772
-3.200822   -0.388913
-7.442264   -0.998527
-7.020891   -0.364633
-7.457912   -1.210511
-7.408296   -1.246538
-7.464614   -1.168492
-5.969738   -1.009663
-4.123245   -0.024280
-6.637261   0.000000
-5.700372   -1.822637
-5.635679   -1.780142
-5.618486   -1.293354
-5.615471   -1.659088
-5.580465   -2.078435
-5.388735   -1.054171
-5.221323   -1.352463
-5.201675   -1.585858
-4.986480   -0.933117
-4.946451   -1.096666
-8.189650   -0.812974
-8.120773   -0.770479
-8.108110   -1.302167
-7.967458   -1.068772
-8.193691   -0.649425
-6.739278   -1.009663
-6.181032   -0.283691
-7.568399   0.000000
-5.122884   -2.315439
-4.779520   -2.250209
-4.639662   -1.731143
-4.621188   -1.279152
-4.581510   -1.930947
-4.512228   -1.127147
-4.387470   -1.213921
-4.360339   -1.245218
-4.316004   -0.894659
-3.982622   -0.694855
-7.352601   -1.199789
-8.695726   -1.233722
-5.778754   -1.081717
-5.080885   -0.045430
-8.762098   -0.649425
-8.789457   -1.168492
-8.366841   -0.849229
-8.266595   0.000000
-4.139652   -1.114201
-3.231023   -0.538487
-3.160748   -1.303330
-3.012344   -0.855702
-1.914134   -0.810461
-1.747765   -0.493246
-1.698543   -1.246727
-1.671493   -1.215177
-1.507529   -1.068960
-1.504411   -0.045618
-5.675537   -0.810272
-8.079239   -0.493058
-2.093209   -0.000189
-5.022923   -0.045430
-8.879293   -1.068772
-8.834907   -1.246538
-8.701608   -1.214988
-8.479309   0.000000
-3.856891   -1.215245
-3.276900   -1.092757
-2.817204   -1.086451
-2.011488   -0.015774
-1.818264   -1.081906
-1.784703   -1.156754
-1.665773   -1.210700
-1.539101   -1.302355
-1.375074   -0.011228
-1.244511   -0.004923
-4.753327   -0.004734
-8.004508   -0.011040
-2.045579   -0.000189
-5.942207   -1.081717
-9.165355   -1.302167
-8.989391   -1.210511
-8.937738   -1.156566
-8.627751   0.000000
-3.239274   -1.707525
-3.223614   -1.263537
-3.059757   -0.857691
-2.962069   -0.940704
-1.929009   -0.458686
-1.858690   -0.504097
-1.819242   -1.244762
-1.568130   -0.781519
-1.434351   -1.225507
-0.943932   -0.375673
-5.650288   -0.447646
-2.067773   -0.011040
-4.222312   -0.493058
-7.904903   -1.233722
-8.217971   -0.770479
-7.995736   -0.364633
-7.873304   -1.214468
-8.269970   0.000000
-3.070428   -1.808799
-3.002220   -2.177426
-2.816695   -1.623247
-2.558678   -1.257918
-1.967534   -0.815006
-1.950048   -1.204523
-1.853189   -0.452380
-1.788692   -0.817708
-1.759283   -1.371888
-1.744667   -1.003261
-5.674149   -0.447646
-2.158558   -0.004734
-3.689758   -0.810272
-6.820407   -1.199789
-8.282714   -0.812974
-8.209279   -0.998527
-8.289766   -1.367154
-7.892123   0.000000
-6.655089   -1.320907
-6.467727   -1.014175
-6.320397   -0.782174
-6.220703   -0.853240
-5.472342   -0.999954
-5.425426   -1.191347
-5.302775   -1.306686
-5.238267   -0.767953
-5.216268   -0.839019
-4.441181   -0.024514
-9.378058   -1.301540
-8.973354   -0.833873
-8.958121   -0.762806
-9.209855   -0.994808
-9.411561   -1.186200
-7.689539   -0.019367
-6.252400   -0.005147
-8.831238   0.000000
-5.895218   -1.957625
-5.689514   -1.877758
-5.654300   -1.576196
-5.472041   -1.163025
-4.815804   -0.932342
-4.754653   -1.035576
-4.712201   -0.654147
-4.567526   -1.073187
-4.516586   -0.955709
-4.490309   -0.240977
-8.347840   -1.030430
-7.772220   -0.235830
-8.166957   -0.649001
-8.180089   -0.950563
-8.525678   -1.068041
-7.339238   -0.927195
-5.617525   -0.005147
-8.050432   0.000000
-5.574977   -2.434082
-5.496410   -1.827264
-5.372639   -1.305431
-5.266723   -1.178551
-3.957320   -0.946563
-3.800666   -0.955253
-3.700570   -0.919436
-3.637802   -0.397603
-3.556805   -1.526254
-3.348235   -0.270723
-8.018241   -1.506887
-7.829238   -0.378236
-7.979450   -0.251355
-8.194498   -0.935886
-8.136364   -0.900068
-6.775090   -0.927195
-4.373935   -0.019367
-7.432998   0.000000
-5.712906   -2.449311
-5.690953   -2.331152
-5.447767   -2.010493
-5.349026   -1.179615
-5.298923   -2.163180
-5.222263   -0.886113
-5.147960   -1.255391
-5.095878   -1.332302
-4.818975   -1.137231
-4.781851   -0.969259
-8.536177   -0.816922
-6.655227   -1.110425
-6.561776   -1.263111
-5.750470   -0.069191
-8.533257   -0.900068
-8.467594   -1.068041
-8.824167   -1.186200
-8.292891   0.000000
-3.395228   -1.630389
-3.301859   -0.850922
-3.295994   -1.038336
-3.228961   -1.547066
-3.155231   -1.615712
-3.096236   -1.121659
-3.015729   -1.165904
-2.994274   -0.749017
-2.655776   -0.240287
-2.583322   -1.106982
-7.708539   -0.867240
-3.872122   -0.679826
-3.535066   -0.171096
-5.222264   -0.069191
-8.276575   -0.935886
-7.950720   -0.950563
-8.359274   -0.994808
-7.732845   0.000000
-2.724324   -0.820097
-2.465447   -0.933902
-1.773136   -0.422451
-1.749643   -0.174251
-1.112925   -0.649152
-1.084501   -0.762957
-1.064359   -1.263262
-0.983466   -0.171247
-0.798820   -0.251507
-0.316717   -0.003306
-7.194019   -0.003155
-1.249654   -0.000151
-3.159845   -0.171096
-5.839681   -1.263111
-7.778118   -0.251355
-7.927983   -0.649001
-8.262397   -0.762806
-7.624271   0.000000
-1.614902   -0.915656
-1.539880   -1.513699
-1.322395   -1.391013
-1.255050   -1.058062
-0.190347   -0.711338
-0.176768   -0.679978
-0.173356   -1.110576
-0.155928   -0.378387
-0.151297   -0.834024
-0.127217   -0.235981
-5.637459   -0.711186
-0.201531   -0.000151
-2.117045   -0.679826
-4.262776   -1.110425
-6.172023   -0.378236
-6.024271   -0.235830
-6.407699   -0.833873
-6.042510   0.000000
-1.846643   -2.012726
-1.769381   -1.578427
-1.743462   -1.528109
-1.479951   -2.218073
-0.817989   -0.714341
-0.779504   -0.870395
-0.762429   -1.304694
-0.761403   -0.820077
-0.760481   -1.510042
-0.715289   -1.033585
-2.117334   -0.711186
-0.859322   -0.003155
-3.768751   -0.867240
-4.522886   -0.816922
-4.816066   -1.506887
-5.356314   -1.030430
-5.419755   -1.301540
-4.932389   0.000000
-6.977505   -1.293594
-6.834270   -0.722414
-6.761432   -1.110605
-6.516080   -0.801123
-5.619566   -0.801674
-5.574403   -1.278552
-5.429308   -0.707371
-5.425312   -0.786080
-5.322827   -0.033821
-5.311904   -1.095562
-8.929702   -0.792285
-8.622213   -1.086172
-8.570967   -0.776690
-8.922371   -0.697981
-8.865652   -1.269162
-8.420448   -0.024432
-6.613450   -0.009389
-8.484325   0.000000
-6.533090   -1.997818
-6.510547   -1.724593
-6.237431   -1.559538
-6.062471   -1.768024
-5.510805   -1.122365
-5.389965   -0.621007
-5.262675   -1.395590
-5.259119   -0.761542
-5.219702   -0.957310
-5.171154   -1.165796
-8.011132   -0.752153
-8.117782   -1.112975
-8.060607   -1.386200
-8.206111   -0.947920
-8.227744   -1.156407
-7.749920   -0.611617
-6.175970   -0.009389
-7.546036   0.000000
-6.057947   -1.099640
-6.012379   -1.317692
-5.903229   -0.804144
-5.749237   -0.837777
-4.346792   -0.636050
-4.342648   -1.129281
-4.317911   -0.512455
-4.200953   -0.602416
-4.198009   -0.764141
-3.890739   -0.250592
-7.875960   -0.739708
-7.813555   -0.488023
-7.550574   -0.226160
-8.138253   -0.577984
-8.093560   -1.104849
-7.420629   -0.611617
-5.006580   -0.024432
-7.522735   0.000000
-5.294729   -0.977520
-5.238470   -1.909238
-5.140141   -1.796482
-5.088929   -1.948957
-5.015550   -1.402574
-4.918752   -0.773488
-4.872564   -1.185640
-4.854786   -1.289819
-4.691075   -1.744925
-4.649434   -1.238261
-8.075586   -1.052228
-6.185918   -0.844108
-6.069729   -0.640076
-5.645606   -0.133412
-8.770157   -1.104849
-8.576952   -1.156407
-8.923953   -1.269162
-8.448357   0.000000
-4.202387   -1.466046
-4.173246   -1.577555
-4.156450   -1.708703
-4.065193   -1.958642
-3.832304   -1.144134
-3.829347   -1.403245
-3.813721   -1.153306
-3.540243   -1.588705
-3.408971   -0.588736
-3.037129   -1.033308
-7.881560   -1.122231
-4.558856   -1.010722
-4.328253   -0.455324
-5.545939   -0.133412
-8.753250   -0.577984
-8.544886   -0.947920
-8.833150   -0.697981
-8.307357   0.000000
-2.531474   -1.095400
-2.361452   -1.232015
-1.732926   -0.681484
-1.339283   -0.456730
-1.203599   -1.386620
-1.190268   -0.640495
-1.171456   -0.777110
-1.117825   -0.455744
-0.768935   -0.226579
-0.279558   -0.001825
-6.166185   -0.001405
-1.335961   -0.000419
-3.022266   -0.455324
-5.418541   -0.640076
-7.638090   -0.226160
-7.990329   -1.386200
-8.248822   -0.776690
-7.737313   0.000000
-1.283397   -2.123697
-1.215295   -2.096894
-0.967452   -1.498744
-0.742539   -1.637558
-0.112937   -0.627256
-0.106460   -1.011141
-0.102782   -0.488442
-0.100580   -0.844527
-0.098510   -1.086592
-0.092301   -1.113395
-4.137308   -0.626836
-0.121736   -0.000419
-1.716106   -1.010722
-4.071465   -0.844108
-5.896107   -0.488023
-5.932674   -1.112975
-6.108460   -1.086172
-5.778917   0.000000
-1.689847   -1.749067
-1.657700   -1.679065
-1.647939   -1.378989
-1.452178   -1.366545
-0.582052   -0.628242
-0.564541   -1.123636
-0.559826   -1.053634
-0.550351   -0.741114
-0.536041   -0.793690
-0.520004   -0.753558
-1.878430   -0.626836
-0.613677   -0.001405
-3.812588   -1.122231
-4.985986   -1.052228
-5.374610   -0.739708
-5.337560   -0.752153
-5.434118   -0.792285
-4.809451   0.000000
-5.657235   -1.714332
-5.539031   -1.748294
-5.419445   -2.072869
-5.138627   -2.597505
-3.017793   -0.923270
-3.012735   -0.914060
-2.967308   -1.272597
-2.917306   -0.801108
-2.875249   -0.835070
-2.844629   -1.325744
-7.546766   -0.913642
-7.315680   -0.834651
-7.174675   -1.272179
-8.616086   -1.325325
-8.541355   -0.922852
-3.500512   -0.000418
-7.418293   -0.800690
-7.836514   0.000000
-6.132061   -1.746603
-5.807399   -2.271966
-5.750283   -1.382158
-5.708690   -1.656279
-3.305161   -1.473470
-3.108255   -0.802883
-3.050245   -0.948106
-3.031858   -0.857782
-2.933792   -0.650909
-2.277439   -0.583662
-8.172153   -0.855589
-3.896847   -0.002193
-7.889643   -0.581468
-8.512236   -0.945913
-8.461894   -1.471276
-7.465470   -0.648716
-7.077610   -0.800690
-7.816893   0.000000
-5.197407   -1.448005
-5.033691   -0.605222
-4.765584   -0.714259
-3.928746   -1.192033
-3.084399   -1.045897
-2.974858   -1.126908
-2.949504   -0.649134
-2.737647   -0.908744
-2.706725   -0.540097
-2.347229   -0.065961
-7.178887   -0.908326
-7.408493   -0.539679
-6.366391   -0.065543
-9.048811   -1.126490
-8.953266   -1.045479
-7.946156   -0.648716
-3.533690   -0.000418
-8.474676   0.000000
-6.958930   -2.563231
-6.869101   -2.658391
-6.813553   -1.933806
-6.785202   -2.232594
-6.538294   -1.020371
-6.512110   -1.142998
-6.291491   -1.189474
-6.273297   -0.844211
-6.195730   -1.284635
-6.022642   -1.568796
-8.711034   -0.746691
-8.226326   -1.091955
-7.956825   -1.187115
-7.370218   -0.097519
-8.852385   -1.045479
-8.835841   -1.471276
-8.827577   -0.922852
-8.147565   0.000000
-4.648432   -0.806405
-4.637072   -1.043432
-4.604156   -1.224009
-4.564885   -1.370820
-4.556879   -1.422845
-4.493167   -0.983956
-4.112513   -0.865882
-3.596472   -0.135562
-3.559398   -1.363368
-2.343040   -1.164533
-7.292638   -0.768362
-7.369429   -1.273300
-5.401445   -0.038043
-5.568944   -0.097519
-8.303473   -1.126490
-8.400420   -0.945913
-8.390045   -1.325325
-7.962706   0.000000
-4.168674   -1.278310
-3.559611   -1.193246
-3.525578   -1.252658
-3.496758   -0.092447
-3.410598   -0.064947
-3.338697   -0.071674
-2.883889   -0.044174
-2.822834   -1.310222
-2.334327   -0.033036
-1.336394   -0.103586
-5.338824   -0.006131
-6.078161   -0.026904
-5.464040   -0.038043
-7.425016   -1.187115
-5.813671   -0.065543
-8.765034   -0.581468
-7.261423   -1.272179
-8.515582   0.000000
-3.685702   -1.044112
-3.649238   -1.118859
-3.633486   -0.836845
-3.566666   -1.019401
-3.276950   -0.566583
-3.005609   -0.541872
-2.960277   -1.094148
-2.870443   -0.861556
-2.523747   -1.275494
-0.673511   -0.029098
-6.782956   -1.017208
-4.217109   -0.026904
-6.469036   -1.273300
-6.580748   -1.091955
-5.908149   -0.539679
-4.570365   -0.002193
-6.168408   -0.834651
-6.476609   0.000000
-5.796148   -1.925534
-5.692448   -1.930850
-5.156857   -1.682004
-4.547365   -1.676688
-3.682884   -1.023339
-3.579365   -0.861720
-3.554342   -0.919774
-3.539495   -0.774494
-3.471940   -0.914457
-3.355517   -0.752823
-7.947180   -1.017208
-4.094158   -0.006131
-7.467155   -0.768362
-8.617775   -0.746691
-7.102554   -0.908326
-8.485844   -0.855589
-7.474643   -0.913642
-8.147689   0.000000
-6.034191   -2.251980
-5.996377   -1.028584
-5.887867   -1.547766
-5.779998   -1.132209
-3.330450   -1.334134
-3.280528   -0.918576
-3.202970   -0.572721
-3.187416   -0.943678
-2.970533   -0.814951
-2.947266   -0.214363
-8.055824   -0.943313
-7.859861   -0.572356
-8.013155   -0.918211
-8.512275   -1.333769
-8.419004   -0.814586
-3.629482   -0.000365
-7.177492   -0.213998
-7.734345   0.000000
-5.457637   -1.668960
-5.448122   -1.260375
-5.344552   -0.959464
-5.219034   -0.952178
-4.179521   -0.763288
-3.874521   -0.756002
-3.825160   -0.640404
-3.635487   -0.231819
-3.474480   -0.983113
-2.669913   -1.064199
-7.989467   -0.965291
-4.956752   -0.017821
-8.141538   -1.046378
-8.021578   -0.738181
-7.928781   -0.745467
-6.970220   -0.622583
-6.748594   -0.213998
-7.348662   0.000000
-5.810227   -0.804918
-5.607585   -1.769323
-5.261485   -1.424289
-5.259944   -0.785184
-2.811817   -0.622948
-2.719544   -0.642682
-2.595364   -1.016987
-2.589192   -1.147105
-2.567707   -1.262053
-2.321003   -0.162966
-7.568021   -1.146740
-7.809421   -0.642317
-7.363673   -0.162601
-8.409629   -1.261688
-8.416371   -1.016622
-7.348781   -0.622583
-3.210809   -0.000365
-7.602225   0.000000
-6.026735   -2.034639
-5.838151   -1.260251
-5.577561   -1.531406
-5.448522   -1.329370
-5.035862   -0.553932
-5.006217   -1.320041
-4.851206   -1.055770
-4.837146   -1.259201
-4.817565   -0.853734
-4.600415   -0.784615
-7.853592   -1.220053
-8.103532   -1.280893
-6.871268   -0.514784
-5.681042   -0.039148
-8.633593   -1.016622
-8.564215   -0.745467
-8.743286   -0.814586
-8.240633   0.000000
-3.140262   -0.411805
-3.094465   -0.745960
-2.953826   -0.777329
-2.938151   -1.045768
-2.897718   -1.300836
-2.859519   -1.372917
-2.720087   -0.443174
-2.487081   -1.341548
-2.166088   -0.046928
-1.551707   -1.269467
-6.118484   -0.404026
-6.559898   -1.006620
-3.837968   -0.007780
-3.569267   -0.039148
-7.692461   -1.261688
-7.601169   -0.738181
-7.831248   -1.333769
-7.263758   0.000000
-3.062464   -0.164296
-3.032451   -1.054157
-2.983835   -0.522564
-2.676555   -0.054321
-2.561214   -0.516480
-2.371305   -0.677385
-1.926523   -0.925991
-1.688952   -0.009475
-1.453041   -0.048237
-0.895222   -0.170381
-4.640334   -0.001696
-5.845198   -0.046542
-3.468771   -0.007780
-5.143409   -0.514784
-6.186383   -0.162601
-7.535141   -1.046378
-7.222200   -0.918211
-7.181013   0.000000
-1.685932   -1.578976
-1.632915   -1.298715
-1.575627   -1.053162
-1.572565   -0.623297
-1.467281   -1.327435
-1.385268   -1.648937
-1.292030   -1.024441
-1.275648   -0.618898
-1.197927   -0.688858
-0.265128   -0.064363
-3.765641   -0.576755
-1.725341   -0.046542
-2.685006   -1.006620
-2.878398   -1.280893
-3.485809   -0.642317
-3.412002   -0.017821
-3.707260   -0.572356
-3.370957   0.000000
-4.991584   -2.163366
-4.745234   -2.366793
-4.446658   -1.347339
-3.666450   -1.550766
-2.452685   -1.221749
-2.432294   -0.405721
-2.394124   -0.578451
-2.371767   -1.148436
-2.277017   -0.945009
-2.175508   -0.966987
-7.650462   -0.576755
-2.846639   -0.001696
-6.171104   -0.404026
-6.836744   -1.220053
-7.244833   -1.146740
-8.216706   -0.965291
-7.886117   -0.943313
-7.979327   0.000000
-2.363481   -1.513602
-2.332074   -1.626005
-2.322272   -1.348058
-2.318443   -0.836696
-2.199942   -1.591678
-2.193611   -1.479276
-2.186599   -1.313731
-2.148828   -1.153303
-2.089845   -0.802369
-2.065972   -0.081182
-3.333543   -1.290303
-3.306475   -1.568250
-3.331076   -1.455848
-3.329732   -1.129875
-3.339486   -0.778941
-2.658284   -0.057754
-2.491696   -0.023428
-3.148997   0.000000
-1.984875   -1.951119
-1.958354   -1.802841
-1.939948   -1.494966
-1.910955   -1.296371
-1.555788   -1.192718
-1.503959   -1.340997
-1.491372   -0.711166
-1.456363   -0.884843
-1.375487   -0.656978
-1.343092   -0.686249
-3.022142   -0.861415
-3.089638   -0.687738
-3.109651   -1.317569
-3.122104   -1.169290
-3.091286   -0.662821
-2.309277   -0.633550
-1.799818   -0.023428
-2.941899   0.000000
-1.985976   -1.367537
-1.978337   -1.375478
-1.962932   -1.667929
-1.901478   -1.668539
-1.719570   -0.691305
-1.653403   -1.125479
-1.645295   -1.092743
-1.633550   -0.791741
-1.541127   -1.092133
-1.516842   -0.799682
-2.978647   -1.034379
-3.150042   -1.067725
-3.033013   -0.741927
-3.065634   -1.034989
-3.124883   -0.733986
-2.388920   -0.633550
-2.019167   -0.057754
-2.896770   0.000000
-1.676459   -2.258745
-1.637054   -2.054141
-1.528519   -1.938020
-1.517153   -2.009185
-1.475821   -1.306370
-1.445294   -1.014716
-1.438297   -0.908348
-1.372294   -0.810112
-1.328006   -0.693992
-1.311969   -0.765157
-2.696518   -0.983545
-3.150725   -0.877177
-1.858937   -1.275199
-1.584267   -0.031171
-3.163463   -0.733986
-3.177422   -0.662821
-3.186670   -0.778941
-3.079801   0.000000
-1.283847   -1.200461
-1.173230   -1.910397
-1.116276   -0.934383
-0.986344   -1.038356
-0.612476   -0.903338
-0.611993   -1.007311
-0.545085   -1.169416
-0.521583   -1.130001
-0.487504   -1.035114
-0.457140   -0.031297
-2.466969   -1.007185
-3.245326   -0.903212
-0.651422   -0.000126
-1.534288   -0.031171
-3.419650   -1.034989
-3.386247   -1.169290
-3.394999   -1.129875
-3.278895   0.000000
-1.504462   -2.592768
-1.150506   -1.278082
-0.914424   -1.283715
-0.795373   -0.011399
-0.552020   -1.275325
-0.494826   -1.455974
-0.493660   -1.317694
-0.445836   -0.742053
-0.375586   -0.008642
-0.323508   -0.003009
-2.192589   -0.008516
-3.250008   -0.002883
-0.622523   -0.000126
-1.883837   -1.275199
-3.338835   -0.741927
-3.337096   -1.317569
-3.394669   -1.455848
-3.318506   0.000000
-1.036595   -2.471462
-1.020839   -1.590950
-0.989495   -1.970937
-0.929114   -1.278264
-0.383479   -0.906095
-0.371335   -0.880060
-0.361518   -0.377935
-0.331481   -1.070607
-0.323226   -1.571133
-0.235389   -0.690621
-1.948382   -0.375052
-0.414683   -0.002883
-1.411889   -0.903212
-2.440273   -0.877177
-2.912180   -1.067725
-2.810139   -0.687738
-2.888252   -1.568250
-2.794342   0.000000
-1.069065   -2.297489
-0.979230   -2.041564
-0.973957   -1.868601
-0.850567   -1.382238
-0.666644   -0.992062
-0.660940   -1.015702
-0.629849   -0.383569
-0.621658   -1.042895
-0.603925   -0.869932
-0.600102   -1.298820
-2.063689   -0.375052
-0.711541   -0.008516
-1.287335   -1.007185
-2.254463   -0.983545
-2.609684   -1.034379
-2.665078   -0.861415
-2.657312   -1.290303
-2.612371   0.000000
-2.363481   -1.513602
-2.332074   -1.626005
-2.322272   -1.348058
-2.318443   -0.836696
-2.199942   -1.591678
-2.193611   -1.479276
-2.186599   -1.313731
-2.148828   -1.153303
-2.089845   -0.802369
-2.065972   -0.081182
-3.333543   -1.290303
-3.306475   -1.568250
-3.331076   -1.455848
-3.329732   -1.129875
-3.339486   -0.778941
-2.658284   -0.057754
-2.491696   -0.023428
-3.148997   0.000000
-1.984875   -1.951119
-1.958354   -1.802841
-1.939948   -1.494966
-1.910955   -1.296371
-1.555788   -1.192718
-1.503959   -1.340997
-1.491372   -0.711166
-1.456363   -0.884843
-1.375487   -0.656978
-1.343092   -0.686249
-3.022142   -0.861415
-3.089638   -0.687738
-3.109651   -1.317569
-3.122104   -1.169290
-3.091286   -0.662821
-2.309277   -0.633550
-1.799818   -0.023428
-2.941899   0.000000
-1.985976   -1.367537
-1.978337   -1.375478
-1.962932   -1.667929
-1.901478   -1.668539
-1.719570   -0.691305
-1.653403   -1.125479
-1.645295   -1.092743
-1.633550   -0.791741
-1.541127   -1.092133
-1.516842   -0.799682
-2.978647   -1.034379
-3.150042   -1.067725
-3.033013   -0.741927
-3.065634   -1.034989
-3.124883   -0.733986
-2.388920   -0.633550
-2.019167   -0.057754
-2.896770   0.000000
-1.676459   -2.258745
-1.637054   -2.054141
-1.528519   -1.938020
-1.517153   -2.009185
-1.475821   -1.306370
-1.445294   -1.014716
-1.438297   -0.908348
-1.372294   -0.810112
-1.328006   -0.693992
-1.311969   -0.765157
-2.696518   -0.983545
-3.150725   -0.877177
-1.858937   -1.275199
-1.584267   -0.031171
-3.163463   -0.733986
-3.177422   -0.662821
-3.186670   -0.778941
-3.079801   0.000000
-1.283847   -1.200461
-1.173230   -1.910397
-1.116276   -0.934383
-0.986344   -1.038356
-0.612476   -0.903338
-0.611993   -1.007311
-0.545085   -1.169416
-0.521583   -1.130001
-0.487504   -1.035114
-0.457140   -0.031297
-2.466969   -1.007185
-3.245326   -0.903212
-0.651422   -0.000126
-1.534288   -0.031171
-3.419650   -1.034989
-3.386247   -1.169290
-3.394999   -1.129875
-3.278895   0.000000
-1.504462   -2.592768
-1.150506   -1.278082
-0.914424   -1.283715
-0.795373   -0.011399
-0.552020   -1.275325
-0.494826   -1.455974
-0.493660   -1.317694
-0.445836   -0.742053
-0.375586   -0.008642
-0.323508   -0.003009
-2.192589   -0.008516
-3.250008   -0.002883
-0.622523   -0.000126
-1.883837   -1.275199
-3.338835   -0.741927
-3.337096   -1.317569
-3.394669   -1.455848
-3.318506   0.000000
-1.036595   -2.471462
-1.020839   -1.590950
-0.989495   -1.970937
-0.929114   -1.278264
-0.383479   -0.906095
-0.371335   -0.880060
-0.361518   -0.377935
-0.331481   -1.070607
-0.323226   -1.571133
-0.235389   -0.690621
-1.948382   -0.375052
-0.414683   -0.002883
-1.411889   -0.903212
-2.440273   -0.877177
-2.912180   -1.067725
-2.810139   -0.687738
-2.888252   -1.568250
-2.794342   0.000000
-1.069065   -2.297489
-0.979230   -2.041564
-0.973957   -1.868601
-0.850567   -1.382238
-0.666644   -0.992062
-0.660940   -1.015702
-0.629849   -0.383569
-0.621658   -1.042895
-0.603925   -0.869932
-0.600102   -1.298820
-2.063689   -0.375052
-0.711541   -0.008516
-1.287335   -1.007185
-2.254463   -0.983545
-2.609684   -1.034379
-2.665078   -0.861415
-2.657312   -1.290303
-2.612371   0.000000
-2.229543   -0.839395
-2.136186   -1.176666
-2.110207   -0.419557
-2.104034   -1.021496
-2.050534   -1.187716
-2.030462   -0.802903
-2.015516   -1.140174
-1.936581   -0.985004
-1.877968   -0.383065
-1.771646   -0.051740
-3.245070   -0.977380
-3.240482   -1.180091
-3.240892   -1.132550
-3.231921   -0.795279
-3.208058   -0.375441
-2.572167   -0.044116
-2.290778   -0.007624
-3.041493   0.000000
-2.210749   -1.055391
-2.176955   -0.370868
-2.176683   -0.823670
-2.171230   -1.289543
-1.580078   -1.062844
-1.539432   -0.995872
-1.531987   -0.761721
-1.529358   -0.308919
-1.507350   -0.866470
-1.486289   -0.077197
-3.026499   -1.055220
-2.862772   -0.069573
-2.995013   -0.988248
-2.943335   -0.754097
-2.984873   -0.858846
-2.708498   -0.301294
-1.910159   -0.007624
-2.754825   0.000000
-2.546208   -1.284193
-2.533092   -2.034845
-2.516209   -1.095112
-2.479126   -1.396798
-2.122003   -1.052535
-2.089292   -0.345411
-2.059897   -0.837934
-2.047365   -1.139620
-2.028637   -1.027015
-1.999602   -0.983458
-3.290487   -0.982899
-3.157098   -1.008419
-3.184380   -1.095503
-3.193067   -0.793817
-3.226630   -0.939341
-3.014820   -0.301294
-2.446744   -0.044116
-3.131503   0.000000
-2.182307   -1.467810
-2.177612   -1.679430
-2.095830   -0.903796
-2.083741   -1.598935
-2.049524   -1.084192
-2.013228   -1.103049
-1.988144   -1.115530
-1.931208   -0.891428
-1.931001   -1.022553
-1.818047   -0.539148
-3.019662   -0.727721
-3.068395   -0.920485
-2.516092   -0.740089
-2.294925   -0.163707
-3.205901   -0.939341
-3.135938   -0.858846
-3.070998   -0.375441
-2.969346   0.000000
-1.826254   -0.957525
-1.684061   -0.676665
-1.501736   -1.282120
-1.368361   -1.631371
-0.810689   -1.118569
-0.807863   -0.795435
-0.798335   -0.513114
-0.760148   -0.754253
-0.695207   -0.793973
-0.670741   -0.163863
-2.499282   -1.118413
-2.832435   -0.512958
-0.927271   -0.000156
-2.298415   -0.163707
-3.065268   -0.793817
-3.118227   -0.754097
-3.151863   -0.795279
-2.914243   0.000000
-2.073621   -1.006335
-1.743023   -0.748493
-1.581185   -0.758175
-1.067649   -0.026491
-0.822512   -1.132706
-0.815813   -0.740245
-0.755765   -0.988404
-0.720424   -1.095659
-0.647847   -0.018242
-0.544454   -0.008560
-2.482555   -0.018087
-2.924513   -0.008404
-0.948137   -0.000156
-2.648922   -0.740089
-3.249637   -1.095503
-3.258160   -0.988248
-3.264396   -1.132550
-3.032720   0.000000
-1.309020   -1.521377
-1.255883   -1.693049
-1.137710   -1.744748
-0.960291   -0.582531
-0.753710   -0.521362
-0.709836   -0.928889
-0.688436   -1.240195
-0.672909   -1.016823
-0.617408   -1.188496
-0.331862   -0.077978
-2.334691   -1.231790
-0.824739   -0.008404
-1.676566   -0.512958
-2.680476   -0.920485
-2.966529   -1.008419
-2.656429   -0.069573
-2.872799   -1.180091
-2.857414   0.000000
-1.627089   -1.846134
-1.527285   -2.173633
-1.518566   -2.095793
-1.362081   -2.350203
-1.193723   -1.136500
-1.191143   -1.000985
-1.182415   -1.249877
-1.135064   -1.073306
-1.118592   -0.995466
-1.091587   -0.745807
-2.536921   -1.231790
-1.325612   -0.018087
-1.864359   -1.118413
-2.651609   -0.727721
-2.896604   -0.982899
-2.887250   -1.055220
-2.866375   -0.977380
-2.615430   0.000000
