-6.746753   -1.892949
-6.708681   -1.715091
-6.678725   -1.913124
-6.659544   -1.949181
-6.194283   -1.470241
-6.168752   -1.556217
-6.150280   -1.490416
-6.115662   -0.571531
-6.093997   -1.526474
-6.088332   -1.292383
-8.647814   -1.217971
-8.660382   -1.395829
-8.690146   -1.452062
-8.753462   -1.481806
-8.694897   -1.416004
-7.601630   -0.497119
-6.887645   -0.074412
-7.068704   0.000000
-6.546645   -2.686879
-6.487260   -2.723452
-6.428913   -2.722665
-6.256953   -1.481056
-5.313808   -1.224095
-5.268788   -1.648181
-5.260842   -1.647394
-5.146194   -1.902401
-5.123589   -1.611608
-4.983851   -0.405785
-8.244705   -1.537196
-7.944056   -0.331373
-8.225957   -1.573769
-8.273451   -1.572982
-8.261563   -1.827989
-7.398438   -1.149683
-5.869971   -0.074412
-6.673762   0.000000
-6.709508   -2.372889
-6.696281   -2.666118
-6.583008   -2.524944
-6.527827   -1.646802
-6.524141   -2.522304
-6.397717   -1.948519
-6.357127   -1.872381
-6.353549   -2.013555
-6.254342   -1.720326
-6.205223   -1.869741
-8.327797   -1.375261
-8.314595   -1.516436
-8.310881   -1.451400
-8.318619   -1.223206
-8.294466   -1.372622
-7.576667   -1.149683
-7.139621   -0.497119
-6.813567   0.000000
-6.003057   -2.595313
-5.793672   -2.660970
-5.706824   -3.072954
-5.652590   -2.617587
-5.561187   -1.464097
-5.331265   -1.569480
-5.312716   -1.780936
-5.233535   -1.635136
-5.205483   -1.591753
-5.157416   -2.047121
-7.617419   -1.350348
-8.173974   -1.561804
-6.608646   -1.244965
-5.935204   -0.219132
-8.369724   -1.372622
-8.389035   -1.827989
-8.401508   -1.416004
-6.730665   0.000000
-5.090082   -1.442338
-4.459721   -3.109452
-4.354813   -1.734102
-3.882619   -1.813614
-2.932098   -1.521425
-2.891610   -1.600936
-2.834905   -1.488260
-2.761440   -1.579437
-2.547674   -1.229661
-2.393734   -0.225586
-6.353928   -1.594482
-7.517127   -1.514971
-3.160125   -0.006455
-5.931063   -0.219132
-8.496126   -1.223206
-8.579606   -1.572982
-8.583985   -1.481806
-6.992203   0.000000
-5.069921   -1.490435
-4.506857   -1.270492
-3.728924   -1.284001
-3.260071   -0.064563
-2.873090   -1.251420
-2.828974   -1.458516
-2.808410   -1.580224
-2.577148   -1.457854
-2.067689   -0.045490
-2.010544   -0.031982
-5.676452   -0.039036
-7.508040   -0.025527
-3.178127   -0.006455
-6.687817   -1.244965
-8.718318   -1.451400
-8.790664   -1.573769
-8.819692   -1.452062
-7.346387   0.000000
-4.552263   -3.031406
-4.522958   -2.910800
-4.312390   -2.997237
-4.043852   -1.846344
-2.798748   -1.507793
-2.795789   -1.540498
-2.696486   -1.587331
-2.540364   -1.541963
-2.413888   -1.421357
-1.508321   -0.356900
-6.035383   -1.482266
-2.967475   -0.025527
-5.479100   -1.514971
-7.214393   -1.561804
-7.585366   -1.516436
-7.167095   -0.331373
-7.579272   -1.395829
-6.577163   0.000000
-4.470653   -2.812453
-4.456804   -3.131678
-4.350536   -2.969743
-3.913026   -3.076748
-3.432667   -1.521302
-3.344265   -1.633518
-3.250013   -1.389384
-3.240754   -1.576232
-3.232966   -1.257007
-3.224607   -1.414297
-6.661464   -1.482266
-3.671807   -0.039036
-5.178557   -1.594482
-7.021437   -1.350348
-7.665481   -1.375261
-7.720518   -1.537196
-7.750453   -1.217971
-6.452084   0.000000
