-1.430437   -3.219895
-1.405982   -3.695252
-1.316949   -3.202654
-1.299392   -2.565202
-1.266801   -2.472279
-1.264694   -2.727297
-1.262721   -1.496690
-1.257394   -2.072604
-1.244748   -1.979681
-1.243683   -0.596136
-2.200205   -1.444921
-2.222439   -2.020835
-2.239200   -3.150885
-2.284443   -2.675528
-2.242403   -1.927912
-1.977077   -0.544367
-1.709281   -0.051769
-2.273281   0.000000
-1.239860   -3.605022
-1.233062   -1.296524
-1.205416   -2.261559
-1.050643   -1.266311
-1.017320   -2.609774
-0.993338   -1.943770
-0.956417   -0.948522
-0.952922   -1.159361
-0.951960   -0.301276
-0.928102   -1.098786
-2.234140   -1.107592
-2.104946   -0.249507
-2.123945   -0.896754
-2.192783   -2.558005
-2.122906   -1.214542
-1.759069   -1.047017
-1.342678   -0.051769
-2.126224   0.000000
-1.311725   -3.094097
-1.208233   -2.591447
-1.198144   -1.668822
-1.182586   -1.591384
-1.177874   -2.695917
-1.170660   -2.711129
-1.169065   -2.171472
-1.135869   -2.193268
-1.132082   -2.998209
-1.120399   -2.495559
-2.121948   -2.047080
-2.057748   -2.166762
-1.995560   -1.951192
-2.098188   -1.124455
-2.097441   -1.648901
-1.643695   -1.047017
-1.599184   -0.544367
-1.991024   0.000000
-1.252222   -2.642174
-1.250476   -1.761419
-1.245431   -2.335517
-1.211019   -1.020403
-1.143529   -2.261699
-1.129531   -1.982688
-1.116607   -1.548329
-1.093468   -1.477684
-1.089809   -3.076532
-1.048551   -3.355544
-1.906231   -0.686616
-2.262881   -1.143897
-1.732018   -1.427632
-1.584936   -0.333787
-2.360421   -1.648901
-2.273803   -1.214542
-2.326786   -1.927912
-2.256789   0.000000
-1.068097   -1.458242
-0.977414   -1.594647
-0.875298   -2.389722
-0.739502   -3.316795
-0.502125   -1.261320
-0.441073   -2.056396
-0.412869   -0.334247
-0.403295   -2.558465
-0.352029   -2.675989
-0.333206   -1.124915
-1.524106   -2.055935
-1.925268   -1.260860
-0.594607   -0.000460
-1.522027   -0.333787
-2.144108   -1.124455
-2.168241   -2.558005
-2.092971   -2.675528
-2.015868   0.000000
-1.014822   -1.436681
-0.980949   -1.511835
-0.964440   -0.980957
-0.613431   -0.093253
-0.514304   -1.428092
-0.434619   -0.084664
-0.410107   -3.151345
-0.356230   -0.009510
-0.342765   -1.951652
-0.310049   -0.897214
-1.503107   -0.084203
-1.992342   -0.009050
-0.629628   -0.000460
-1.722623   -1.427632
-2.248197   -1.951192
-2.183302   -0.896754
-2.301034   -3.150885
-2.145612   0.000000
-0.791969   -3.427622
-0.774469   -3.281695
-0.622373   -2.690111
-0.520551   -1.510367
-0.397538   -1.269910
-0.371135   -1.438301
-0.366473   -1.152946
-0.336699   -2.029885
-0.314171   -2.175811
-0.191473   -0.258557
-1.406361   -1.429251
-0.451965   -0.009050
-1.094246   -1.260860
-1.806796   -1.143897
-1.960863   -2.166762
-1.858410   -0.249507
-2.063777   -2.020835
-1.948336   0.000000
-0.849404   -3.500856
-0.753682   -4.103015
-0.729969   -3.485186
-0.676109   -1.513454
-0.667393   -2.140139
-0.665835   -3.163527
-0.636980   -0.770820
-0.604361   -1.529124
-0.592827   -2.131283
-0.548404   -1.191795
-1.611463   -1.429251
-0.858564   -0.084203
-1.186864   -2.055935
-1.642528   -0.686616
-1.942328   -2.047080
-1.898035   -1.107592
-1.936084   -1.444921
-1.835164   0.000000
-1.335244   -2.003153
-1.315851   -4.309389
-1.304869   -2.637858
-1.301810   -3.738996
-1.263807   -1.869120
-1.222444   -1.432760
-1.186473   -0.331622
-1.106364   -1.762059
-1.040138   -1.545520
-0.994814   -1.191666
-2.115423   -1.146402
-2.035091   -1.716795
-2.131285   -1.500256
-2.092959   -1.823856
-2.083075   -2.592594
-1.836924   -0.286358
-1.621554   -0.045264
-2.014858   0.000000
-0.961739   -3.268166
-0.908852   -2.211057
-0.860126   -0.951183
-0.857830   -1.615517
-0.720762   -2.745282
-0.675008   -0.613412
-0.627834   -1.688173
-0.622811   -1.092632
-0.586829   -2.182626
-0.510876   -0.428298
-2.009442   -2.700018
-1.667261   -0.383035
-1.912846   -2.137362
-1.930420   -1.642910
-1.811459   -1.047369
-1.403852   -0.568148
-0.973129   -0.045264
-1.793792   0.000000
-1.169907   -4.081646
-1.156689   -2.372142
-1.086545   -3.380814
-1.078884   -2.387907
-1.003809   -0.854506
-0.998750   -1.965025
-0.982933   -3.799856
-0.979758   -2.106118
-0.929360   -2.090353
-0.853483   -3.099025
-2.102362   -1.803994
-2.071887   -1.819759
-2.123477   -1.678666
-2.151047   -3.513498
-1.999430   -2.812666
-1.602402   -0.568148
-1.329674   -0.286358
-1.938178   0.000000
-1.200638   -1.153335
-1.172435   -2.704061
-1.170720   -2.126035
-1.132975   -3.853271
-1.118575   -3.633199
-1.036067   -2.925397
-0.977594   -2.087973
-0.945895   -2.705325
-0.936898   -1.776187
-0.811975   -1.160099
-2.001727   -2.013305
-2.154031   -1.663456
-1.588263   -1.040605
-1.406176   -0.112731
-2.249730   -2.812666
-2.177970   -1.047369
-2.133877   -2.592594
-2.146440   0.000000
-0.953949   -1.936586
-0.905459   -0.855692
-0.897054   -3.626228
-0.827469   -1.755640
-0.470689   -2.140549
-0.393930   -1.824302
-0.383657   -0.743407
-0.382715   -1.643355
-0.376958   -0.113176
-0.348605   -3.513944
-1.867858   -0.742961
-2.164973   -2.140104
-0.558858   -0.000446
-1.339565   -0.112731
-2.295576   -3.513498
-2.129807   -1.642910
-2.194318   -1.823856
-2.204333   0.000000
-1.051334   -2.719271
-1.018095   -3.177967
-0.917425   -1.077200
-0.896448   -0.054801
-0.430985   -1.041051
-0.408286   -2.137808
-0.401628   -1.500702
-0.388841   -0.018652
-0.373967   -1.679112
-0.343406   -0.037041
-1.771267   -0.036595
-2.235372   -0.018206
-0.569502   -0.000446
-1.564618   -1.040605
-2.342440   -1.678666
-2.258852   -2.137362
-2.320705   -1.500256
-2.273067   0.000000
-0.982733   -1.750755
-0.730530   -3.959863
-0.713878   -2.158309
-0.673203   -1.385926
-0.653793   -3.856899
-0.596274   -2.523138
-0.569075   -1.681662
-0.469438   -1.837965
-0.358397   -1.735001
-0.190732   -0.401240
-1.901172   -1.367720
-0.765082   -0.018206
-1.318366   -2.140104
-1.906637   -1.663456
-2.110266   -1.819759
-1.912961   -0.383035
-2.106565   -1.716795
-2.222949   0.000000
-0.913835   -2.110681
-0.851375   -2.546956
-0.785236   -3.442979
-0.716514   -1.889363
-0.702712   -0.779556
-0.681566   -1.404315
-0.638650   -2.736613
-0.638306   -2.049900
-0.600053   -1.840589
-0.579156   -1.182997
-1.662919   -1.367720
-0.841576   -0.036595
-1.240841   -0.742961
-1.626713   -2.013305
-1.822505   -1.803994
-1.830209   -2.700018
-1.738047   -1.146402
-1.686518   0.000000
-1.500899   -1.805380
-1.449036   -2.182696
-1.421497   -1.896597
-1.367738   -2.032035
-1.356330   -2.054114
-1.349378   -2.160617
-1.342067   -0.858828
-1.202981   -0.114761
-1.114809   -1.061313
-1.102145   -0.836749
-2.197869   -1.850257
-2.189797   -1.985694
-2.135319   -2.114276
-2.166484   -1.014972
-2.074971   -0.790408
-2.062261   -0.068420
-1.693408   -0.046341
-2.132577   0.000000
-1.493667   -4.195504
-1.492253   -3.460554
-1.460273   -2.991646
-1.410337   -3.206947
-1.299139   -1.175743
-1.278428   -1.117852
-1.255562   -1.644651
-1.242033   -1.908585
-1.200259   -2.123886
-1.146485   -2.379601
-2.163013   -1.862244
-2.065049   -1.071511
-2.096119   -2.077545
-2.213501   -2.333261
-2.217002   -1.598310
-2.154408   -1.129402
-1.687792   -0.046341
-2.171896   0.000000
-1.256493   -3.527921
-1.234417   -2.962800
-1.230689   -2.712331
-1.193169   -2.722497
-1.097871   -1.197822
-1.044146   -2.013411
-1.034869   -2.742155
-1.010475   -1.901817
-0.876300   -1.651349
-0.815357   -1.661515
-1.857797   -1.582929
-1.851338   -1.833398
-1.801092   -1.593095
-1.948921   -1.944992
-1.953795   -2.673735
-1.781345   -1.129402
-1.380713   -0.068420
-1.718133   0.000000
-1.636501   -4.173859
-1.610812   -4.910157
-1.550433   -3.098434
-1.548384   -2.338177
-1.521301   -1.601879
-1.388540   -3.834732
-1.314141   -0.892163
-1.313956   -2.926778
-1.302792   -2.775490
-1.197042   -1.700065
-2.442781   -2.825023
-2.067738   -1.500124
-2.151388   -2.236422
-1.783299   -0.101755
-2.423052   -2.673735
-2.246614   -1.598310
-2.504133   -0.790408
-2.483964   0.000000
-1.088334   -2.069328
-1.071746   -2.470305
-1.070525   -3.363009
-1.051206   -3.751278
-1.050654   -2.432990
-0.990031   -2.962033
-0.958960   -2.032013
-0.952150   -3.350302
-0.939816   -1.519773
-0.831937   -1.118796
-2.156150   -1.052287
-1.311751   -1.418018
-1.269634   -1.017041
-1.666234   -0.101755
-2.187353   -1.944992
-2.201906   -2.333261
-2.107222   -1.014972
-2.149108   0.000000
-0.845587   -3.131318
-0.807204   -3.094587
-0.545516   -2.610136
-0.376381   -2.114622
-0.357834   -2.077891
-0.356500   -1.024797
-0.350007   -2.236767
-0.332645   -1.017387
-0.198450   -1.593440
-0.090063   -0.008101
-1.760351   -0.007756
-0.425710   -0.000345
-1.121611   -1.017041
-1.820266   -2.236422
-1.906980   -1.593095
-2.042138   -2.077545
-2.062693   -2.114276
-1.953170   0.000000
-0.453741   -3.403712
-0.451039   -2.489529
-0.330628   -3.251416
-0.320917   -1.724902
-0.073658   -1.500469
-0.071459   -1.418363
-0.070986   -0.307229
-0.067133   -1.833743
-0.062189   -1.986040
-0.059281   -1.071856
-1.535386   -0.306884
-0.095070   -0.000345
-0.659518   -1.418018
-1.419508   -1.500124
-1.584373   -1.833398
-1.517132   -1.071511
-1.616227   -1.985694
-1.568610   0.000000
-0.843832   -2.169127
-0.833737   -1.359171
-0.723636   -2.635216
-0.579538   -1.889813
-0.398399   -0.314640
-0.361514   -1.858012
-0.352189   -1.060043
-0.348509   -1.590685
-0.330098   -1.870000
-0.321961   -2.832779
-1.129723   -0.306884
-0.459606   -0.007756
-1.638940   -1.052287
-2.038658   -2.825023
-1.767190   -1.582929
-2.201372   -1.862244
-2.164722   -1.850257
-2.179804   0.000000
-1.333999   -2.726805
-1.303777   -2.116884
-1.265932   -1.990411
-1.242636   -1.600915
-1.159230   -2.720009
-1.134318   -1.594119
-1.093046   -1.983615
-1.079751   -2.110088
-1.043618   -1.716935
-0.854282   -0.027170
-2.087648   -2.709822
-1.992985   -1.583932
-2.139813   -2.099901
-2.082652   -1.706748
-2.055359   -1.973428
-1.748028   -0.016983
-1.503148   -0.010187
-2.010017   0.000000
-1.509661   -3.284554
-1.497897   -3.223742
-1.456429   -4.093066
-1.358858   -3.301522
-1.236371   -1.826092
-1.191571   -1.847543
-1.190822   -1.748312
-1.126280   -2.287348
-1.080678   -1.809124
-1.035769   -1.495804
-2.223151   -1.837356
-1.972270   -1.485617
-2.221500   -2.277161
-2.260257   -1.738125
-2.238743   -1.798937
-2.014838   -1.815905
-1.475963   -0.010187
-2.153051   0.000000
-1.245124   -4.618003
-1.182558   -4.808629
-1.172271   -3.159674
-0.948780   -3.350301
-0.780845   -1.832888
-0.717121   -1.642262
-0.685782   -3.009708
-0.657141   -1.436053
-0.647110   -1.688955
-0.574611   -1.551379
-1.881855   -1.671971
-1.709917   -2.992724
-1.657297   -1.534396
-1.947457   -1.625278
-1.928718   -1.419070
-1.796413   -1.815905
-0.924223   -0.016983
-1.854354   0.000000
-1.566288   -3.772365
-1.511862   -2.947471
-1.508591   -3.996527
-1.423004   -3.822036
-1.410226   -2.547480
-1.377773   -2.182762
-1.354420   -2.772981
-1.340121   -1.183378
-1.321328   -1.628405
-1.313854   -2.008272
-2.367316   -2.338145
-1.962928   -2.023099
-1.968919   -0.974044
-1.895551   -0.209335
-2.251381   -1.419070
-2.376752   -1.798937
-2.293536   -1.973428
-2.290929   0.000000
-1.082302   -4.623740
-1.072822   -4.023785
-1.054753   -1.711595
-1.036579   -4.592363
-0.991020   -3.094950
-0.961935   -4.510893
-0.940197   -2.311551
-0.888909   -0.782761
-0.868281   -2.280174
-0.848819   -2.198704
-2.363812   -1.138169
-1.304493   -2.885615
-1.193673   -0.573426
-1.872321   -0.209335
-2.213337   -1.625278
-2.427520   -1.738125
-2.301038   -1.706748
-2.329261   0.000000
-0.774610   -2.673327
-0.724534   -1.547470
-0.659942   -2.277897
-0.640013   -2.100637
-0.607822   -0.574162
-0.534279   -0.974780
-0.475092   -2.107822
-0.473999   -1.535132
-0.383297   -0.578789
-0.083997   -0.006099
-1.951580   -0.005363
-0.782370   -0.000736
-1.066913   -0.573426
-1.893080   -0.974044
-1.827979   -1.534396
-2.192675   -2.277161
-2.071654   -2.099901
-2.046159   0.000000
-0.601887   -4.371232
-0.595451   -4.469547
-0.440111   -5.878340
-0.431502   -4.284223
-0.084004   -2.993460
-0.081864   -1.399344
-0.076611   -1.584668
-0.076481   -2.886351
-0.066231   -2.023835
-0.058810   -1.486353
-1.824862   -1.398608
-0.099135   -0.000736
-0.790704   -2.885615
-1.611954   -2.023099
-1.724696   -2.992724
-1.913421   -1.485617
-1.841200   -1.583932
-1.908099   0.000000
-0.899814   -3.476314
-0.807683   -3.736753
-0.729739   -3.070580
-0.673312   -2.810141
-0.183902   -1.403971
-0.167943   -2.715184
-0.155009   -1.143532
-0.151443   -1.842719
-0.143985   -1.677334
-0.139949   -2.343508
-1.166111   -1.398608
-0.206251   -0.005363
-1.445084   -1.138169
-1.835285   -2.338145
-1.570509   -1.671971
-1.840933   -1.837356
-1.806692   -2.709822
-1.791461   0.000000
-1.303547   -3.712999
-1.255986   -3.421057
-1.233433   -3.739280
-1.152109   -3.347229
-0.683958   -2.116141
-0.672539   -1.834048
-0.651205   -1.907876
-0.641738   -1.515824
-0.625716   -1.259314
-0.625350   -1.807767
-2.237233   -2.114819
-1.940608   -1.806445
-1.988069   -1.514503
-2.148368   -1.906554
-2.244577   -1.257992
-0.835592   -0.001322
-1.831549   -1.832726
-2.214367   0.000000
-1.175828   -3.958558
-1.173009   -4.313849
-1.121982   -3.355715
-1.117174   -3.398750
-0.729848   -2.141599
-0.723314   -2.203785
-0.704562   -1.848493
-0.660696   -1.581791
-0.598265   -1.538756
-0.379186   -2.068871
-2.063740   -2.125831
-0.995010   -0.015767
-2.132151   -2.053104
-2.188712   -1.566023
-2.048240   -1.522989
-1.741125   -2.188017
-1.630221   -1.832726
-2.074284   0.000000
-1.174244   -3.719635
-1.105131   -2.705984
-1.099093   -4.017045
-1.081334   -3.680190
-0.613561   -1.532939
-0.597163   -2.189339
-0.568658   -1.264500
-0.553951   -1.830349
-0.552021   -1.493494
-0.496338   -0.519288
-1.991076   -1.829027
-1.926148   -1.263178
-1.901240   -0.517967
-2.092663   -1.492173
-2.112160   -1.531617
-1.721027   -2.188017
-0.769337   -0.001322
-2.044059   0.000000
-1.219183   -2.883733
-1.217039   -2.629900
-1.200464   -2.894897
-1.192599   -1.374256
-1.163146   -1.394049
-1.080987   -2.903525
-1.073971   -0.814131
-1.035940   -1.280133
-0.925323   -1.545130
-0.813681   -1.553758
-2.057047   -0.791990
-1.865052   -1.352116
-1.688182   -1.371908
-1.431818   -0.022141
-2.182933   -1.531617
-2.216128   -1.522989
-2.150172   -1.257992
-2.188438   0.000000
-0.744973   -1.928695
-0.727995   -1.610859
-0.724692   -1.215227
-0.709057   -1.927099
-0.693011   -1.514313
-0.687598   -1.588164
-0.567850   -1.951390
-0.519492   -1.192532
-0.516581   -0.066977
-0.447983   -1.537008
-1.646261   -1.170391
-1.635822   -1.904958
-1.024787   -0.044836
-0.968710   -0.022141
-2.184582   -1.492173
-2.088477   -1.566023
-2.058968   -1.906554
-2.017996   0.000000
-0.702054   -0.844674
-0.661362   -1.889875
-0.608636   -1.416744
-0.568860   -2.097940
-0.553127   -0.371543
-0.489835   -1.374694
-0.361749   -1.559338
-0.354565   -0.047622
-0.266738   -0.329493
-0.260244   -0.562802
-1.400572   -0.002786
-1.216748   -0.326707
-0.811818   -0.044836
-1.284436   -1.371908
-1.702873   -0.517967
-1.946921   -2.053104
-1.741079   -1.514503
-1.931945   0.000000
-0.458424   -1.367883
-0.455988   -2.231665
-0.438206   -1.565550
-0.429274   -2.615293
-0.407284   -1.589885
-0.403387   -3.711403
-0.398704   -3.168136
-0.384064   -2.133152
-0.259389   -1.920725
-0.050093   -0.342474
-1.324549   -1.238843
-0.644288   -0.326707
-0.848972   -1.904958
-1.050368   -1.352116
-1.199547   -1.263178
-1.010735   -0.015767
-1.186054   -1.806445
-1.280061   0.000000
-1.175914   -3.296222
-1.162590   -1.962381
-1.007130   -3.285210
-0.976216   -2.999418
-0.661405   -1.831813
-0.648601   -1.241629
-0.630294   -1.173177
-0.593783   -0.794776
-0.572581   -2.117605
-0.539870   -2.128617
-2.009087   -1.238843
-0.780417   -0.002786
-1.609969   -1.170391
-2.051890   -0.791990
-2.011811   -1.829027
-2.138449   -2.125831
-2.072760   -2.114819
-2.051188   0.000000
-1.350358   -1.858928
-1.346289   -4.018473
-1.346024   -1.388453
-1.287987   -1.765793
-0.766774   -0.967197
-0.766520   -3.052895
-0.721157   -1.270691
-0.686303   -0.589856
-0.659335   -0.722219
-0.644961   -0.800216
-2.096279   -0.799406
-1.900401   -1.269881
-2.218925   -0.721410
-2.141562   -0.589047
-2.233894   -3.052086
-1.034230   -0.000810
-1.987071   -0.966387
-2.248534   0.000000
-1.368742   -2.155800
-1.365597   -3.067341
-1.245821   -2.769363
-1.159154   -1.639723
-0.827562   -2.130305
-0.815990   -0.702687
-0.795749   -0.995739
-0.770745   -1.832327
-0.688715   -1.511816
-0.511381   -2.758709
-2.132300   -1.802976
-1.049364   -0.029351
-2.146237   -2.729358
-2.145567   -2.100953
-2.067758   -0.673335
-1.893179   -1.482464
-1.727590   -0.966387
-1.971904   0.000000
-1.348997   -2.166158
-1.323862   -3.674981
-1.243849   -2.885285
-1.238241   -1.326667
-0.786586   -3.272968
-0.723047   -2.272971
-0.706153   -1.483274
-0.692321   -0.643783
-0.620427   -0.684504
-0.605315   -1.403630
-2.111724   -1.402820
-1.980443   -2.272161
-2.078489   -0.683694
-2.214293   -0.642973
-2.265629   -3.272158
-1.971126   -1.482464
-0.949527   -0.000810
-2.098895   0.000000
-1.256818   -5.290550
-1.233001   -3.733419
-1.212415   -3.866202
-1.157472   -2.911800
-1.153174   -3.953491
-1.147851   -5.510622
-1.139457   -4.086275
-1.127059   -2.731203
-1.123045   -1.495450
-1.068975   -1.487452
-2.178589   -1.917086
-1.603415   -0.681333
-1.629577   -2.238464
-1.417710   -0.814117
-2.334597   -3.272158
-2.309586   -0.673335
-2.331012   -3.052086
-2.325671   0.000000
-0.633042   -2.247107
-0.585809   -2.359980
-0.565691   -2.915070
-0.557402   -2.082474
-0.538192   -1.457090
-0.506632   -1.403164
-0.480676   -0.960270
-0.463444   -2.750437
-0.442133   -0.735200
-0.273811   -0.789127
-1.942837   -1.936320
-1.369386   -1.545863
-0.836633   -0.146154
-0.745664   -0.814117
-2.200941   -0.642973
-2.296416   -2.100953
-2.076185   -0.589047
-2.253173   0.000000
-0.747827   -2.384618
-0.650575   -2.875511
-0.636818   -2.959874
-0.621108   -0.381343
-0.474979   -0.867563
-0.448577   -0.154195
-0.428274   -2.922158
-0.414710   -2.246506
-0.377411   -0.243230
-0.223018   -0.829848
-1.828512   -0.008041
-1.264185   -0.235189
-0.855350   -0.146154
-1.032912   -2.238464
-2.016153   -0.683694
-2.287036   -2.729358
-2.166082   -0.721410
-2.241064   0.000000
-0.613624   -1.960768
-0.551323   -2.953494
-0.499583   -1.951214
-0.495845   -2.815744
-0.492699   -3.818024
-0.447969   -2.507350
-0.407038   -1.505070
-0.328682   -0.710684
-0.259612   -1.575214
-0.071053   -0.264540
-1.532119   -1.725579
-0.792394   -0.235189
-0.988986   -1.545863
-1.022863   -0.681333
-1.378640   -2.272161
-1.255335   -0.029351
-1.392654   -1.269881
-1.380599   0.000000
-1.219790   -3.739296
-1.169806   -2.735726
-1.140618   -3.319907
-0.887778   -3.339140
-0.787541   -1.944361
-0.697708   -1.925128
-0.682824   -1.733620
-0.632007   -0.807447
-0.614015   -1.811017
-0.559245   -1.410862
-2.186128   -1.725579
-0.932315   -0.008041
-1.760504   -1.936320
-1.933648   -1.917086
-2.101585   -1.402820
-2.293224   -1.802976
-2.209837   -0.799406
-2.239274   0.000000
-0.148329   -3.219895
-0.145794   -3.695252
-0.136561   -3.202654
-0.134741   -2.565202
-0.131361   -2.472279
-0.131143   -2.727297
-0.130938   -1.496690
-0.130386   -2.072604
-0.129074   -1.979681
-0.128964   -0.596136
-0.228151   -1.444921
-0.230456   -2.020835
-0.232194   -3.150885
-0.236886   -2.675528
-0.232526   -1.927912
-0.205013   -0.544367
-0.177244   -0.051769
-0.235728   0.000000
-0.128567   -3.605022
-0.127863   -1.296524
-0.124996   -2.261559
-0.108947   -1.266311
-0.105491   -2.609774
-0.103004   -1.943770
-0.099176   -0.948522
-0.098813   -1.159361
-0.098714   -0.301276
-0.096240   -1.098786
-0.231669   -1.107592
-0.218273   -0.249507
-0.220243   -0.896754
-0.227381   -2.558005
-0.220135   -1.214542
-0.182407   -1.047017
-0.139229   -0.051769
-0.220479   0.000000
-0.136020   -3.094097
-0.125288   -2.591447
-0.124242   -1.668822
-0.122629   -1.591384
-0.122140   -2.695917
-0.121392   -2.711129
-0.121226   -2.171472
-0.117784   -2.193268
-0.117391   -2.998209
-0.116180   -2.495559
-0.220036   -2.047080
-0.213379   -2.166762
-0.206930   -1.951192
-0.217572   -1.124455
-0.217495   -1.648901
-0.170443   -1.047017
-0.165828   -0.544367
-0.206460   0.000000
-0.129849   -2.642174
-0.129668   -1.761419
-0.129145   -2.335517
-0.125577   -1.020403
-0.118578   -2.261699
-0.117127   -1.982688
-0.115787   -1.548329
-0.113387   -1.477684
-0.113008   -3.076532
-0.108730   -3.355544
-0.197667   -0.686616
-0.234650   -1.143897
-0.179602   -1.427632
-0.164350   -0.333787
-0.244764   -1.648901
-0.235782   -1.214542
-0.241276   -1.927912
-0.234018   0.000000
-0.110756   -1.458242
-0.101353   -1.594647
-0.090764   -2.389722
-0.076683   -3.316795
-0.052068   -1.261320
-0.045737   -2.056396
-0.042812   -0.334247
-0.041820   -2.558465
-0.036504   -2.675989
-0.034552   -1.124915
-0.158042   -2.055935
-0.199641   -1.260860
-0.061658   -0.000460
-0.157827   -0.333787
-0.222334   -1.124455
-0.224836   -2.558005
-0.217031   -2.675528
-0.209036   0.000000
-0.105232   -1.436681
-0.101720   -1.511835
-0.100008   -0.980957
-0.063610   -0.093253
-0.053331   -1.428092
-0.045068   -0.084664
-0.042526   -3.151345
-0.036939   -0.009510
-0.035543   -1.951652
-0.032151   -0.897214
-0.155865   -0.084203
-0.206596   -0.009050
-0.065289   -0.000460
-0.178628   -1.427632
-0.233127   -1.951192
-0.226398   -0.896754
-0.238606   -3.150885
-0.222490   0.000000
-0.082123   -3.427622
-0.080309   -3.281695
-0.064537   -2.690111
-0.053979   -1.510367
-0.041223   -1.269910
-0.038485   -1.438301
-0.038001   -1.152946
-0.034914   -2.029885
-0.032578   -2.175811
-0.019855   -0.258557
-0.145833   -1.429251
-0.046867   -0.009050
-0.113468   -1.260860
-0.187356   -1.143897
-0.203332   -2.166762
-0.192708   -0.249507
-0.214004   -2.020835
-0.202033   0.000000
-0.088079   -3.500856
-0.078153   -4.103015
-0.075694   -3.485186
-0.070109   -1.513454
-0.069205   -2.140139
-0.069044   -3.163527
-0.066052   -0.770820
-0.062669   -1.529124
-0.061473   -2.131283
-0.056867   -1.191795
-0.167101   -1.429251
-0.089029   -0.084203
-0.123072   -2.055935
-0.170322   -0.686616
-0.201410   -2.047080
-0.196817   -1.107592
-0.200763   -1.444921
-0.190298   0.000000
-0.148329   -1.073298
-0.145794   -1.231751
-0.136561   -1.067551
-0.134741   -0.855067
-0.131361   -0.824093
-0.131143   -0.909099
-0.130938   -0.498897
-0.130386   -0.690868
-0.129074   -0.659894
-0.128964   -0.198712
-0.228151   -0.481640
-0.230456   -0.673612
-0.232194   -1.050295
-0.236886   -0.891843
-0.232526   -0.642637
-0.205013   -0.181456
-0.177244   -0.017256
-0.235728   0.000000
-0.128567   -1.201674
-0.127863   -0.432175
-0.124996   -0.753853
-0.108947   -0.422104
-0.105491   -0.869925
-0.103004   -0.647923
-0.099176   -0.316174
-0.098813   -0.386454
-0.098714   -0.100425
-0.096240   -0.366262
-0.231669   -0.369197
-0.218273   -0.083169
-0.220243   -0.298918
-0.227381   -0.852668
-0.220135   -0.404847
-0.182407   -0.349006
-0.139229   -0.017256
-0.220479   0.000000
-0.136020   -1.031366
-0.125288   -0.863816
-0.124242   -0.556274
-0.122629   -0.530461
-0.122140   -0.898639
-0.121392   -0.903710
-0.121226   -0.723824
-0.117784   -0.731089
-0.117391   -0.999403
-0.116180   -0.831853
-0.220036   -0.682360
-0.213379   -0.722254
-0.206930   -0.650397
-0.217572   -0.374818
-0.217495   -0.549634
-0.170443   -0.349006
-0.165828   -0.181456
-0.206460   0.000000
-0.129849   -0.880725
-0.129668   -0.587140
-0.129145   -0.778506
-0.125577   -0.340134
-0.118578   -0.753900
-0.117127   -0.660896
-0.115787   -0.516110
-0.113387   -0.492561
-0.113008   -1.025511
-0.108730   -1.118515
-0.197667   -0.228872
-0.234650   -0.381299
-0.179602   -0.475877
-0.164350   -0.111262
-0.244764   -0.549634
-0.235782   -0.404847
-0.241276   -0.642637
-0.234018   0.000000
-0.110756   -0.486081
-0.101353   -0.531549
-0.090764   -0.796574
-0.076683   -1.105598
-0.052068   -0.420440
-0.045737   -0.685465
-0.042812   -0.111416
-0.041820   -0.852822
-0.036504   -0.891996
-0.034552   -0.374972
-0.158042   -0.685312
-0.199641   -0.420287
-0.061658   -0.000153
-0.157827   -0.111262
-0.222334   -0.374818
-0.224836   -0.852668
-0.217031   -0.891843
-0.209036   0.000000
-0.105232   -0.478894
-0.101720   -0.503945
-0.100008   -0.326986
-0.063610   -0.031084
-0.053331   -0.476031
-0.045068   -0.028221
-0.042526   -1.050448
-0.036939   -0.003170
-0.035543   -0.650551
-0.032151   -0.299071
-0.155865   -0.028068
-0.206596   -0.003017
-0.065289   -0.000153
-0.178628   -0.475877
-0.233127   -0.650397
-0.226398   -0.298918
-0.238606   -1.050295
-0.222490   0.000000
-0.082123   -1.142541
-0.080309   -1.093898
-0.064537   -0.896704
-0.053979   -0.503456
-0.041223   -0.423303
-0.038485   -0.479434
-0.038001   -0.384315
-0.034914   -0.676628
-0.032578   -0.725270
-0.019855   -0.086186
-0.145833   -0.476417
-0.046867   -0.003017
-0.113468   -0.420287
-0.187356   -0.381299
-0.203332   -0.722254
-0.192708   -0.083169
-0.214004   -0.673612
-0.202033   0.000000
-0.088079   -1.166952
-0.078153   -1.367672
-0.075694   -1.161729
-0.070109   -0.504485
-0.069205   -0.713380
-0.069044   -1.054509
-0.066052   -0.256940
-0.062669   -0.509708
-0.061473   -0.710428
-0.056867   -0.397265
-0.167101   -0.476417
-0.089029   -0.028068
-0.123072   -0.685312
-0.170322   -0.228872
-0.201410   -0.682360
-0.196817   -0.369197
-0.200763   -0.481640
-0.190298   0.000000
-0.136278   -0.667718
-0.134298   -1.436463
-0.133178   -0.879286
-0.132865   -1.246332
-0.128987   -0.623040
-0.124765   -0.477587
-0.121094   -0.110541
-0.112918   -0.587353
-0.106159   -0.515173
-0.101533   -0.397222
-0.215904   -0.382134
-0.207706   -0.572265
-0.217523   -0.500085
-0.213612   -0.607952
-0.212603   -0.864198
-0.187480   -0.095453
-0.165499   -0.015088
-0.205641   0.000000
-0.098157   -1.089389
-0.092759   -0.737019
-0.087786   -0.317061
-0.087552   -0.538506
-0.073562   -0.915094
-0.068893   -0.204471
-0.064078   -0.562724
-0.063565   -0.364211
-0.059893   -0.727542
-0.052141   -0.142766
-0.205088   -0.900006
-0.170164   -0.127678
-0.195229   -0.712454
-0.197023   -0.547637
-0.184881   -0.349123
-0.143280   -0.189383
-0.099320   -0.015088
-0.183078   0.000000
-0.119403   -1.360549
-0.118054   -0.790714
-0.110895   -1.126938
-0.110113   -0.795969
-0.102451   -0.284835
-0.101935   -0.655008
-0.100320   -1.266619
-0.099996   -0.702039
-0.094852   -0.696784
-0.087108   -1.033008
-0.214571   -0.601331
-0.211461   -0.606586
-0.216726   -0.559555
-0.219540   -1.171166
-0.204066   -0.937555
-0.163544   -0.189383
-0.135709   -0.095453
-0.197814   0.000000
-0.122540   -0.384445
-0.119661   -0.901354
-0.119486   -0.708678
-0.115634   -1.284424
-0.114164   -1.211066
-0.105743   -0.975132
-0.099775   -0.695991
-0.096540   -0.901775
-0.095622   -0.592062
-0.082872   -0.386700
-0.204300   -0.671102
-0.219845   -0.554485
-0.162101   -0.346868
-0.143517   -0.037577
-0.229612   -0.937555
-0.222288   -0.349123
-0.217788   -0.864198
-0.219070   0.000000
-0.097362   -0.645529
-0.092413   -0.285231
-0.091555   -1.208743
-0.084453   -0.585213
-0.048040   -0.713516
-0.040205   -0.608101
-0.039157   -0.247802
-0.039061   -0.547785
-0.038473   -0.037725
-0.035579   -1.171315
-0.190637   -0.247654
-0.220962   -0.713368
-0.057038   -0.000149
-0.136719   -0.037577
-0.234291   -1.171166
-0.217373   -0.547637
-0.223957   -0.607952
-0.224979   0.000000
-0.107301   -0.906424
-0.103909   -1.059322
-0.093634   -0.359067
-0.091493   -0.018267
-0.043987   -0.347017
-0.041671   -0.712603
-0.040991   -0.500234
-0.039686   -0.006217
-0.038168   -0.559704
-0.035049   -0.012347
-0.180779   -0.012198
-0.228147   -0.006069
-0.058125   -0.000149
-0.159688   -0.346868
-0.239074   -0.559555
-0.230543   -0.712454
-0.236856   -0.500085
-0.231994   0.000000
-0.100300   -0.583585
-0.074559   -1.319954
-0.072860   -0.719436
-0.068708   -0.461975
-0.066727   -1.285633
-0.060857   -0.841046
-0.058081   -0.560554
-0.047912   -0.612655
-0.036579   -0.578334
-0.019467   -0.133747
-0.194038   -0.455907
-0.078086   -0.006069
-0.134555   -0.713368
-0.194595   -0.554485
-0.215378   -0.606586
-0.195241   -0.127678
-0.215000   -0.572265
-0.226879   0.000000
-0.093268   -0.703560
-0.086893   -0.848985
-0.080143   -1.147660
-0.073129   -0.629788
-0.071720   -0.259852
-0.069562   -0.468105
-0.065182   -0.912204
-0.065147   -0.683300
-0.061243   -0.613530
-0.059110   -0.394332
-0.169721   -0.455907
-0.085893   -0.012198
-0.126643   -0.247654
-0.166026   -0.671102
-0.186009   -0.601331
-0.186795   -0.900006
-0.177389   -0.382134
-0.172129   0.000000
-0.153185   -0.601793
-0.147892   -0.727565
-0.145081   -0.632199
-0.139594   -0.677345
-0.138430   -0.684705
-0.137720   -0.720206
-0.136974   -0.286276
-0.122779   -0.038254
-0.113780   -0.353771
-0.112487   -0.278916
-0.224319   -0.616752
-0.223495   -0.661898
-0.217935   -0.704759
-0.221116   -0.338324
-0.211776   -0.263469
-0.210479   -0.022807
-0.172833   -0.015447
-0.217655   0.000000
-0.152447   -1.398501
-0.152302   -1.153518
-0.149038   -0.997215
-0.143942   -1.068982
-0.132593   -0.391914
-0.130479   -0.372617
-0.128145   -0.548217
-0.126764   -0.636195
-0.122501   -0.707962
-0.117013   -0.793200
-0.220762   -0.620748
-0.210763   -0.357170
-0.213934   -0.692515
-0.225914   -0.777754
-0.226272   -0.532770
-0.219883   -0.376467
-0.172260   -0.015447
-0.221668   0.000000
-0.128240   -1.175974
-0.125987   -0.987600
-0.125607   -0.904110
-0.121777   -0.907499
-0.112051   -0.399274
-0.106568   -0.671137
-0.105621   -0.914052
-0.103131   -0.633939
-0.089437   -0.550450
-0.083217   -0.553838
-0.189611   -0.527643
-0.188951   -0.611133
-0.183823   -0.531032
-0.198911   -0.648331
-0.199408   -0.891245
-0.181808   -0.376467
-0.140918   -0.022807
-0.175356   0.000000
-0.167025   -1.391286
-0.164403   -1.636719
-0.158240   -1.032811
-0.158031   -0.779392
-0.155267   -0.533960
-0.141717   -1.278244
-0.134124   -0.297388
-0.134105   -0.975593
-0.132966   -0.925163
-0.122173   -0.566688
-0.249315   -0.941674
-0.211038   -0.500041
-0.219575   -0.745474
-0.182007   -0.033918
-0.247302   -0.891245
-0.229294   -0.532770
-0.255577   -0.263469
-0.253518   0.000000
-0.111078   -0.689776
-0.109385   -0.823435
-0.109260   -1.121003
-0.107288   -1.250426
-0.107232   -0.810997
-0.101045   -0.987344
-0.097873   -0.677338
-0.097178   -1.116767
-0.095920   -0.506591
-0.084909   -0.372932
-0.220061   -0.350762
-0.133880   -0.472673
-0.129581   -0.339014
-0.170059   -0.033918
-0.223246   -0.648331
-0.224731   -0.777754
-0.215067   -0.338324
-0.219342   0.000000
-0.086302   -1.043773
-0.082385   -1.031529
-0.055677   -0.870045
-0.038414   -0.704874
-0.036521   -0.692630
-0.036385   -0.341599
-0.035722   -0.745589
-0.033950   -0.339129
-0.020254   -0.531147
-0.009192   -0.002700
-0.179665   -0.002585
-0.043449   -0.000115
-0.114474   -0.339014
-0.185780   -0.745474
-0.194630   -0.531032
-0.208425   -0.692515
-0.210523   -0.704759
-0.199345   0.000000
-0.046310   -1.134571
-0.046034   -0.829843
-0.033745   -1.083805
-0.032753   -0.574967
-0.007518   -0.500156
-0.007293   -0.472788
-0.007245   -0.102410
-0.006852   -0.611248
-0.006347   -0.662013
-0.006050   -0.357285
-0.156705   -0.102295
-0.009703   -0.000115
-0.067312   -0.472673
-0.144878   -0.500041
-0.161704   -0.611133
-0.154842   -0.357170
-0.164956   -0.661898
-0.160096   0.000000
-0.086123   -0.723042
-0.085093   -0.453057
-0.073856   -0.878405
-0.059149   -0.629938
-0.040661   -0.104880
-0.036897   -0.619337
-0.035945   -0.353348
-0.035570   -0.530228
-0.033691   -0.623333
-0.032860   -0.944260
-0.115302   -0.102295
-0.046908   -0.002585
-0.167274   -0.350762
-0.208070   -0.941674
-0.180363   -0.527643
-0.224677   -0.620748
-0.220936   -0.616752
-0.222475   0.000000
-0.139079   -0.908935
-0.135928   -0.705628
-0.131982   -0.663470
-0.129554   -0.533638
-0.120858   -0.906670
-0.118261   -0.531373
-0.113958   -0.661205
-0.112572   -0.703363
-0.108805   -0.572312
-0.089065   -0.009057
-0.217652   -0.903274
-0.207783   -0.527977
-0.223091   -0.699967
-0.217131   -0.568916
-0.214286   -0.657809
-0.182244   -0.005661
-0.156714   -0.003396
-0.209559   0.000000
-0.157393   -1.094851
-0.156167   -1.074581
-0.151843   -1.364355
-0.141671   -1.100507
-0.128901   -0.608697
-0.124230   -0.615848
-0.124152   -0.582771
-0.117423   -0.762449
-0.112668   -0.603041
-0.107986   -0.498601
-0.231780   -0.612452
-0.205623   -0.495206
-0.231607   -0.759054
-0.235648   -0.579375
-0.233405   -0.599646
-0.210061   -0.605302
-0.153880   -0.003396
-0.224471   0.000000
-0.129813   -1.539334
-0.123290   -1.602876
-0.122218   -1.053225
-0.098917   -1.116767
-0.081409   -0.610963
-0.074765   -0.547421
-0.071498   -1.003236
-0.068512   -0.478684
-0.067466   -0.562985
-0.059907   -0.517126
-0.196197   -0.557324
-0.178271   -0.997575
-0.172785   -0.511465
-0.203036   -0.541759
-0.201083   -0.473023
-0.187289   -0.605302
-0.096357   -0.005661
-0.193330   0.000000
-0.163297   -1.257455
-0.157623   -0.982490
-0.157281   -1.332176
-0.148358   -1.274012
-0.147026   -0.849160
-0.143643   -0.727587
-0.141208   -0.924327
-0.139717   -0.394459
-0.137758   -0.542802
-0.136979   -0.669424
-0.246810   -0.779382
-0.204649   -0.674366
-0.205274   -0.324681
-0.197625   -0.069778
-0.234723   -0.473023
-0.247793   -0.599646
-0.239118   -0.657809
-0.238846   0.000000
-0.112838   -1.541247
-0.111849   -1.341262
-0.109966   -0.570532
-0.108071   -1.530788
-0.103321   -1.031650
-0.100289   -1.503631
-0.098022   -0.770517
-0.092675   -0.260920
-0.090525   -0.760058
-0.088496   -0.732901
-0.246444   -0.379390
-0.136003   -0.961872
-0.124449   -0.191142
-0.195203   -0.069778
-0.230756   -0.541759
-0.253086   -0.579375
-0.239900   -0.568916
-0.242842   0.000000
-0.080759   -0.891109
-0.075538   -0.515823
-0.068804   -0.759299
-0.066726   -0.700212
-0.063370   -0.191387
-0.055702   -0.324927
-0.049532   -0.702607
-0.049418   -0.511711
-0.039961   -0.192930
-0.008757   -0.002033
-0.203466   -0.001788
-0.081568   -0.000245
-0.111233   -0.191142
-0.197367   -0.324681
-0.190580   -0.511465
-0.228602   -0.759054
-0.215985   -0.699967
-0.213327   0.000000
-0.062751   -1.457077
-0.062080   -1.489849
-0.045885   -1.959447
-0.044987   -1.428074
-0.008758   -0.997820
-0.008535   -0.466448
-0.007987   -0.528223
-0.007974   -0.962117
-0.006905   -0.674612
-0.006131   -0.495451
-0.190255   -0.466203
-0.010336   -0.000245
-0.082437   -0.961872
-0.168058   -0.674366
-0.179812   -0.997575
-0.199488   -0.495206
-0.191958   -0.527977
-0.198933   0.000000
-0.093812   -1.158771
-0.084207   -1.245584
-0.076081   -1.023527
-0.070198   -0.936714
-0.019173   -0.467990
-0.017509   -0.905061
-0.016161   -0.381177
-0.015789   -0.614240
-0.015011   -0.559111
-0.014591   -0.781169
-0.121576   -0.466203
-0.021503   -0.001788
-0.150660   -0.379390
-0.191342   -0.779382
-0.163737   -0.557324
-0.191931   -0.612452
-0.188361   -0.903274
-0.186773   0.000000
-0.133741   -1.237666
-0.128861   -1.140352
-0.126548   -1.246427
-0.118204   -1.115743
-0.070173   -0.705380
-0.069001   -0.611349
-0.066812   -0.635959
-0.065841   -0.505275
-0.064197   -0.419771
-0.064160   -0.602589
-0.229535   -0.704940
-0.199102   -0.602148
-0.203972   -0.504834
-0.220418   -0.635518
-0.230289   -0.419331
-0.085730   -0.000441
-0.187913   -0.610909
-0.227189   0.000000
-0.120637   -1.319519
-0.120348   -1.437950
-0.115113   -1.118572
-0.114620   -1.132917
-0.074881   -0.713866
-0.074210   -0.734595
-0.072287   -0.616164
-0.067786   -0.527264
-0.061381   -0.512919
-0.038904   -0.689624
-0.211735   -0.708610
-0.102086   -0.005256
-0.218754   -0.684368
-0.224557   -0.522008
-0.210145   -0.507663
-0.178636   -0.729339
-0.167257   -0.610909
-0.212817   0.000000
-0.120475   -1.239878
-0.113384   -0.901995
-0.112765   -1.339015
-0.110943   -1.226730
-0.062950   -0.510980
-0.061268   -0.729780
-0.058343   -0.421500
-0.056834   -0.610116
-0.056636   -0.497831
-0.050923   -0.173096
-0.204280   -0.609676
-0.197619   -0.421059
-0.195063   -0.172656
-0.214703   -0.497391
-0.216703   -0.510539
-0.176574   -0.729339
-0.078932   -0.000441
-0.209716   0.000000
-0.125086   -0.961244
-0.124866   -0.876633
-0.123165   -0.964966
-0.122358   -0.458085
-0.119336   -0.464683
-0.110907   -0.967842
-0.110187   -0.271377
-0.106285   -0.426711
-0.094936   -0.515043
-0.083482   -0.517919
-0.211049   -0.263997
-0.191350   -0.450705
-0.173204   -0.457303
-0.146901   -0.007380
-0.223964   -0.510539
-0.227370   -0.507663
-0.220603   -0.419331
-0.224529   0.000000
-0.076433   -0.642898
-0.074691   -0.536953
-0.074352   -0.405076
-0.072748   -0.642366
-0.071101   -0.504771
-0.070546   -0.529388
-0.058260   -0.650463
-0.053299   -0.397511
-0.053000   -0.022326
-0.045962   -0.512336
-0.168903   -0.390130
-0.167832   -0.634986
-0.105141   -0.014945
-0.099387   -0.007380
-0.224133   -0.497391
-0.214273   -0.522008
-0.211246   -0.635518
-0.207042   0.000000
-0.072029   -0.281558
-0.067854   -0.629958
-0.062445   -0.472248
-0.058364   -0.699313
-0.056750   -0.123848
-0.050256   -0.458231
-0.037115   -0.519779
-0.036378   -0.015874
-0.027367   -0.109831
-0.026700   -0.187601
-0.143696   -0.000929
-0.124836   -0.108902
-0.083291   -0.014945
-0.131780   -0.457303
-0.174711   -0.172656
-0.199750   -0.684368
-0.178631   -0.504834
-0.198213   0.000000
-0.047033   -0.455961
-0.046783   -0.743888
-0.044959   -0.521850
-0.044043   -0.871764
-0.041786   -0.529962
-0.041387   -1.237134
-0.040906   -1.056045
-0.039404   -0.711051
-0.026613   -0.640242
-0.005139   -0.114158
-0.135896   -0.412948
-0.066103   -0.108902
-0.087103   -0.634986
-0.107766   -0.450705
-0.123071   -0.421059
-0.103699   -0.005256
-0.121687   -0.602148
-0.131331   0.000000
-0.120646   -1.098741
-0.119279   -0.654127
-0.103329   -1.095070
-0.100158   -0.999806
-0.067859   -0.610604
-0.066545   -0.413876
-0.064667   -0.391059
-0.060921   -0.264925
-0.058746   -0.705868
-0.055389   -0.709539
-0.206128   -0.412948
-0.080069   -0.000929
-0.165179   -0.390130
-0.210519   -0.263997
-0.206407   -0.609676
-0.219400   -0.708610
-0.212661   -0.704940
-0.210447   0.000000
-0.137820   -0.619643
-0.137405   -1.339491
-0.137378   -0.462818
-0.131455   -0.588598
-0.078259   -0.322399
-0.078233   -1.017632
-0.073603   -0.423564
-0.070045   -0.196619
-0.067293   -0.240740
-0.065826   -0.266739
-0.213951   -0.266469
-0.193959   -0.423294
-0.226468   -0.240470
-0.218572   -0.196349
-0.227996   -1.017362
-0.105556   -0.000270
-0.202805   -0.322129
-0.229490   0.000000
-0.139697   -0.718600
-0.139376   -1.022447
-0.127151   -0.923121
-0.118306   -0.546574
-0.084463   -0.710102
-0.083282   -0.234229
-0.081216   -0.331913
-0.078664   -0.610776
-0.070292   -0.503939
-0.052193   -0.919570
-0.217627   -0.600992
-0.107100   -0.009784
-0.219049   -0.909786
-0.218981   -0.700318
-0.211040   -0.224445
-0.193222   -0.494155
-0.176321   -0.322129
-0.201257   0.000000
-0.137681   -0.722053
-0.135116   -1.224994
-0.126950   -0.961762
-0.126377   -0.442222
-0.080281   -1.090989
-0.073796   -0.757657
-0.072071   -0.494425
-0.070660   -0.214594
-0.063322   -0.228168
-0.061780   -0.467877
-0.215527   -0.467607
-0.202128   -0.757387
-0.212135   -0.227898
-0.225995   -0.214324
-0.231235   -1.090719
-0.201177   -0.494155
-0.096911   -0.000270
-0.214218   0.000000
-0.128273   -1.763517
-0.125843   -1.244473
-0.123742   -1.288734
-0.118134   -0.970600
-0.117695   -1.317830
-0.117152   -1.836874
-0.116295   -1.362092
-0.115030   -0.910401
-0.114620   -0.498483
-0.109102   -0.495817
-0.222351   -0.639029
-0.163648   -0.227111
-0.166318   -0.746155
-0.144694   -0.271372
-0.238274   -1.090719
-0.235721   -0.224445
-0.237908   -1.017362
-0.237363   0.000000
-0.064610   -0.749036
-0.059789   -0.786660
-0.057736   -0.971690
-0.056890   -0.694158
-0.054929   -0.485697
-0.051708   -0.467721
-0.049059   -0.320090
-0.047300   -0.916812
-0.045125   -0.245067
-0.027946   -0.263042
-0.198290   -0.645440
-0.139762   -0.515288
-0.085388   -0.048718
-0.076104   -0.271372
-0.224633   -0.214324
-0.234377   -0.700318
-0.211900   -0.196349
-0.229963   0.000000
-0.076325   -0.794873
-0.066399   -0.958504
-0.064995   -0.986625
-0.063392   -0.127114
-0.048477   -0.289188
-0.045783   -0.051398
-0.043711   -0.974053
-0.042326   -0.748835
-0.038519   -0.081077
-0.022762   -0.276616
-0.186622   -0.002680
-0.129025   -0.078396
-0.087299   -0.048718
-0.105421   -0.746155
-0.205773   -0.227898
-0.233420   -0.909786
-0.221075   -0.240470
-0.228728   0.000000
-0.062628   -0.653589
-0.056269   -0.984498
-0.050988   -0.650405
-0.050607   -0.938581
-0.050286   -1.272675
-0.045721   -0.835783
-0.041543   -0.501690
-0.033546   -0.236895
-0.026497   -0.525071
-0.007252   -0.088180
-0.156371   -0.575193
-0.080873   -0.078396
-0.100938   -0.515288
-0.104396   -0.227111
-0.140707   -0.757387
-0.128122   -0.009784
-0.142137   -0.423294
-0.140907   0.000000
-0.124494   -1.246432
-0.119393   -0.911909
-0.116414   -1.106636
-0.090608   -1.113047
-0.080378   -0.648120
-0.071210   -0.641709
-0.069690   -0.577873
-0.064504   -0.269149
-0.062668   -0.603672
-0.057078   -0.470287
-0.223121   -0.575193
-0.095154   -0.002680
-0.179681   -0.645440
-0.197352   -0.639029
-0.214492   -0.467607
-0.234051   -0.600992
-0.225541   -0.266469
-0.228545   0.000000
-3.043427   -1.073298
-2.991396   -1.231751
-2.801968   -1.067551
-2.764614   -0.855067
-2.695272   -0.824093
-2.690789   -0.909099
-2.686592   -0.498897
-2.675258   -0.690868
-2.648352   -0.659894
-2.646086   -0.198712
-4.681202   -0.481640
-4.728506   -0.673612
-4.764167   -1.050295
-4.860427   -0.891843
-4.770982   -0.642637
-4.206469   -0.181456
-3.636701   -0.017256
-4.836680   0.000000
-2.637951   -1.201674
-2.623487   -0.432175
-2.564668   -0.753853
-2.235369   -0.422104
-2.164470   -0.869925
-2.113446   -0.647923
-2.034891   -0.316174
-2.027456   -0.386454
-2.025410   -0.100425
-1.974649   -0.366262
-4.753401   -0.369197
-4.478527   -0.083169
-4.518948   -0.298918
-4.665410   -0.852668
-4.516737   -0.404847
-3.742632   -0.349006
-2.856709   -0.017256
-4.523798   0.000000
-2.790852   -1.031366
-2.570662   -0.863816
-2.549196   -0.556274
-2.516095   -0.530461
-2.506069   -0.898639
-2.490721   -0.903710
-2.487327   -0.723824
-2.416698   -0.731089
-2.408640   -0.999403
-2.383783   -0.831853
-4.514700   -0.682360
-4.378107   -0.722254
-4.245793   -0.650397
-4.464147   -0.374818
-4.462559   -0.549634
-3.497159   -0.349006
-3.402457   -0.181456
-4.236143   0.000000
-2.664252   -0.880725
-2.660539   -0.587140
-2.649803   -0.778506
-2.576588   -0.340134
-2.432995   -0.753900
-2.403213   -0.660896
-2.375715   -0.516110
-2.326486   -0.492561
-2.318700   -1.025511
-2.230919   -1.118515
-4.055735   -0.228872
-4.814551   -0.381299
-3.685077   -0.475877
-3.372143   -0.111262
-5.022080   -0.549634
-4.837790   -0.404847
-4.950516   -0.642637
-4.801590   0.000000
-2.272504   -0.486081
-2.079565   -0.531549
-1.862303   -0.796574
-1.573380   -1.105598
-1.068331   -0.420440
-0.938436   -0.685465
-0.878428   -0.111416
-0.858059   -0.852822
-0.748985   -0.891996
-0.708935   -0.374972
-3.242718   -0.685312
-4.096239   -0.420287
-1.265098   -0.000153
-3.238296   -0.111262
-4.561848   -0.374818
-4.613193   -0.852668
-4.453048   -0.891843
-4.289002   0.000000
-2.159156   -0.478894
-2.087088   -0.503945
-2.051961   -0.326986
-1.305149   -0.031084
-1.094244   -0.476031
-0.924704   -0.028221
-0.872552   -1.050448
-0.757921   -0.003170
-0.729274   -0.650551
-0.659667   -0.299071
-3.198041   -0.028068
-4.238946   -0.003017
-1.339610   -0.000153
-3.665087   -0.475877
-4.783310   -0.650397
-4.645238   -0.298918
-4.895727   -1.050295
-4.565047   0.000000
-1.685009   -1.142541
-1.647777   -1.093898
-1.324174   -0.896704
-1.107534   -0.503456
-0.845810   -0.423303
-0.789633   -0.479434
-0.779715   -0.384315
-0.716367   -0.676628
-0.668437   -0.725270
-0.407382   -0.086186
-2.992202   -0.476417
-0.961610   -0.003017
-2.328140   -0.420287
-3.844176   -0.381299
-4.171972   -0.722254
-3.953990   -0.083169
-4.390933   -0.673612
-4.145318   0.000000
-1.807209   -1.166952
-1.603550   -1.367672
-1.553096   -1.161729
-1.438504   -0.504485
-1.419959   -0.713380
-1.416644   -1.054509
-1.355252   -0.256940
-1.285850   -0.509708
-1.261311   -0.710428
-1.166796   -0.397265
-3.428581   -0.476417
-1.826699   -0.028068
-2.525197   -0.685312
-3.494677   -0.228872
-4.132537   -0.682360
-4.038298   -0.369197
-4.119251   -0.481640
-3.904533   0.000000
-2.866273   -0.667718
-2.824642   -1.436463
-2.801068   -0.879286
-2.794502   -1.246332
-2.712923   -0.623040
-2.624134   -0.477587
-2.546916   -0.110541
-2.374952   -0.587353
-2.232789   -0.515173
-2.135495   -0.397222
-4.541027   -0.382134
-4.368584   -0.572265
-4.575077   -0.500085
-4.492805   -0.607952
-4.471589   -0.864198
-3.943194   -0.095453
-3.480873   -0.015088
-4.325151   0.000000
-2.064495   -1.089389
-1.950968   -0.737019
-1.846370   -0.317061
-1.841443   -0.538506
-1.547209   -0.915094
-1.448991   -0.204471
-1.347726   -0.562724
-1.336944   -0.364211
-1.259704   -0.727542
-1.096660   -0.142766
-4.313525   -0.900006
-3.578989   -0.127678
-4.106169   -0.712454
-4.143893   -0.547637
-3.888529   -0.349123
-3.013548   -0.189383
-2.088946   -0.015088
-3.850605   0.000000
-2.511356   -1.360549
-2.482981   -0.790714
-2.332409   -1.126938
-2.315962   -0.795969
-2.154804   -0.284835
-2.143946   -0.655008
-2.109992   -1.266619
-2.103177   -0.702039
-1.994991   -0.696784
-1.832110   -1.033008
-4.512989   -0.601331
-4.447572   -0.606586
-4.558315   -0.559555
-4.617499   -1.171166
-4.292034   -0.937555
-3.439761   -0.189383
-2.854315   -0.095453
-4.160547   0.000000
-2.577324   -0.384445
-2.516782   -0.901354
-2.513100   -0.708678
-2.432076   -1.284424
-2.401165   -1.211066
-2.224050   -0.975132
-2.098530   -0.695991
-2.030485   -0.901775
-2.011171   -0.592062
-1.743008   -0.386700
-4.296963   -0.671102
-4.623904   -0.554485
-3.409411   -0.346868
-3.018538   -0.037577
-4.829334   -0.937555
-4.675293   -0.349123
-4.580642   -0.864198
-4.607608   0.000000
-2.047775   -0.645529
-1.943684   -0.285231
-1.925641   -1.208743
-1.776268   -0.585213
-1.010394   -0.713516
-0.845621   -0.608101
-0.823568   -0.247802
-0.821548   -0.547785
-0.809189   -0.037725
-0.748326   -1.171315
-4.009598   -0.247654
-4.647393   -0.713368
-1.199661   -0.000149
-2.875549   -0.037577
-4.927748   -1.171166
-4.571904   -0.547637
-4.710384   -0.607952
-4.731884   0.000000
-2.256823   -0.906424
-2.185471   -1.059322
-1.969370   -0.359067
-1.924340   -0.018267
-0.925164   -0.347017
-0.876439   -0.712603
-0.862145   -0.500234
-0.834696   -0.006217
-0.802769   -0.559704
-0.737164   -0.012347
-3.802252   -0.012198
-4.798513   -0.006069
-1.222509   -0.000149
-3.358653   -0.346868
-5.028349   -0.559555
-4.848915   -0.712454
-4.981692   -0.500085
-4.879430   0.000000
-2.109562   -0.583585
-1.568176   -1.319954
-1.532430   -0.719436
-1.445116   -0.461975
-1.403451   -1.285633
-1.279978   -0.841046
-1.221593   -0.560554
-1.007710   -0.612655
-0.769345   -0.578334
-0.409431   -0.133747
-4.081109   -0.455907
-1.642347   -0.006069
-2.830042   -0.713368
-4.092841   -0.554485
-4.529957   -0.606586
-4.106415   -0.127678
-4.522013   -0.572265
-4.771846   0.000000
-1.961664   -0.703560
-1.827585   -0.848985
-1.685611   -1.147660
-1.538088   -0.629788
-1.508461   -0.259852
-1.463068   -0.468105
-1.370944   -0.912204
-1.370206   -0.683300
-1.288091   -0.613530
-1.243232   -0.394332
-3.569668   -0.455907
-1.806551   -0.012198
-2.663624   -0.247654
-3.491949   -0.671102
-3.912242   -0.601331
-3.928778   -0.900006
-3.730941   -0.382134
-3.620326   0.000000
-3.221873   -0.601793
-3.110541   -0.727565
-3.051426   -0.632199
-2.936025   -0.677345
-2.911537   -0.684705
-2.896613   -0.720206
-2.880919   -0.286276
-2.582353   -0.038254
-2.393081   -0.353771
-2.365895   -0.278916
-4.718009   -0.616752
-4.700680   -0.661898
-4.583737   -0.704759
-4.650636   -0.338324
-4.454191   -0.263469
-4.426907   -0.022807
-3.635116   -0.015447
-4.577850   0.000000
-3.206348   -1.398501
-3.203314   -1.153518
-3.134663   -0.997215
-3.027469   -1.068982
-2.788768   -0.391914
-2.744310   -0.372617
-2.695225   -0.548217
-2.666183   -0.636195
-2.576510   -0.707962
-2.461077   -0.793200
-4.643184   -0.620748
-4.432892   -0.357170
-4.499589   -0.692515
-4.751563   -0.777754
-4.759080   -0.532770
-4.624714   -0.376467
-3.623061   -0.015447
-4.662254   0.000000
-2.697224   -1.175974
-2.649834   -0.987600
-2.641832   -0.904110
-2.561289   -0.907499
-2.356720   -0.399274
-2.241393   -0.671137
-2.221480   -0.914052
-2.169113   -0.633939
-1.881090   -0.550450
-1.750269   -0.553838
-3.987999   -0.527643
-3.974134   -0.611133
-3.866274   -0.531032
-4.183609   -0.648331
-4.194072   -0.891245
-3.823886   -0.376467
-2.963877   -0.022807
-3.688193   0.000000
-3.512959   -1.391286
-3.457814   -1.636719
-3.328204   -1.032811
-3.323805   -0.779392
-3.265668   -0.533960
-2.980680   -1.278244
-2.820972   -0.297388
-2.820576   -0.975593
-2.796609   -0.925163
-2.569604   -0.566688
-5.243742   -0.941674
-4.438665   -0.500041
-4.618230   -0.745474
-3.828081   -0.033918
-5.201392   -0.891245
-4.822646   -0.532770
-5.375444   -0.263469
-5.332147   0.000000
-2.336249   -0.689776
-2.300640   -0.823435
-2.298018   -1.121003
-2.256549   -1.250426
-2.255363   -0.810997
-2.125229   -0.987344
-2.058531   -0.677338
-2.043911   -1.116767
-2.017436   -0.506591
-1.785860   -0.372932
-4.628452   -0.350762
-2.815841   -0.472673
-2.725432   -0.339014
-3.576785   -0.033918
-4.695434   -0.648331
-4.726674   -0.777754
-4.523421   -0.338324
-4.613335   0.000000
-1.815162   -1.043773
-1.732767   -1.031529
-1.171020   -0.870045
-0.807949   -0.704874
-0.768136   -0.692630
-0.765274   -0.341599
-0.751335   -0.745589
-0.714064   -0.339129
-0.425998   -0.531147
-0.193333   -0.002700
-3.778818   -0.002585
-0.913840   -0.000115
-2.407681   -0.339014
-3.907435   -0.745474
-4.093578   -0.531032
-4.383711   -0.692515
-4.427836   -0.704759
-4.192731   0.000000
-0.974013   -1.134571
-0.968213   -0.829843
-0.709734   -1.083805
-0.688889   -0.574967
-0.158117   -0.500156
-0.153397   -0.472788
-0.152381   -0.102410
-0.144109   -0.611248
-0.133496   -0.662013
-0.127254   -0.357285
-3.295903   -0.102295
-0.204081   -0.000115
-1.415741   -0.472673
-3.047157   -0.500041
-3.401060   -0.611133
-3.256719   -0.357170
-3.469439   -0.661898
-3.367223   0.000000
-1.811395   -0.723042
-1.789724   -0.453057
-1.553378   -0.878405
-1.244052   -0.629938
-0.855216   -0.104880
-0.776037   -0.619337
-0.756018   -0.353348
-0.748120   -0.530228
-0.708598   -0.623333
-0.691130   -0.944260
-2.425095   -0.102295
-0.986604   -0.002585
-3.518195   -0.350762
-4.376240   -0.941674
-3.793499   -0.527643
-4.725528   -0.620748
-4.646854   -0.616752
-4.679228   0.000000
-2.829691   -0.908935
-2.765585   -0.705628
-2.685307   -0.663470
-2.635892   -0.533638
-2.458971   -0.906670
-2.406127   -0.531373
-2.318579   -0.661205
-2.290378   -0.703363
-2.213732   -0.572312
-1.812112   -0.009057
-4.428340   -0.903274
-4.227540   -0.527977
-4.538993   -0.699967
-4.417742   -0.568916
-4.359849   -0.657809
-3.707934   -0.005661
-3.188492   -0.003396
-4.263669   0.000000
-3.202308   -1.094851
-3.177353   -1.074581
-3.089393   -1.364355
-2.882423   -1.100507
-2.622602   -0.608697
-2.527572   -0.615848
-2.525984   -0.582771
-2.389077   -0.762449
-2.292345   -0.603041
-2.197084   -0.498601
-4.715770   -0.612452
-4.183599   -0.495206
-4.712268   -0.759054
-4.794479   -0.579375
-4.748843   -0.599646
-4.273895   -0.605302
-3.130828   -0.003396
-4.567074   0.000000
-2.641169   -1.539334
-2.508454   -1.602876
-2.486633   -1.053225
-2.012562   -1.116767
-1.656336   -0.610963
-1.521164   -0.547421
-1.454688   -1.003236
-1.393935   -0.478684
-1.372656   -0.562985
-1.218871   -0.517126
-3.991809   -0.557324
-3.627093   -0.997575
-3.515474   -0.511465
-4.130965   -0.541759
-4.091216   -0.473023
-3.810570   -0.605302
-1.960470   -0.005661
-3.933475   0.000000
-3.322426   -1.257455
-3.206977   -0.982490
-3.200038   -1.332176
-3.018490   -1.274012
-2.991385   -0.849160
-2.922546   -0.727587
-2.873010   -0.924327
-2.842678   -0.394459
-2.802814   -0.542802
-2.786960   -0.669424
-5.021574   -0.779382
-4.163782   -0.674366
-4.176491   -0.324681
-4.020861   -0.069778
-4.775652   -0.473023
-5.041589   -0.599646
-4.865072   -0.657809
-4.859541   0.000000
-2.295790   -1.541247
-2.275680   -1.341262
-2.237353   -0.570532
-2.198803   -1.530788
-2.102162   -1.031650
-2.040466   -1.503631
-1.994355   -0.770517
-1.885562   -0.260920
-1.841807   -0.760058
-1.800524   -0.732901
-5.014142   -0.379390
-2.767103   -0.961872
-2.532032   -0.191142
-3.971587   -0.069778
-4.694952   -0.541759
-5.149279   -0.579375
-4.880985   -0.568916
-4.940852   0.000000
-1.643110   -0.891109
-1.536889   -0.515823
-1.399875   -0.759299
-1.357602   -0.700212
-1.289319   -0.191387
-1.133318   -0.324927
-1.007770   -0.702607
-1.005452   -0.511711
-0.813053   -0.192930
-0.178176   -0.002033
-4.139710   -0.001788
-1.659570   -0.000245
-2.263146   -0.191142
-4.015620   -0.324681
-3.877527   -0.511465
-4.651123   -0.759054
-4.394414   -0.699967
-4.340333   0.000000
-1.276729   -1.457077
-1.263077   -1.489849
-0.933568   -1.959447
-0.915307   -1.428074
-0.178190   -0.997820
-0.173650   -0.466448
-0.162507   -0.528223
-0.162233   -0.962117
-0.140490   -0.674612
-0.124747   -0.495451
-3.870915   -0.466203
-0.210286   -0.000245
-1.677248   -0.961872
-3.419293   -0.674366
-3.658442   -0.997575
-4.058769   -0.495206
-3.905572   -0.527977
-4.047478   0.000000
-1.908695   -1.158771
-1.713266   -1.245584
-1.547930   -1.023527
-1.428235   -0.936714
-0.390094   -0.467990
-0.356242   -0.905061
-0.328807   -0.381177
-0.321242   -0.614240
-0.305423   -0.559111
-0.296861   -0.781169
-2.473567   -0.466203
-0.437501   -0.001788
-3.065327   -0.379390
-3.893024   -0.779382
-3.331378   -0.557324
-3.905006   -0.612452
-3.832372   -0.903274
-3.800065   0.000000
-2.790019   -1.237666
-2.688224   -1.140352
-2.639953   -1.246427
-2.465893   -1.115743
-1.463895   -0.705380
-1.439454   -0.611349
-1.393794   -0.635959
-1.373530   -0.505275
-1.339239   -0.419771
-1.338456   -0.602589
-4.788414   -0.704940
-4.153539   -0.602148
-4.255123   -0.504834
-4.598215   -0.635518
-4.804133   -0.419331
-1.788442   -0.000441
-3.920117   -0.610909
-4.739474   0.000000
-2.516658   -1.319519
-2.510625   -1.437950
-2.401410   -1.118572
-2.391120   -1.132917
-1.562115   -0.713866
-1.548129   -0.734595
-1.507995   -0.616164
-1.414107   -0.527264
-1.280483   -0.512919
-0.811583   -0.689624
-4.417083   -0.708610
-2.129650   -0.005256
-4.563505   -0.684368
-4.684563   -0.522008
-4.383907   -0.507663
-3.726579   -0.729339
-3.489210   -0.610909
-4.439650   0.000000
-2.513268   -1.239878
-2.365344   -0.901995
-2.352421   -1.339015
-2.314411   -1.226730
-1.313221   -0.510980
-1.278126   -0.729780
-1.217115   -0.421500
-1.185637   -0.610116
-1.181506   -0.497831
-1.062327   -0.173096
-4.261558   -0.609676
-4.122591   -0.421059
-4.069278   -0.172656
-4.478987   -0.497391
-4.520716   -0.510539
-3.683565   -0.729339
-1.646634   -0.000441
-4.374959   0.000000
-2.609452   -0.961244
-2.604864   -0.876633
-2.569388   -0.964966
-2.552553   -0.458085
-2.489516   -0.464683
-2.313667   -0.967842
-2.298652   -0.271377
-2.217252   -0.426711
-1.980495   -0.515043
-1.741545   -0.517919
-4.402757   -0.263997
-3.991825   -0.450705
-3.613264   -0.457303
-3.064562   -0.007380
-4.672194   -0.510539
-4.743243   -0.507663
-4.602076   -0.419331
-4.683978   0.000000
-1.594487   -0.642898
-1.558149   -0.536953
-1.551079   -0.405076
-1.517615   -0.642366
-1.483270   -0.504771
-1.471686   -0.529388
-1.215385   -0.650463
-1.111884   -0.397511
-1.105653   -0.022326
-0.958831   -0.512336
-3.523539   -0.390130
-3.501196   -0.634986
-2.193382   -0.014945
-2.073357   -0.007380
-4.675723   -0.497391
-4.470027   -0.522008
-4.406868   -0.635518
-4.319174   0.000000
-1.502627   -0.281558
-1.415532   -0.629958
-1.302681   -0.472248
-1.217548   -0.699313
-1.183874   -0.123848
-1.048409   -0.458231
-0.774262   -0.519779
-0.758885   -0.015874
-0.570908   -0.109831
-0.557007   -0.187601
-2.997684   -0.000929
-2.604240   -0.108902
-1.737558   -0.014945
-2.749115   -0.457303
-3.644707   -0.172656
-4.167052   -0.684368
-3.726481   -0.504834
-4.134997   0.000000
-0.981179   -0.455961
-0.975963   -0.743888
-0.937905   -0.521850
-0.918789   -0.871764
-0.871721   -0.529962
-0.863381   -1.237134
-0.853359   -1.056045
-0.822022   -0.711051
-0.555177   -0.640242
-0.107216   -0.114158
-2.834971   -0.412948
-1.378988   -0.108902
-1.817080   -0.634986
-2.248134   -0.450705
-2.567425   -0.421059
-2.163304   -0.005256
-2.538545   -0.602148
-2.739751   0.000000
-2.516843   -1.098741
-2.488324   -0.654127
-2.155590   -1.095070
-2.089424   -0.999806
-1.415624   -0.610604
-1.388220   -0.413876
-1.349036   -0.391059
-1.270890   -0.264925
-1.225511   -0.705868
-1.155499   -0.709539
-4.300107   -0.412948
-1.670349   -0.000929
-3.445862   -0.390130
-4.391720   -0.263997
-4.305938   -0.609676
-4.576985   -0.708610
-4.436389   -0.704940
-4.390216   0.000000
-2.898716   -0.619643
-2.889983   -1.339491
-2.889414   -0.462818
-2.764830   -0.588598
-1.645979   -0.322399
-1.645434   -1.017632
-1.548055   -0.423564
-1.473237   -0.196619
-1.415348   -0.240740
-1.384491   -0.266739
-4.499932   -0.266469
-4.079454   -0.423294
-4.763208   -0.240470
-4.597138   -0.196349
-4.795341   -1.017362
-2.220107   -0.000270
-4.265503   -0.322129
-4.826766   0.000000
-2.938179   -0.718600
-2.931429   -1.022447
-2.674315   -0.923121
-2.488274   -0.546574
-1.776468   -0.710102
-1.751628   -0.234229
-1.708178   -0.331913
-1.654503   -0.610776
-1.478415   -0.503939
-1.097746   -0.919570
-4.577256   -0.600992
-2.252594   -0.009784
-4.607174   -0.909786
-4.605734   -0.700318
-4.438708   -0.224445
-4.063952   -0.494155
-3.708493   -0.322129
-4.232946   0.000000
-2.895794   -0.722053
-2.841839   -1.224994
-2.670082   -0.961762
-2.658044   -0.442222
-1.688508   -1.090989
-1.552112   -0.757657
-1.515848   -0.494425
-1.486156   -0.214594
-1.331826   -0.228168
-1.299385   -0.467877
-4.533086   -0.467607
-4.251274   -0.757387
-4.461743   -0.227898
-4.753264   -0.214324
-4.863463   -1.090719
-4.231274   -0.494155
-2.038281   -0.000270
-4.505548   0.000000
-2.697921   -1.763517
-2.646796   -1.244473
-2.602603   -1.288734
-2.484662   -0.970600
-2.475436   -1.317830
-2.464009   -1.836874
-2.445990   -1.362092
-2.419377   -0.910401
-2.410760   -0.498483
-2.294693   -0.495817
-4.676620   -0.639029
-3.441936   -0.227111
-3.498097   -0.746155
-3.043296   -0.271372
-5.011511   -1.090719
-4.957822   -0.224445
-5.003817   -1.017362
-4.992350   0.000000
-1.358907   -0.749036
-1.257514   -0.786660
-1.214329   -0.971690
-1.196535   -0.694158
-1.155298   -0.485697
-1.087550   -0.467721
-1.031833   -0.320090
-0.994842   -0.916812
-0.949096   -0.245067
-0.587771   -0.263042
-4.170550   -0.645440
-2.939562   -0.515288
-1.795939   -0.048718
-1.600664   -0.271372
-4.724602   -0.214324
-4.929553   -0.700318
-4.456798   -0.196349
-4.836724   0.000000
-1.605306   -0.794873
-1.396542   -0.958504
-1.367011   -0.986625
-1.333288   -0.127114
-1.019602   -0.289188
-0.962929   -0.051398
-0.919345   -0.974053
-0.890228   -0.748835
-0.810160   -0.081077
-0.478738   -0.276616
-3.925136   -0.002680
-2.713734   -0.078396
-1.836119   -0.048718
-2.217278   -0.746155
-4.327930   -0.227898
-4.909416   -0.909786
-4.649773   -0.240470
-4.810731   0.000000
-1.317223   -0.653589
-1.183485   -0.984498
-1.072419   -0.650405
-1.064395   -0.938581
-1.057641   -1.272675
-0.961623   -0.835783
-0.873760   -0.501690
-0.705559   -0.236895
-0.557290   -0.525071
-0.152525   -0.088180
-3.288891   -0.575193
-1.700975   -0.078396
-2.122986   -0.515288
-2.195707   -0.227111
-2.959427   -0.757387
-2.694738   -0.009784
-2.989510   -0.423294
-2.963633   0.000000
-2.618437   -1.246432
-2.511138   -0.911909
-2.448483   -1.106636
-1.905728   -1.113047
-1.690557   -0.648120
-1.497720   -0.641709
-1.465769   -0.577873
-1.356684   -0.269149
-1.318061   -0.603672
-1.200491   -0.470287
-4.692804   -0.575193
-2.001333   -0.002680
-3.779147   -0.645440
-4.150822   -0.639029
-4.511321   -0.467607
-4.922700   -0.600992
-4.743698   -0.266469
-4.806890   0.000000
-1.430437   -1.073298
-1.405982   -1.231751
-1.316949   -1.067551
-1.299392   -0.855067
-1.266801   -0.824093
-1.264694   -0.909099
-1.262721   -0.498897
-1.257394   -0.690868
-1.244748   -0.659894
-1.243683   -0.198712
-2.200205   -0.481640
-2.222439   -0.673612
-2.239200   -1.050295
-2.284443   -0.891843
-2.242403   -0.642637
-1.977077   -0.181456
-1.709281   -0.017256
-2.273281   0.000000
-1.239860   -1.201674
-1.233062   -0.432175
-1.205416   -0.753853
-1.050643   -0.422104
-1.017320   -0.869925
-0.993338   -0.647923
-0.956417   -0.316174
-0.952922   -0.386454
-0.951960   -0.100425
-0.928102   -0.366262
-2.234140   -0.369197
-2.104946   -0.083169
-2.123945   -0.298918
-2.192783   -0.852668
-2.122906   -0.404847
-1.759069   -0.349006
-1.342678   -0.017256
-2.126224   0.000000
-1.311725   -1.031366
-1.208233   -0.863816
-1.198144   -0.556274
-1.182586   -0.530461
-1.177874   -0.898639
-1.170660   -0.903710
-1.169065   -0.723824
-1.135869   -0.731089
-1.132082   -0.999403
-1.120399   -0.831853
-2.121948   -0.682360
-2.057748   -0.722254
-1.995560   -0.650397
-2.098188   -0.374818
-2.097441   -0.549634
-1.643695   -0.349006
-1.599184   -0.181456
-1.991024   0.000000
-1.252222   -0.880725
-1.250476   -0.587140
-1.245431   -0.778506
-1.211019   -0.340134
-1.143529   -0.753900
-1.129531   -0.660896
-1.116607   -0.516110
-1.093468   -0.492561
-1.089809   -1.025511
-1.048551   -1.118515
-1.906231   -0.228872
-2.262881   -0.381299
-1.732018   -0.475877
-1.584936   -0.111262
-2.360421   -0.549634
-2.273803   -0.404847
-2.326786   -0.642637
-2.256789   0.000000
-1.068097   -0.486081
-0.977414   -0.531549
-0.875298   -0.796574
-0.739502   -1.105598
-0.502125   -0.420440
-0.441073   -0.685465
-0.412869   -0.111416
-0.403295   -0.852822
-0.352029   -0.891996
-0.333206   -0.374972
-1.524106   -0.685312
-1.925268   -0.420287
-0.594607   -0.000153
-1.522027   -0.111262
-2.144108   -0.374818
-2.168241   -0.852668
-2.092971   -0.891843
-2.015868   0.000000
-1.014822   -0.478894
-0.980949   -0.503945
-0.964440   -0.326986
-0.613431   -0.031084
-0.514304   -0.476031
-0.434619   -0.028221
-0.410107   -1.050448
-0.356230   -0.003170
-0.342765   -0.650551
-0.310049   -0.299071
-1.503107   -0.028068
-1.992342   -0.003017
-0.629628   -0.000153
-1.722623   -0.475877
-2.248197   -0.650397
-2.183302   -0.298918
-2.301034   -1.050295
-2.145612   0.000000
-0.791969   -1.142541
-0.774469   -1.093898
-0.622373   -0.896704
-0.520551   -0.503456
-0.397538   -0.423303
-0.371135   -0.479434
-0.366473   -0.384315
-0.336699   -0.676628
-0.314171   -0.725270
-0.191473   -0.086186
-1.406361   -0.476417
-0.451965   -0.003017
-1.094246   -0.420287
-1.806796   -0.381299
-1.960863   -0.722254
-1.858410   -0.083169
-2.063777   -0.673612
-1.948336   0.000000
-0.849404   -1.166952
-0.753682   -1.367672
-0.729969   -1.161729
-0.676109   -0.504485
-0.667393   -0.713380
-0.665835   -1.054509
-0.636980   -0.256940
-0.604361   -0.509708
-0.592827   -0.710428
-0.548404   -0.397265
-1.611463   -0.476417
-0.858564   -0.028068
-1.186864   -0.685312
-1.642528   -0.228872
-1.942328   -0.682360
-1.898035   -0.369197
-1.936084   -0.481640
-1.835164   0.000000
-1.430437   -1.073298
-1.405982   -1.231751
-1.316949   -1.067551
-1.299392   -0.855067
-1.266801   -0.824093
-1.264694   -0.909099
-1.262721   -0.498897
-1.257394   -0.690868
-1.244748   -0.659894
-1.243683   -0.198712
-2.200205   -0.481640
-2.222439   -0.673612
-2.239200   -1.050295
-2.284443   -0.891843
-2.242403   -0.642637
-1.977077   -0.181456
-1.709281   -0.017256
-2.273281   0.000000
-1.239860   -1.201674
-1.233062   -0.432175
-1.205416   -0.753853
-1.050643   -0.422104
-1.017320   -0.869925
-0.993338   -0.647923
-0.956417   -0.316174
-0.952922   -0.386454
-0.951960   -0.100425
-0.928102   -0.366262
-2.234140   -0.369197
-2.104946   -0.083169
-2.123945   -0.298918
-2.192783   -0.852668
-2.122906   -0.404847
-1.759069   -0.349006
-1.342678   -0.017256
-2.126224   0.000000
-1.311725   -1.031366
-1.208233   -0.863816
-1.198144   -0.556274
-1.182586   -0.530461
-1.177874   -0.898639
-1.170660   -0.903710
-1.169065   -0.723824
-1.135869   -0.731089
-1.132082   -0.999403
-1.120399   -0.831853
-2.121948   -0.682360
-2.057748   -0.722254
-1.995560   -0.650397
-2.098188   -0.374818
-2.097441   -0.549634
-1.643695   -0.349006
-1.599184   -0.181456
-1.991024   0.000000
-1.252222   -0.880725
-1.250476   -0.587140
-1.245431   -0.778506
-1.211019   -0.340134
-1.143529   -0.753900
-1.129531   -0.660896
-1.116607   -0.516110
-1.093468   -0.492561
-1.089809   -1.025511
-1.048551   -1.118515
-1.906231   -0.228872
-2.262881   -0.381299
-1.732018   -0.475877
-1.584936   -0.111262
-2.360421   -0.549634
-2.273803   -0.404847
-2.326786   -0.642637
-2.256789   0.000000
-1.068097   -0.486081
-0.977414   -0.531549
-0.875298   -0.796574
-0.739502   -1.105598
-0.502125   -0.420440
-0.441073   -0.685465
-0.412869   -0.111416
-0.403295   -0.852822
-0.352029   -0.891996
-0.333206   -0.374972
-1.524106   -0.685312
-1.925268   -0.420287
-0.594607   -0.000153
-1.522027   -0.111262
-2.144108   -0.374818
-2.168241   -0.852668
-2.092971   -0.891843
-2.015868   0.000000
-1.014822   -0.478894
-0.980949   -0.503945
-0.964440   -0.326986
-0.613431   -0.031084
-0.514304   -0.476031
-0.434619   -0.028221
-0.410107   -1.050448
-0.356230   -0.003170
-0.342765   -0.650551
-0.310049   -0.299071
-1.503107   -0.028068
-1.992342   -0.003017
-0.629628   -0.000153
-1.722623   -0.475877
-2.248197   -0.650397
-2.183302   -0.298918
-2.301034   -1.050295
-2.145612   0.000000
-0.791969   -1.142541
-0.774469   -1.093898
-0.622373   -0.896704
-0.520551   -0.503456
-0.397538   -0.423303
-0.371135   -0.479434
-0.366473   -0.384315
-0.336699   -0.676628
-0.314171   -0.725270
-0.191473   -0.086186
-1.406361   -0.476417
-0.451965   -0.003017
-1.094246   -0.420287
-1.806796   -0.381299
-1.960863   -0.722254
-1.858410   -0.083169
-2.063777   -0.673612
-1.948336   0.000000
-0.849404   -1.166952
-0.753682   -1.367672
-0.729969   -1.161729
-0.676109   -0.504485
-0.667393   -0.713380
-0.665835   -1.054509
-0.636980   -0.256940
-0.604361   -0.509708
-0.592827   -0.710428
-0.548404   -0.397265
-1.611463   -0.476417
-0.858564   -0.028068
-1.186864   -0.685312
-1.642528   -0.228872
-1.942328   -0.682360
-1.898035   -0.369197
-1.936084   -0.481640
-1.835164   0.000000
-1.430437   -1.073298
-1.405982   -1.231751
-1.316949   -1.067551
-1.299392   -0.855067
-1.266801   -0.824093
-1.264694   -0.909099
-1.262721   -0.498897
-1.257394   -0.690868
-1.244748   -0.659894
-1.243683   -0.198712
-2.200205   -0.481640
-2.222439   -0.673612
-2.239200   -1.050295
-2.284443   -0.891843
-2.242403   -0.642637
-1.977077   -0.181456
-1.709281   -0.017256
-2.273281   0.000000
-1.239860   -1.201674
-1.233062   -0.432175
-1.205416   -0.753853
-1.050643   -0.422104
-1.017320   -0.869925
-0.993338   -0.647923
-0.956417   -0.316174
-0.952922   -0.386454
-0.951960   -0.100425
-0.928102   -0.366262
-2.234140   -0.369197
-2.104946   -0.083169
-2.123945   -0.298918
-2.192783   -0.852668
-2.122906   -0.404847
-1.759069   -0.349006
-1.342678   -0.017256
-2.126224   0.000000
-1.311725   -1.031366
-1.208233   -0.863816
-1.198144   -0.556274
-1.182586   -0.530461
-1.177874   -0.898639
-1.170660   -0.903710
-1.169065   -0.723824
-1.135869   -0.731089
-1.132082   -0.999403
-1.120399   -0.831853
-2.121948   -0.682360
-2.057748   -0.722254
-1.995560   -0.650397
-2.098188   -0.374818
-2.097441   -0.549634
-1.643695   -0.349006
-1.599184   -0.181456
-1.991024   0.000000
-1.252222   -0.880725
-1.250476   -0.587140
-1.245431   -0.778506
-1.211019   -0.340134
-1.143529   -0.753900
-1.129531   -0.660896
-1.116607   -0.516110
-1.093468   -0.492561
-1.089809   -1.025511
-1.048551   -1.118515
-1.906231   -0.228872
-2.262881   -0.381299
-1.732018   -0.475877
-1.584936   -0.111262
-2.360421   -0.549634
-2.273803   -0.404847
-2.326786   -0.642637
-2.256789   0.000000
-1.068097   -0.486081
-0.977414   -0.531549
-0.875298   -0.796574
-0.739502   -1.105598
-0.502125   -0.420440
-0.441073   -0.685465
-0.412869   -0.111416
-0.403295   -0.852822
-0.352029   -0.891996
-0.333206   -0.374972
-1.524106   -0.685312
-1.925268   -0.420287
-0.594607   -0.000153
-1.522027   -0.111262
-2.144108   -0.374818
-2.168241   -0.852668
-2.092971   -0.891843
-2.015868   0.000000
-1.014822   -0.478894
-0.980949   -0.503945
-0.964440   -0.326986
-0.613431   -0.031084
-0.514304   -0.476031
-0.434619   -0.028221
-0.410107   -1.050448
-0.356230   -0.003170
-0.342765   -0.650551
-0.310049   -0.299071
-1.503107   -0.028068
-1.992342   -0.003017
-0.629628   -0.000153
-1.722623   -0.475877
-2.248197   -0.650397
-2.183302   -0.298918
-2.301034   -1.050295
-2.145612   0.000000
-0.791969   -1.142541
-0.774469   -1.093898
-0.622373   -0.896704
-0.520551   -0.503456
-0.397538   -0.423303
-0.371135   -0.479434
-0.366473   -0.384315
-0.336699   -0.676628
-0.314171   -0.725270
-0.191473   -0.086186
-1.406361   -0.476417
-0.451965   -0.003017
-1.094246   -0.420287
-1.806796   -0.381299
-1.960863   -0.722254
-1.858410   -0.083169
-2.063777   -0.673612
-1.948336   0.000000
-0.849404   -1.166952
-0.753682   -1.367672
-0.729969   -1.161729
-0.676109   -0.504485
-0.667393   -0.713380
-0.665835   -1.054509
-0.636980   -0.256940
-0.604361   -0.509708
-0.592827   -0.710428
-0.548404   -0.397265
-1.611463   -0.476417
-0.858564   -0.028068
-1.186864   -0.685312
-1.642528   -0.228872
-1.942328   -0.682360
-1.898035   -0.369197
-1.936084   -0.481640
-1.835164   0.000000
-1.430437   -1.073298
-1.405982   -1.231751
-1.316949   -1.067551
-1.299392   -0.855067
-1.266801   -0.824093
-1.264694   -0.909099
-1.262721   -0.498897
-1.257394   -0.690868
-1.244748   -0.659894
-1.243683   -0.198712
-2.200205   -0.481640
-2.222439   -0.673612
-2.239200   -1.050295
-2.284443   -0.891843
-2.242403   -0.642637
-1.977077   -0.181456
-1.709281   -0.017256
-2.273281   0.000000
-1.239860   -1.201674
-1.233062   -0.432175
-1.205416   -0.753853
-1.050643   -0.422104
-1.017320   -0.869925
-0.993338   -0.647923
-0.956417   -0.316174
-0.952922   -0.386454
-0.951960   -0.100425
-0.928102   -0.366262
-2.234140   -0.369197
-2.104946   -0.083169
-2.123945   -0.298918
-2.192783   -0.852668
-2.122906   -0.404847
-1.759069   -0.349006
-1.342678   -0.017256
-2.126224   0.000000
-1.311725   -1.031366
-1.208233   -0.863816
-1.198144   -0.556274
-1.182586   -0.530461
-1.177874   -0.898639
-1.170660   -0.903710
-1.169065   -0.723824
-1.135869   -0.731089
-1.132082   -0.999403
-1.120399   -0.831853
-2.121948   -0.682360
-2.057748   -0.722254
-1.995560   -0.650397
-2.098188   -0.374818
-2.097441   -0.549634
-1.643695   -0.349006
-1.599184   -0.181456
-1.991024   0.000000
-1.252222   -0.880725
-1.250476   -0.587140
-1.245431   -0.778506
-1.211019   -0.340134
-1.143529   -0.753900
-1.129531   -0.660896
-1.116607   -0.516110
-1.093468   -0.492561
-1.089809   -1.025511
-1.048551   -1.118515
-1.906231   -0.228872
-2.262881   -0.381299
-1.732018   -0.475877
-1.584936   -0.111262
-2.360421   -0.549634
-2.273803   -0.404847
-2.326786   -0.642637
-2.256789   0.000000
-1.068097   -0.486081
-0.977414   -0.531549
-0.875298   -0.796574
-0.739502   -1.105598
-0.502125   -0.420440
-0.441073   -0.685465
-0.412869   -0.111416
-0.403295   -0.852822
-0.352029   -0.891996
-0.333206   -0.374972
-1.524106   -0.685312
-1.925268   -0.420287
-0.594607   -0.000153
-1.522027   -0.111262
-2.144108   -0.374818
-2.168241   -0.852668
-2.092971   -0.891843
-2.015868   0.000000
-1.014822   -0.478894
-0.980949   -0.503945
-0.964440   -0.326986
-0.613431   -0.031084
-0.514304   -0.476031
-0.434619   -0.028221
-0.410107   -1.050448
-0.356230   -0.003170
-0.342765   -0.650551
-0.310049   -0.299071
-1.503107   -0.028068
-1.992342   -0.003017
-0.629628   -0.000153
-1.722623   -0.475877
-2.248197   -0.650397
-2.183302   -0.298918
-2.301034   -1.050295
-2.145612   0.000000
-0.791969   -1.142541
-0.774469   -1.093898
-0.622373   -0.896704
-0.520551   -0.503456
-0.397538   -0.423303
-0.371135   -0.479434
-0.366473   -0.384315
-0.336699   -0.676628
-0.314171   -0.725270
-0.191473   -0.086186
-1.406361   -0.476417
-0.451965   -0.003017
-1.094246   -0.420287
-1.806796   -0.381299
-1.960863   -0.722254
-1.858410   -0.083169
-2.063777   -0.673612
-1.948336   0.000000
-0.849404   -1.166952
-0.753682   -1.367672
-0.729969   -1.161729
-0.676109   -0.504485
-0.667393   -0.713380
-0.665835   -1.054509
-0.636980   -0.256940
-0.604361   -0.509708
-0.592827   -0.710428
-0.548404   -0.397265
-1.611463   -0.476417
-0.858564   -0.028068
-1.186864   -0.685312
-1.642528   -0.228872
-1.942328   -0.682360
-1.898035   -0.369197
-1.936084   -0.481640
-1.835164   0.000000
-1.559088   -1.006604
-1.549178   -0.674400
-1.515098   -0.987450
-1.489238   -1.382596
-1.483639   -1.122786
-1.448804   -1.252327
-1.438867   -0.376408
-1.406411   -0.752400
-1.373238   -0.790582
-1.235561   -1.084603
-2.269415   -0.898021
-2.202626   -0.652298
-2.265693   -0.965348
-2.128226   -0.768480
-2.215111   -0.730297
-1.942538   -0.354306
-1.780968   -0.022102
-2.121138   0.000000
-1.169601   -1.203940
-1.159554   -0.932805
-1.150811   -0.924584
-1.105324   -0.652986
-0.908317   -0.380295
-0.901461   -0.651430
-0.875076   -0.562984
-0.840921   -0.596714
-0.808791   -0.372075
-0.754999   -0.100477
-1.934241   -0.540881
-1.873445   -0.078374
-1.852466   -0.349973
-1.905234   -0.629328
-1.939369   -0.358193
-1.631380   -0.574612
-1.115583   -0.022102
-1.854858   0.000000
-1.340869   -1.093956
-1.223968   -1.518969
-1.210963   -1.298663
-1.204124   -1.544297
-1.184973   -1.394720
-1.183618   -1.174414
-1.152390   -1.037906
-1.151341   -1.323991
-1.134466   -0.873650
-1.038821   -0.928918
-2.156636   -0.683600
-2.080502   -0.820108
-2.077648   -0.519344
-2.089796   -0.944357
-2.063808   -0.969685
-1.659194   -0.574612
-1.584324   -0.354306
-1.956894   0.000000
-1.210323   -1.404484
-1.175046   -1.082508
-1.120413   -1.454612
-1.008847   -1.694000
-1.004393   -0.773607
-1.003210   -0.752786
-0.968795   -0.386664
-0.968174   -0.708641
-0.891408   -0.758769
-0.776041   -0.998157
-1.786745   -0.745136
-2.391636   -0.680170
-1.397462   -0.724315
-1.251355   -0.028471
-2.403848   -0.969685
-2.264602   -0.358193
-2.375006   -0.730297
-2.360105   0.000000
-0.882722   -0.796951
-0.817810   -0.183620
-0.671080   -0.762150
-0.656845   -0.635472
-0.524663   -0.629731
-0.519650   -0.155551
-0.508410   -0.607404
-0.463850   -0.768883
-0.445432   -0.028874
-0.429956   -0.944759
-1.405430   -0.607001
-2.179872   -0.155148
-0.670118   -0.000402
-1.244641   -0.028471
-2.202343   -0.944357
-2.102864   -0.629328
-2.251032   -0.768480
-2.172379   0.000000
-0.840666   -0.376054
-0.742911   -0.725866
-0.665258   -0.750396
-0.576075   -0.724717
-0.508632   -0.965751
-0.501418   -0.350375
-0.471451   -0.519746
-0.440420   -0.027633
-0.394157   -0.026484
-0.292753   -0.001954
-1.293497   -0.026081
-2.215961   -0.001551
-0.703587   -0.000402
-1.454480   -0.724315
-2.264220   -0.519344
-2.123617   -0.349973
-2.353650   -0.965348
-2.303468   0.000000
-0.853037   -0.975257
-0.727066   -1.130521
-0.693073   -1.207295
-0.667733   -0.233523
-0.390477   -0.681721
-0.388380   -1.053698
-0.363509   -0.156700
-0.303501   -0.821659
-0.273266   -0.653849
-0.155239   -0.079926
-1.442487   -1.052147
-0.460967   -0.001551
-1.375429   -0.155148
-1.852894   -0.680170
-2.018916   -0.820108
-1.785652   -0.078374
-1.933527   -0.652298
-2.045151   0.000000
-0.833863   -1.505023
-0.797748   -1.290601
-0.745584   -1.797283
-0.557183   -1.078228
-0.537617   -0.771217
-0.515706   -1.659148
-0.457125   -0.633083
-0.428163   -0.924103
-0.410916   -0.709681
-0.395275   -0.566963
-1.760709   -1.052147
-0.611057   -0.026081
-1.146774   -0.607001
-1.607582   -0.745136
-2.067380   -0.683600
-2.065851   -0.540881
-2.143575   -0.898021
-2.046627   0.000000
