-3.645601   -3.730614
-3.591743   -4.193532
-3.573772   -3.070587
-3.489671   -3.741020
-3.451106   -3.200866
-3.390475   -3.083875
-3.365007   -3.546792
-3.333878   -3.094281
-3.321622   -2.423847
-3.304016   -1.188368
-5.517728   -2.813061
-5.477898   -2.153033
-5.494406   -2.823466
-5.573545   -2.930052
-5.491637   -3.275978
-4.622004   -0.917554
-4.190029   -0.270814
-4.533054   0.000000
-3.732932   -6.555340
-3.650488   -6.663747
-3.563109   -6.143131
-3.480310   -4.067454
-3.223074   -3.344025
-3.083947   -3.736834
-3.048724   -3.752944
-2.959319   -3.340734
-2.869645   -3.861351
-2.860685   -1.265058
-5.226669   -3.466019
-5.015713   -0.994244
-5.321280   -3.482130
-5.282519   -3.069920
-5.214860   -3.590536
-4.701974   -3.073210
-3.774999   -0.270814
-4.355117   0.000000
-3.726041   -5.165067
-3.695907   -3.990764
-3.630213   -6.747705
-3.622642   -6.067744
-3.598474   -5.384748
-3.583440   -3.009410
-3.549596   -3.649523
-3.500874   -3.912088
-3.363069   -4.592048
-3.318702   -3.229091
-5.312051   -3.674494
-5.316492   -2.731969
-5.376665   -2.091856
-5.371545   -2.994534
-5.196246   -2.311537
-4.689195   -3.073210
-4.430189   -0.917554
-4.402827   0.000000
-3.662894   -5.790869
-3.482618   -3.956117
-3.451617   -6.699839
-3.400743   -3.245794
-3.390241   -5.735398
-3.373611   -7.014397
-3.247756   -3.609587
-3.146797   -2.843793
-3.017426   -3.808234
-2.950618   -4.122792
-5.024479   -2.713538
-5.453145   -3.077331
-4.418829   -3.423861
-4.004439   -0.532256
-5.493117   -2.311537
-5.397692   -3.590536
-5.521883   -3.275978
-4.696687   0.000000
-3.010782   -3.602176
-2.763615   -2.980769
-2.502433   -4.721003
-2.385350   -2.804746
-1.948714   -2.461778
-1.880362   -2.285754
-1.755730   -3.083185
-1.748119   -2.943317
-1.595974   -0.545520
-1.528748   -3.007798
-4.140765   -2.272490
-5.010311   -2.448514
-2.245389   -0.013264
-4.032084   -0.532256
-5.506846   -2.994534
-5.481872   -3.069920
-5.601598   -2.930052
-4.635194   0.000000
-3.197511   -3.592516
-2.800755   -3.571780
-2.474800   -3.534247
-1.919263   -0.258305
-1.892843   -3.437125
-1.835315   -3.495395
-1.826441   -2.836731
-1.552399   -0.161184
-1.552157   -2.105121
-1.405377   -0.123650
-3.934707   -0.110386
-5.021119   -0.147919
-2.297415   -0.013264
-4.458438   -3.423861
-5.732513   -2.091856
-5.684018   -3.482130
-5.861023   -2.823466
-4.903718   0.000000
-2.628800   -4.601547
-2.561569   -6.740661
-2.509945   -5.180482
-2.433335   -3.442757
-1.982374   -2.596433
-1.977931   -4.440066
-1.891740   -3.225250
-1.803726   -2.879888
-1.579516   -2.300952
-1.023862   -1.142163
-4.214285   -4.292147
-2.244359   -0.147919
-3.670095   -2.448514
-4.722666   -3.077331
-4.932390   -2.731969
-4.571146   -0.994244
-4.814243   -2.153033
-4.332640   0.000000
-2.887989   -4.986028
-2.735852   -5.085550
-2.631341   -6.564637
-2.622575   -5.946984
-2.298151   -4.402533
-2.296236   -2.382876
-2.166261   -3.784880
-2.127943   -2.823924
-2.079639   -2.923447
-2.070734   -3.576405
-4.695275   -4.292147
-2.611243   -0.110386
-3.619605   -2.272490
-4.627421   -2.713538
-5.104242   -3.674494
-5.072693   -3.466019
-5.058041   -2.813061
-4.259257   0.000000
-4.002146   -4.702263
-4.001096   -3.390852
-3.974426   -4.180273
-3.805180   -3.399067
-3.759500   -1.539636
-3.751641   -4.438682
-3.572456   -3.558097
-3.571950   -3.294516
-3.563063   -3.036107
-3.444542   -2.246686
-5.646800   -2.048951
-5.640684   -3.201332
-5.726867   -3.360362
-5.709982   -3.096781
-5.705383   -2.838371
-4.972661   -1.341901
-4.474739   -0.197735
-4.772845   0.000000
-3.674255   -5.769858
-3.663153   -5.336882
-3.651459   -6.652761
-3.425651   -3.376422
-2.976987   -2.630685
-2.975572   -4.417546
-2.973292   -3.534643
-2.861540   -3.101667
-2.849474   -1.141208
-2.845516   -4.461817
-5.323221   -4.264081
-5.059057   -0.943473
-5.279733   -4.219811
-5.230157   -2.903932
-5.280629   -3.336908
-4.696478   -2.432950
-3.721217   -0.197735
-4.300478   0.000000
-3.899584   -5.687693
-3.848566   -5.551307
-3.820403   -3.774851
-3.792865   -5.557893
-3.715747   -5.590053
-3.571358   -4.466844
-3.551641   -4.460258
-3.538360   -4.596644
-3.493727   -4.499005
-3.422215   -3.893394
-5.487832   -3.124943
-5.480814   -3.254743
-5.432570   -3.118357
-5.457370   -2.551493
-5.430490   -3.157104
-4.876744   -2.432950
-4.545610   -1.341901
-4.592102   0.000000
-3.509238   -4.482272
-3.297913   -5.191225
-3.267691   -5.689761
-3.245219   -2.723065
-3.189751   -5.509957
-3.038469   -3.242391
-2.939201   -2.499631
-2.896985   -3.707120
-2.872877   -3.527315
-2.761427   -3.208583
-4.848078   -2.129419
-5.227840   -2.872180
-4.273200   -2.352853
-3.689442   -0.370212
-5.317793   -3.157104
-5.412463   -3.336908
-5.370270   -2.838371
-4.412030   0.000000
-2.912025   -3.466993
-2.755484   -5.651972
-2.710980   -3.272966
-2.265411   -3.119429
-1.798064   -2.772906
-1.792840   -2.926444
-1.652538   -3.120470
-1.600435   -2.927621
-1.465430   -2.575182
-1.420673   -0.393900
-4.008881   -2.749217
-4.971211   -2.902755
-2.123063   -0.023689
-3.881888   -0.370212
-5.511038   -2.551493
-5.584753   -2.903932
-5.567463   -3.096781
-4.767453   0.000000
-3.068290   -3.264333
-3.024022   -2.402547
-2.395473   -2.498829
-2.211983   -0.195670
-1.705415   -2.376542
-1.654777   -3.384050
-1.577083   -4.243500
-1.442324   -3.142046
-1.387802   -0.169665
-1.256981   -0.073383
-3.730211   -0.145976
-5.033784   -0.049694
-2.085688   -0.023689
-4.441175   -2.352853
-5.677453   -3.118357
-5.756552   -4.219811
-5.782580   -3.360362
-4.999884   0.000000
-2.808341   -6.157498
-2.773737   -6.104087
-2.708984   -5.765472
-2.257778   -3.846228
-1.879398   -2.952449
-1.848284   -2.912412
-1.764067   -2.921874
-1.626496   -3.304437
-1.508417   -3.251026
-1.023944   -0.993167
-4.020711   -2.862718
-2.127851   -0.049694
-3.738080   -2.902755
-4.675737   -2.872180
-5.059346   -3.254743
-4.692377   -0.943473
-5.018086   -3.201332
-4.437393   0.000000
-2.484630   -7.013298
-2.448335   -5.874160
-2.347404   -4.798168
-2.264416   -5.611935
-2.146385   -3.008694
-2.076657   -2.895193
-1.995227   -4.410057
-1.951384   -3.270919
-1.915374   -2.194927
-1.896204   -2.275395
-4.395253   -2.862718
-2.482526   -0.145976
-3.352760   -2.749217
-4.505676   -2.129419
-5.047145   -3.124943
-5.059151   -4.264081
-5.029474   -2.048951
-4.372630   0.000000
-3.868093   -2.612810
-3.863014   -3.075668
-3.819079   -3.583540
-3.681905   -2.461332
-3.673111   -3.563913
-3.568447   -2.658452
-3.479777   -3.629182
-3.396186   -2.506974
-3.319680   -3.121309
-3.104605   -0.349454
-5.661123   -3.366365
-5.588186   -2.460904
-5.708795   -2.309426
-5.730829   -3.431634
-5.713929   -2.923762
-4.933956   -0.151906
-4.410644   -0.197548
-4.863378   0.000000
-4.137367   -4.505452
-4.001951   -4.006227
-3.961900   -4.979403
-3.905833   -5.396378
-3.544368   -2.187185
-3.484155   -3.132034
-3.406840   -2.713362
-3.378695   -3.187313
-3.315609   -3.604289
-3.211779   -2.214138
-5.452316   -2.934486
-5.400106   -2.515814
-5.551446   -2.989765
-5.563995   -3.406741
-5.452512   -2.016590
-5.147951   -1.989637
-4.262633   -0.197548
-4.583069   0.000000
-3.744185   -4.476198
-3.736310   -4.835712
-3.531260   -4.230310
-3.409020   -3.619761
-2.908086   -2.141544
-2.866341   -2.997981
-2.816463   -3.356595
-2.769833   -2.392579
-2.764407   -3.548463
-2.604833   -1.782029
-5.010799   -3.204688
-4.899907   -2.240672
-4.862291   -1.630123
-5.055280   -2.846075
-5.095321   -3.396556
-4.731842   -1.989637
-3.557800   -0.151906
-4.274572   0.000000
-3.997756   -7.021781
-3.839412   -4.208194
-3.835098   -3.494286
-3.817403   -3.177034
-3.781907   -4.927906
-3.774120   -5.835078
-3.732998   -6.307872
-3.443798   -3.506731
-3.423502   -3.979526
-3.232236   -2.599559
-5.377025   -2.594064
-4.815136   -3.625225
-4.771222   -2.911316
-4.386121   -0.582969
-5.471490   -3.396556
-5.456371   -2.016590
-5.442124   -2.923762
-4.507000   0.000000
-3.125671   -4.624372
-3.103446   -6.906369
-2.988649   -3.528770
-2.906658   -6.931262
-2.844173   -6.345704
-2.754214   -4.082598
-2.733482   -4.531484
-2.595016   -4.556377
-2.527002   -1.707713
-2.491172   -3.970818
-5.273236   -2.404027
-3.538573   -3.499629
-3.287558   -1.124744
-4.506593   -0.582969
-5.541055   -2.846075
-5.717444   -3.406741
-5.637236   -3.431634
-4.692265   0.000000
-2.378708   -4.114509
-2.165791   -3.434169
-1.885117   -2.754867
-1.226398   -2.916911
-1.198196   -1.130339
-1.196111   -1.139995
-1.114337   -2.995361
-1.073433   -2.315021
-0.949827   -1.635718
-0.310901   -0.020847
-4.225293   -0.015252
-1.391642   -0.005595
-2.953414   -1.124744
-4.556549   -2.911316
-4.961723   -1.630123
-5.349867   -2.989765
-5.178786   -2.309426
-4.432578   0.000000
-1.296814   -6.015443
-1.207961   -5.960533
-1.186056   -5.740301
-0.930976   -6.427578
-0.217866   -2.933544
-0.213470   -3.505224
-0.208076   -3.630820
-0.159701   -2.246267
-0.154982   -2.466499
-0.128414   -2.521409
-3.649629   -2.927949
-0.237151   -0.005595
-1.745804   -3.499629
-3.133182   -3.625225
-3.834954   -2.240672
-4.023434   -2.515814
-3.887580   -2.460904
-3.729964   0.000000
-1.825157   -5.331976
-1.779030   -5.862435
-1.711629   -6.294314
-1.637810   -6.132638
-0.699429   -2.943201
-0.656675   -3.219940
-0.640635   -2.419278
-0.624926   -3.381617
-0.615675   -2.609316
-0.591086   -2.949737
-2.124268   -2.927949
-0.764906   -0.015252
-3.415314   -2.404027
-4.024805   -2.594064
-3.986057   -3.204688
-4.283559   -2.934486
-4.231307   -3.366365
-3.956020   0.000000
-3.848912   -3.796065
-3.808322   -4.204932
-3.773957   -3.860296
-3.666894   -3.960414
-3.411484   -3.769419
-3.371367   -3.838676
-3.218302   -4.178286
-3.108160   -3.933768
-3.058256   -3.833650
-2.867773   -0.214306
-5.724262   -3.744846
-5.597286   -3.675589
-5.731108   -4.084456
-5.792284   -3.739820
-5.725279   -3.839938
-4.696151   -0.120476
-3.978369   -0.093830
-4.732649   0.000000
-4.253037   -4.533219
-4.181199   -5.513200
-4.119020   -6.000372
-4.044271   -5.176103
-3.393977   -3.338667
-3.346996   -2.571964
-3.324500   -2.148915
-3.192279   -3.551944
-3.186557   -4.039116
-2.966703   -3.214847
-5.487411   -3.244837
-5.378206   -2.478134
-5.537203   -3.458114
-5.584257   -3.945287
-5.559484   -3.121017
-5.152312   -2.055085
-4.048321   -0.093830
-4.600575   0.000000
-3.719980   -4.856790
-3.496309   -5.555234
-3.481947   -4.806003
-3.447424   -4.309470
-2.741952   -2.175562
-2.645084   -2.922181
-2.586372   -3.958210
-2.574227   -2.871394
-2.554910   -3.620625
-2.474715   -2.374861
-5.081873   -3.837734
-4.967962   -2.801705
-4.960928   -2.254385
-5.191503   -2.750918
-5.099430   -3.500149
-4.602575   -2.055085
-3.250089   -0.120476
-4.296218   0.000000
-3.933523   -5.935193
-3.922198   -7.911114
-3.762140   -4.594025
-3.736916   -5.197135
-3.689375   -7.288866
-3.680745   -6.569946
-3.579790   -6.949077
-3.380074   -4.645246
-3.314774   -4.985035
-3.200071   -4.266114
-5.186808   -4.052038
-4.661798   -4.790096
-4.613008   -3.448928
-4.266357   -1.145097
-5.504738   -3.500149
-5.413556   -3.121017
-5.529393   -3.839938
-4.444227   0.000000
-2.945686   -6.668125
-2.902509   -5.348129
-2.884970   -9.524752
-2.745705   -9.319286
-2.736691   -6.724562
-2.718817   -8.330383
-2.498754   -5.033946
-2.418586   -2.233757
-2.358505   -4.828480
-2.279545   -3.839578
-5.031743   -4.259469
-3.301874   -5.579465
-3.018924   -1.088660
-4.357892   -1.145097
-5.549451   -2.750918
-5.477435   -3.945287
-5.523219   -3.739820
-4.642450   0.000000
-2.079188   -5.173116
-1.982741   -4.546774
-1.704080   -3.343045
-1.244439   -1.105940
-1.046185   -3.455366
-0.996319   -4.090893
-0.986393   -1.095097
-0.964428   -2.260822
-0.935513   -3.464552
-0.294356   -0.023717
-3.762398   -0.017280
-1.163680   -0.006437
-2.668430   -1.088660
-4.252276   -3.448928
-4.873735   -2.254385
-4.954876   -3.458114
-5.010910   -4.084456
-4.217829   0.000000
-0.925263   -9.255054
-0.862902   -8.057599
-0.842285   -8.381170
-0.796714   -9.144410
-0.141318   -3.571381
-0.132708   -5.585903
-0.128599   -4.796533
-0.107789   -2.808142
-0.097122   -3.682026
-0.082590   -2.484571
-2.910960   -3.564944
-0.146220   -0.006437
-1.352171   -5.579465
-2.573382   -4.790096
-3.400139   -2.801705
-3.289446   -2.478134
-3.420510   -3.675589
-3.151124   0.000000
-1.217154   -7.824413
-1.160416   -7.309790
-1.148338   -7.402678
-1.111566   -6.809782
-0.448375   -3.582224
-0.410300   -4.276749
-0.385104   -3.855014
-0.381183   -3.762126
-0.377429   -4.069318
-0.372668   -3.262117
-1.379212   -3.564944
-0.462157   -0.017280
-2.252400   -4.259469
-2.941431   -4.052038
-3.116838   -3.837734
-3.201716   -3.244837
-3.201195   -3.744846
-2.875848   0.000000
-3.716109   -6.490636
-3.625423   -4.743731
-3.619330   -6.400127
-3.524560   -5.766866
-2.595404   -2.648372
-2.534527   -2.991804
-2.526326   -3.578592
-2.520433   -2.555457
-2.509396   -2.268034
-2.441014   -2.901295
-5.092660   -2.515577
-5.172488   -2.608492
-4.916309   -3.538712
-5.488124   -2.861415
-5.575170   -2.951924
-3.174956   -0.039880
-5.111092   -2.228154
-4.579233   0.000000
-3.695905   -7.241913
-3.637976   -5.879577
-3.613302   -4.950161
-3.560677   -6.410959
-3.085121   -3.738500
-2.922210   -3.897504
-2.868575   -4.428885
-2.771574   -3.305188
-2.692027   -2.474234
-2.013634   -2.968087
-5.310221   -3.651423
-3.702464   -0.246080
-5.325529   -2.722007
-5.268877   -4.182805
-5.352802   -3.492420
-4.936024   -3.059108
-4.800666   -2.228154
-4.278414   0.000000
-3.690157   -5.589753
-3.405342   -3.663577
-3.322384   -3.312118
-3.010536   -3.546171
-2.452336   -3.098988
-2.408146   -2.981582
-2.346582   -2.747529
-2.305740   -2.583809
-2.275675   -2.687931
-2.015938   -0.644350
-5.009455   -2.648051
-5.286419   -2.543929
-4.537168   -0.604469
-5.511675   -2.941702
-5.508450   -2.707648
-5.255323   -3.059108
-3.034516   -0.039880
-4.482892   0.000000
-4.174434   -6.184489
-3.876194   -3.820388
-3.823658   -6.222933
-3.807415   -6.763428
-3.723894   -5.978657
-3.685776   -4.254609
-3.591903   -3.501303
-3.540108   -3.241449
-3.523668   -3.257027
-3.331622   -4.041799
-5.651943   -2.692070
-5.240487   -3.705230
-4.964638   -3.271009
-4.392390   -0.549379
-5.683194   -2.707648
-5.712915   -3.492420
-5.781313   -2.951924
-4.752554   0.000000
-2.801316   -2.410538
-2.755197   -3.332195
-2.754621   -4.588581
-2.675077   -3.410794
-2.617777   -3.491081
-2.580767   -4.732184
-2.363629   -3.267191
-2.298942   -2.554141
-2.237765   -0.955155
-1.871542   -3.347478
-4.471390   -2.004762
-4.607527   -2.782816
-3.461618   -0.405776
-3.410385   -0.549379
-5.121113   -2.941702
-5.117048   -4.182805
-5.175659   -2.861415
-4.147649   0.000000
-2.594588   -3.127783
-2.393203   -0.781684
-2.392781   -6.809721
-2.323097   -0.582991
-2.121976   -3.456268
-2.066431   -3.875478
-1.878040   -0.591035
-1.703629   -3.944488
-1.647499   -0.362474
-1.092897   -1.010245
-3.748709   -0.185259
-3.916459   -0.177215
-3.301054   -0.405776
-4.093218   -3.271009
-4.188987   -0.604469
-5.143017   -2.722007
-4.703322   -3.538712
-4.450819   0.000000
-1.761922   -5.391308
-1.753105   -2.960031
-1.737944   -3.882445
-1.719194   -3.437649
-1.696058   -5.326745
-1.655833   -3.951311
-1.416406   -3.028896
-1.406458   -2.721144
-1.221882   -2.785707
-0.329325   -0.423295
-3.416946   -3.260434
-2.003146   -0.177215
-2.913191   -2.782816
-3.082833   -3.705230
-3.306638   -2.543929
-2.975071   -0.246080
-3.359539   -2.608492
-2.941059   0.000000
-3.297097   -5.656185
-3.260276   -5.207647
-2.957161   -4.520339
-2.887913   -4.652813
-2.772636   -3.445693
-2.610081   -2.190021
-2.602931   -2.833310
-2.602828   -2.877328
-2.598526   -2.700836
-2.333774   -3.836682
-4.923733   -3.260434
-3.256514   -0.185259
-4.520004   -2.004762
-4.908841   -2.692070
-4.776081   -2.648051
-5.285122   -3.651423
-4.917688   -2.515577
-4.565294   0.000000
-3.838420   -4.809826
-3.837578   -5.971645
-3.795805   -6.732674
-3.581265   -5.074230
-2.748972   -3.175861
-2.696846   -3.936890
-2.664849   -2.911458
-2.660537   -3.065037
-2.499979   -2.014042
-2.455605   -2.862542
-5.363724   -3.007201
-4.901823   -2.853621
-5.178537   -3.118024
-5.491047   -3.879053
-5.452275   -2.804705
-3.216410   -0.057837
-4.845940   -1.956205
-4.402798   0.000000
-3.786679   -5.347743
-3.729611   -5.265138
-3.692949   -4.825419
-3.660397   -4.685216
-2.703567   -2.816672
-2.685189   -3.549162
-2.572728   -2.706393
-2.555035   -2.043866
-2.505753   -2.956875
-2.054136   -3.396594
-5.425076   -2.729011
-3.455443   -0.087661
-5.437530   -3.308933
-5.495566   -2.869214
-5.424835   -3.461501
-5.040408   -2.618732
-4.886400   -1.956205
-4.450843   0.000000
-3.718406   -5.179305
-3.706395   -5.889803
-3.359829   -3.757984
-3.100711   -5.320992
-2.643403   -2.752756
-2.559986   -2.676569
-2.541392   -4.239576
-2.532769   -3.387066
-2.440300   -2.618410
-2.313098   -1.197089
-5.038171   -2.560573
-5.037197   -2.694919
-4.772009   -1.139252
-5.420744   -4.181740
-5.511430   -3.329230
-4.986881   -2.618732
-3.198204   -0.057837
-4.451881   0.000000
-4.081862   -5.875083
-3.948702   -6.599176
-3.907341   -5.942380
-3.849539   -6.466905
-3.729426   -3.876654
-3.617722   -3.646047
-3.595784   -4.068209
-3.530407   -3.706995
-3.404048   -4.200481
-3.280044   -3.543685
-5.427834   -2.968016
-5.384658   -2.907067
-4.942591   -3.137675
-4.244665   -0.738979
-5.692534   -3.329230
-5.703458   -3.461501
-5.635365   -2.804705
-4.899544   0.000000
-2.981562   -2.980200
-2.925472   -3.439964
-2.898870   -4.920719
-2.869029   -4.618032
-2.795925   -3.608193
-2.740963   -3.148429
-2.610930   -3.625767
-2.595476   -4.158268
-2.321463   -1.018195
-1.949245   -4.460955
-4.688237   -2.886788
-4.779281   -2.700984
-3.559616   -0.279216
-3.609655   -0.738979
-5.350512   -4.181740
-5.247728   -2.869214
-5.249963   -3.879053
-4.212357   0.000000
-2.724857   -3.265702
-2.697068   -3.588149
-2.586265   -0.611741
-2.540093   -1.286930
-2.370887   -3.285353
-2.353109   -4.276927
-2.093601   -3.397240
-2.056312   -0.426893
-2.030884   -0.480203
-1.264533   -1.418468
-3.681511   -0.147678
-4.473754   -0.332526
-3.478819   -0.279216
-4.296134   -3.137675
-4.343606   -1.139252
-5.262865   -3.308933
-4.852289   -3.118024
-4.473581   0.000000
-1.963714   -5.395904
-1.929487   -2.215359
-1.927119   -5.554605
-1.826696   -2.941282
-1.677446   -3.027445
-1.674347   -2.782580
-1.534533   -3.186147
-1.392729   -2.994728
-1.302474   -2.788645
-0.354122   -0.420187
-3.524141   -2.127699
-2.495548   -0.332526
-3.127018   -2.700984
-3.241676   -2.907067
-3.142497   -2.694919
-2.522384   -0.087661
-3.150384   -2.853621
-2.841547   0.000000
-3.540787   -5.615799
-3.510248   -5.528589
-3.444417   -5.893989
-3.127931   -5.447361
-2.938098   -2.275376
-2.786988   -3.034466
-2.750329   -3.115693
-2.648056   -3.154879
-2.645867   -2.876689
-2.516607   -2.708251
-5.137207   -2.127699
-3.401917   -0.147678
-4.666918   -2.886788
-4.959369   -2.968016
-4.977315   -2.560573
-5.256668   -2.729011
-5.234518   -3.007201
-4.445130   0.000000
-0.200684   -1.243538
-0.197719   -1.397844
-0.196730   -1.023529
-0.192100   -1.247007
-0.189977   -1.066955
-0.186640   -1.027958
-0.185238   -1.182264
-0.183524   -1.031427
-0.182849   -0.807949
-0.181880   -0.396123
-0.303741   -0.937687
-0.301548   -0.717678
-0.302457   -0.941155
-0.306814   -0.976684
-0.302305   -1.091993
-0.254433   -0.305851
-0.230654   -0.090271
-0.249536   0.000000
-0.205491   -2.185113
-0.200953   -2.221249
-0.196143   -2.047710
-0.191585   -1.355818
-0.177424   -1.114675
-0.169766   -1.245611
-0.167827   -1.250981
-0.162905   -1.113578
-0.157969   -1.287117
-0.157476   -0.421686
-0.287719   -1.155340
-0.276106   -0.331415
-0.292927   -1.160710
-0.290793   -1.023307
-0.287069   -1.196845
-0.258835   -1.024403
-0.207807   -0.090271
-0.239741   0.000000
-0.205112   -1.721689
-0.203453   -1.330255
-0.199837   -2.249235
-0.199420   -2.022581
-0.198089   -1.794916
-0.197262   -1.003137
-0.195399   -1.216508
-0.192717   -1.304029
-0.185131   -1.530683
-0.182689   -1.076364
-0.292419   -1.224831
-0.292663   -0.910656
-0.295976   -0.697285
-0.295694   -0.998178
-0.286044   -0.770512
-0.258132   -1.024403
-0.243874   -0.305851
-0.242368   0.000000
-0.201636   -1.930290
-0.191712   -1.318706
-0.190005   -2.233280
-0.187205   -1.081931
-0.186627   -1.911799
-0.185711   -2.338132
-0.178783   -1.203196
-0.173225   -0.947931
-0.166104   -1.269411
-0.162426   -1.374264
-0.276588   -0.904513
-0.300186   -1.025777
-0.243249   -1.141287
-0.220437   -0.177419
-0.302386   -0.770512
-0.297133   -1.196845
-0.303970   -1.091993
-0.258544   0.000000
-0.165738   -1.200725
-0.152132   -0.993590
-0.137754   -1.573668
-0.131309   -0.934915
-0.107273   -0.820593
-0.103511   -0.761918
-0.096650   -1.027728
-0.096231   -0.981106
-0.087855   -0.181840
-0.084155   -1.002599
-0.227942   -0.757497
-0.275809   -0.816171
-0.123605   -0.004421
-0.221959   -0.177419
-0.303142   -0.998178
-0.301767   -1.023307
-0.308358   -0.976684
-0.255159   0.000000
-0.176017   -1.197505
-0.154176   -1.190593
-0.136233   -1.178082
-0.105652   -0.086102
-0.104198   -1.145708
-0.101031   -1.165132
-0.100542   -0.945577
-0.085457   -0.053728
-0.085443   -0.701707
-0.077363   -0.041217
-0.216599   -0.036795
-0.276404   -0.049306
-0.126469   -0.004421
-0.245429   -1.141287
-0.315564   -0.697285
-0.312895   -1.160710
-0.322639   -0.941155
-0.269941   0.000000
-0.144711   -1.533849
-0.141010   -2.246887
-0.138168   -1.726827
-0.133951   -1.147586
-0.109126   -0.865478
-0.108882   -1.480022
-0.104137   -1.075083
-0.099292   -0.959963
-0.086949   -0.766984
-0.056362   -0.380721
-0.231989   -1.430716
-0.123548   -0.049306
-0.202032   -0.816171
-0.259974   -1.025777
-0.271519   -0.910656
-0.251633   -0.331415
-0.265015   -0.717678
-0.238504   0.000000
-0.158979   -1.662009
-0.150604   -1.695183
-0.144851   -2.188212
-0.144368   -1.982328
-0.126509   -1.467511
-0.126404   -0.794292
-0.119249   -1.261627
-0.117139   -0.941308
-0.114480   -0.974482
-0.113990   -1.192135
-0.258466   -1.430716
-0.143744   -0.036795
-0.199253   -0.757497
-0.254731   -0.904513
-0.280979   -1.224831
-0.279243   -1.155340
-0.278436   -0.937687
-0.234464   0.000000
-0.219646   -1.567421
-0.219589   -1.130284
-0.218125   -1.393424
-0.208836   -1.133022
-0.206329   -0.513212
-0.205898   -1.479561
-0.196064   -1.186032
-0.196036   -1.098172
-0.195548   -1.012036
-0.189044   -0.748895
-0.309908   -0.682984
-0.309573   -1.067111
-0.314303   -1.120121
-0.313376   -1.032260
-0.313124   -0.946124
-0.272910   -0.447300
-0.245583   -0.065912
-0.261944   0.000000
-0.201651   -1.923286
-0.201042   -1.778961
-0.200400   -2.217587
-0.188007   -1.125474
-0.163383   -0.876895
-0.163306   -1.472515
-0.163181   -1.178214
-0.157047   -1.033889
-0.156385   -0.380403
-0.156168   -1.487272
-0.292150   -1.421360
-0.277652   -0.314491
-0.289763   -1.406604
-0.287042   -0.967977
-0.289812   -1.112303
-0.257753   -0.810983
-0.204228   -0.065912
-0.236019   0.000000
-0.214017   -1.895898
-0.211218   -1.850436
-0.209672   -1.258284
-0.208161   -1.852631
-0.203928   -1.863351
-0.196004   -1.488948
-0.194922   -1.486753
-0.194193   -1.532215
-0.191743   -1.499668
-0.187818   -1.297798
-0.301184   -1.041648
-0.300799   -1.084914
-0.298151   -1.039452
-0.299512   -0.850498
-0.298037   -1.052368
-0.267646   -0.810983
-0.249473   -0.447300
-0.252024   0.000000
-0.192594   -1.494091
-0.180997   -1.730408
-0.179338   -1.896587
-0.178105   -0.907688
-0.175060   -1.836652
-0.166758   -1.080797
-0.161310   -0.833210
-0.158993   -1.235707
-0.157670   -1.175772
-0.151553   -1.069528
-0.266073   -0.709806
-0.286915   -0.957393
-0.234522   -0.784284
-0.202484   -0.123404
-0.291852   -1.052368
-0.297047   -1.112303
-0.294732   -0.946124
-0.242142   0.000000
-0.159818   -1.155664
-0.151227   -1.883991
-0.148784   -1.090989
-0.124331   -1.039810
-0.098682   -0.924302
-0.098395   -0.975481
-0.090695   -1.040157
-0.087835   -0.975874
-0.080426   -0.858394
-0.077970   -0.131300
-0.220016   -0.916406
-0.272831   -0.967585
-0.116518   -0.007896
-0.213046   -0.123404
-0.302458   -0.850498
-0.306503   -0.967977
-0.305554   -1.032260
-0.261648   0.000000
-0.168394   -1.088111
-0.165965   -0.800849
-0.131469   -0.832943
-0.121398   -0.065223
-0.093597   -0.792181
-0.090818   -1.128017
-0.086554   -1.414500
-0.079158   -1.047349
-0.076166   -0.056555
-0.068986   -0.024461
-0.204722   -0.048659
-0.276265   -0.016565
-0.114467   -0.007896
-0.243741   -0.784284
-0.311591   -1.039452
-0.315932   -1.406604
-0.317360   -1.120121
-0.274404   0.000000
-0.154128   -2.052499
-0.152229   -2.034696
-0.148675   -1.921824
-0.123912   -1.282076
-0.103145   -0.984150
-0.101438   -0.970804
-0.096816   -0.973958
-0.089266   -1.101479
-0.082785   -1.083675
-0.056196   -0.331056
-0.220665   -0.954239
-0.116781   -0.016565
-0.205154   -0.967585
-0.256614   -0.957393
-0.277668   -1.084914
-0.257528   -0.314491
-0.275403   -1.067111
-0.243534   0.000000
-0.136362   -2.337766
-0.134370   -1.958053
-0.128831   -1.599389
-0.124276   -1.870645
-0.117798   -1.002898
-0.113971   -0.965064
-0.109502   -1.470019
-0.107096   -1.090306
-0.105120   -0.731642
-0.104068   -0.758465
-0.241221   -0.954239
-0.136246   -0.048659
-0.184007   -0.916406
-0.247281   -0.709806
-0.276998   -1.041648
-0.277657   -1.421360
-0.276028   -0.682984
-0.239979   0.000000
-0.211653   -0.870937
-0.211375   -1.025223
-0.208971   -1.194513
-0.201465   -0.820444
-0.200984   -1.187971
-0.195257   -0.886151
-0.190405   -1.209727
-0.185831   -0.835658
-0.181645   -1.040436
-0.169876   -0.116485
-0.309763   -1.122122
-0.305772   -0.820301
-0.312371   -0.769809
-0.313577   -1.143878
-0.312652   -0.974587
-0.269974   -0.050635
-0.241340   -0.065849
-0.266112   0.000000
-0.226387   -1.501817
-0.218977   -1.335409
-0.216786   -1.659801
-0.213718   -1.798793
-0.193939   -0.729062
-0.190645   -1.044011
-0.186414   -0.904454
-0.184874   -1.062438
-0.181422   -1.201430
-0.175741   -0.738046
-0.298337   -0.978162
-0.295481   -0.838605
-0.303762   -0.996588
-0.304448   -1.135580
-0.298348   -0.672197
-0.281683   -0.663212
-0.233241   -0.065849
-0.250774   0.000000
-0.204873   -1.492066
-0.204442   -1.611904
-0.193222   -1.410103
-0.186533   -1.206587
-0.159123   -0.713848
-0.156839   -0.999327
-0.154110   -1.118865
-0.151559   -0.797526
-0.151262   -1.182821
-0.142530   -0.594010
-0.274179   -1.068229
-0.268111   -0.746891
-0.266053   -0.543374
-0.276613   -0.948692
-0.278804   -1.132185
-0.258915   -0.663212
-0.194674   -0.050635
-0.233894   0.000000
-0.218747   -2.340594
-0.210083   -1.402731
-0.209847   -1.164762
-0.208879   -1.059011
-0.206937   -1.642635
-0.206511   -1.945026
-0.204261   -2.102624
-0.188436   -1.168910
-0.187326   -1.326509
-0.176860   -0.866520
-0.294218   -0.864688
-0.263472   -1.208408
-0.261070   -0.970439
-0.239998   -0.194323
-0.299387   -1.132185
-0.298559   -0.672197
-0.297780   -0.974587
-0.246612   0.000000
-0.171029   -1.541457
-0.169813   -2.302123
-0.163532   -1.176257
-0.159045   -2.310421
-0.155626   -2.115235
-0.150704   -1.360866
-0.149570   -1.510495
-0.141993   -1.518792
-0.138271   -0.569238
-0.136311   -1.323606
-0.288539   -0.801342
-0.193622   -1.166543
-0.179887   -0.374915
-0.246590   -0.194323
-0.303193   -0.948692
-0.312845   -1.135580
-0.308456   -1.143878
-0.256749   0.000000
-0.130157   -1.371503
-0.118507   -1.144723
-0.103149   -0.918289
-0.067106   -0.972304
-0.065562   -0.376780
-0.065448   -0.379998
-0.060974   -0.998454
-0.058736   -0.771674
-0.051972   -0.545239
-0.017012   -0.006949
-0.231198   -0.005084
-0.076147   -0.001865
-0.161604   -0.374915
-0.249323   -0.970439
-0.271493   -0.543374
-0.292732   -0.996588
-0.283371   -0.769809
-0.242540   0.000000
-0.070959   -2.005148
-0.066097   -1.986844
-0.064898   -1.913434
-0.050941   -2.142526
-0.011921   -0.977848
-0.011681   -1.168408
-0.011385   -1.210273
-0.008738   -0.748756
-0.008480   -0.822166
-0.007026   -0.840470
-0.199699   -0.975983
-0.012976   -0.001865
-0.095526   -1.166543
-0.171440   -1.208408
-0.209839   -0.746891
-0.220153   -0.838605
-0.212719   -0.820301
-0.204095   0.000000
-0.099868   -1.777325
-0.097344   -1.954145
-0.093656   -2.098105
-0.089617   -2.044213
-0.038271   -0.981067
-0.035932   -1.073313
-0.035054   -0.806426
-0.034194   -1.127206
-0.033688   -0.869772
-0.032343   -0.983246
-0.116235   -0.975983
-0.041854   -0.005084
-0.186878   -0.801342
-0.220228   -0.864688
-0.218107   -1.068229
-0.234386   -0.978162
-0.231527   -1.122122
-0.216464   0.000000
-0.210603   -1.265355
-0.208382   -1.401644
-0.206502   -1.286765
-0.200643   -1.320138
-0.186668   -1.256473
-0.184473   -1.279559
-0.176098   -1.392762
-0.170071   -1.311256
-0.167340   -1.277883
-0.156918   -0.071435
-0.313218   -1.248282
-0.306270   -1.225196
-0.313592   -1.361485
-0.316940   -1.246607
-0.313273   -1.279979
-0.256962   -0.040159
-0.217687   -0.031277
-0.258959   0.000000
-0.232716   -1.511073
-0.228785   -1.837733
-0.225383   -2.000124
-0.221293   -1.725368
-0.185710   -1.112889
-0.183139   -0.857321
-0.181909   -0.716305
-0.174674   -1.183981
-0.174361   -1.346372
-0.162331   -1.071616
-0.300258   -1.081612
-0.294282   -0.826045
-0.302982   -1.152705
-0.305557   -1.315096
-0.304201   -1.040339
-0.281922   -0.685028
-0.221514   -0.031277
-0.251732   0.000000
-0.203548   -1.618930
-0.191310   -1.851745
-0.190524   -1.602001
-0.188635   -1.436490
-0.150033   -0.725187
-0.144733   -0.974060
-0.141520   -1.319403
-0.140855   -0.957131
-0.139798   -1.206875
-0.135410   -0.791620
-0.278068   -1.279245
-0.271835   -0.933902
-0.271450   -0.751462
-0.284066   -0.916973
-0.279028   -1.166716
-0.251842   -0.685028
-0.177837   -0.040159
-0.235079   0.000000
-0.215233   -1.978398
-0.214613   -2.637038
-0.205855   -1.531342
-0.204475   -1.732378
-0.201874   -2.429622
-0.201401   -2.189982
-0.195877   -2.316359
-0.184949   -1.548415
-0.181376   -1.661678
-0.175100   -1.422038
-0.283810   -1.350679
-0.255082   -1.596699
-0.252413   -1.149643
-0.233445   -0.381699
-0.301206   -1.166716
-0.296217   -1.040339
-0.302555   -1.279979
-0.243177   0.000000
-0.161181   -2.222708
-0.158818   -1.782710
-0.157859   -3.174917
-0.150238   -3.106429
-0.149745   -2.241521
-0.148767   -2.776794
-0.136726   -1.677982
-0.132339   -0.744586
-0.129052   -1.609493
-0.124731   -1.279859
-0.275325   -1.419823
-0.180670   -1.859822
-0.165188   -0.362887
-0.238453   -0.381699
-0.303652   -0.916973
-0.299712   -1.315096
-0.302217   -1.246607
-0.254024   0.000000
-0.113768   -1.724372
-0.108491   -1.515591
-0.093243   -1.114348
-0.068093   -0.368647
-0.057245   -1.151789
-0.054516   -1.363631
-0.053973   -0.365032
-0.052771   -0.753607
-0.051189   -1.154851
-0.016106   -0.007906
-0.205869   -0.005760
-0.063674   -0.002146
-0.146010   -0.362887
-0.232674   -1.149643
-0.266679   -0.751462
-0.271119   -1.152705
-0.274185   -1.361485
-0.230789   0.000000
-0.050628   -3.085018
-0.047216   -2.685866
-0.046088   -2.793723
-0.043594   -3.048137
-0.007733   -1.190460
-0.007261   -1.861968
-0.007037   -1.598844
-0.005898   -0.936047
-0.005314   -1.227342
-0.004519   -0.828190
-0.159281   -1.188315
-0.008001   -0.002146
-0.073987   -1.859822
-0.140809   -1.596699
-0.186047   -0.933902
-0.179990   -0.826045
-0.187162   -1.225196
-0.172422   0.000000
-0.066600   -2.608138
-0.063495   -2.436597
-0.062834   -2.467559
-0.060822   -2.269927
-0.024534   -1.194075
-0.022451   -1.425583
-0.021072   -1.285005
-0.020857   -1.254042
-0.020652   -1.356439
-0.020392   -1.087372
-0.075467   -1.188315
-0.025288   -0.005760
-0.123246   -1.419823
-0.160948   -1.350679
-0.170546   -1.279245
-0.175190   -1.081612
-0.175162   -1.248282
-0.157359   0.000000
-0.202730   -2.163545
-0.197783   -1.581244
-0.197451   -2.133376
-0.192281   -1.922289
-0.141591   -0.882791
-0.138270   -0.997268
-0.137822   -1.192864
-0.137501   -0.851819
-0.136899   -0.756011
-0.133168   -0.967098
-0.277827   -0.838526
-0.282182   -0.869497
-0.268207   -1.179571
-0.299402   -0.953805
-0.304150   -0.983975
-0.173208   -0.013293
-0.278833   -0.742718
-0.249818   0.000000
-0.201628   -2.413971
-0.198468   -1.959859
-0.197122   -1.650054
-0.194251   -2.136986
-0.168307   -1.246167
-0.159420   -1.299168
-0.156494   -1.476295
-0.151202   -1.101729
-0.146862   -0.824745
-0.109853   -0.989362
-0.289696   -1.217141
-0.201986   -0.082027
-0.290531   -0.907336
-0.287441   -1.394268
-0.292019   -1.164140
-0.269282   -1.019703
-0.261898   -0.742718
-0.233407   0.000000
-0.201315   -1.863251
-0.185777   -1.221192
-0.181251   -1.104039
-0.164238   -1.182057
-0.133786   -1.032996
-0.131375   -0.993861
-0.128017   -0.915843
-0.125788   -0.861270
-0.124148   -0.895977
-0.109978   -0.214783
-0.273288   -0.882684
-0.288398   -0.847976
-0.247523   -0.201490
-0.300687   -0.980567
-0.300511   -0.902549
-0.286701   -1.019703
-0.165546   -0.013293
-0.244562   0.000000
-0.227734   -2.061496
-0.211464   -1.273463
-0.208598   -2.074311
-0.207712   -2.254476
-0.203155   -1.992886
-0.201076   -1.418203
-0.195954   -1.167101
-0.193129   -1.080483
-0.192232   -1.085676
-0.181755   -1.347266
-0.308339   -0.897357
-0.285892   -1.235077
-0.270843   -1.090336
-0.239625   -0.183126
-0.310044   -0.902549
-0.311665   -1.164140
-0.315396   -0.983975
-0.259273   0.000000
-0.152824   -0.803513
-0.150308   -1.110732
-0.150277   -1.529527
-0.145937   -1.136931
-0.142811   -1.163694
-0.140792   -1.577395
-0.128947   -1.089064
-0.125418   -0.851380
-0.122080   -0.318385
-0.102101   -1.115826
-0.243934   -0.668254
-0.251361   -0.927605
-0.188847   -0.135259
-0.186052   -0.183126
-0.279380   -0.980567
-0.279158   -1.394268
-0.282355   -0.953805
-0.226273   0.000000
-0.141546   -1.042594
-0.130560   -0.260561
-0.130537   -2.269907
-0.126735   -0.194330
-0.115763   -1.152089
-0.112733   -1.291826
-0.102455   -0.197012
-0.092941   -1.314829
-0.089878   -0.120825
-0.059622   -0.336748
-0.204509   -0.061753
-0.213660   -0.059072
-0.180087   -0.135259
-0.223303   -1.090336
-0.228528   -0.201490
-0.280575   -0.907336
-0.256587   -1.179571
-0.242812   0.000000
-0.096121   -1.797103
-0.095640   -0.986677
-0.094813   -1.294148
-0.093790   -1.145883
-0.092528   -1.775582
-0.090333   -1.317104
-0.077271   -1.009632
-0.076729   -0.907048
-0.066659   -0.928569
-0.017966   -0.141098
-0.186410   -1.086811
-0.109281   -0.059072
-0.158928   -0.927605
-0.168182   -1.235077
-0.180392   -0.847976
-0.162303   -0.082027
-0.183278   -0.869497
-0.160448   0.000000
-0.179871   -1.885395
-0.177863   -1.735882
-0.161326   -1.506780
-0.157549   -1.550938
-0.151260   -1.148564
-0.142392   -0.730007
-0.142002   -0.944437
-0.141996   -0.959109
-0.141761   -0.900279
-0.127318   -1.278894
-0.268612   -1.086811
-0.177657   -0.061753
-0.246586   -0.668254
-0.267799   -0.897357
-0.260557   -0.882684
-0.288327   -1.217141
-0.268282   -0.838526
-0.249057   0.000000
-0.209715   -1.603275
-0.209669   -1.990548
-0.207387   -2.244225
-0.195665   -1.691410
-0.150192   -1.058620
-0.147344   -1.312297
-0.145596   -0.970486
-0.145361   -1.021679
-0.136588   -0.671347
-0.134164   -0.954181
-0.293052   -1.002400
-0.267815   -0.951207
-0.282934   -1.039341
-0.300008   -1.293018
-0.297890   -0.934902
-0.175731   -0.019279
-0.264762   -0.652068
-0.240551   0.000000
-0.206888   -1.782581
-0.203770   -1.755046
-0.201767   -1.608473
-0.199989   -1.561739
-0.147712   -0.938891
-0.146708   -1.183054
-0.140563   -0.902131
-0.139596   -0.681289
-0.136904   -0.985625
-0.112229   -1.132198
-0.296404   -0.909670
-0.188791   -0.029220
-0.297084   -1.102978
-0.300255   -0.956405
-0.296390   -1.153834
-0.275387   -0.872911
-0.266973   -0.652068
-0.243176   0.000000
-0.203158   -1.726435
-0.202502   -1.963268
-0.183567   -1.252661
-0.169410   -1.773664
-0.144425   -0.917585
-0.139867   -0.892190
-0.138851   -1.413192
-0.138380   -1.129022
-0.133328   -0.872803
-0.126378   -0.399030
-0.275265   -0.853524
-0.275211   -0.898306
-0.260723   -0.379751
-0.296167   -1.393913
-0.301122   -1.109743
-0.272462   -0.872911
-0.174737   -0.019279
-0.243232   0.000000
-0.223016   -1.958361
-0.215741   -2.199725
-0.213481   -1.980793
-0.210323   -2.155635
-0.203760   -1.292218
-0.197657   -1.215349
-0.196459   -1.356070
-0.192887   -1.235665
-0.185983   -1.400160
-0.179208   -1.181228
-0.296554   -0.989339
-0.294195   -0.969022
-0.270043   -1.045892
-0.231911   -0.246326
-0.311016   -1.109743
-0.311613   -1.153834
-0.307893   -0.934902
-0.267691   0.000000
-0.162900   -0.993400
-0.159836   -1.146655
-0.158382   -1.640240
-0.156752   -1.539344
-0.152758   -1.202731
-0.149755   -1.049476
-0.142650   -1.208589
-0.141806   -1.386089
-0.126835   -0.339398
-0.106499   -1.486985
-0.256146   -0.962263
-0.261120   -0.900328
-0.194483   -0.093072
-0.197217   -0.246326
-0.292330   -1.393913
-0.286714   -0.956405
-0.286836   -1.293018
-0.230146   0.000000
-0.148875   -1.088567
-0.147357   -1.196050
-0.141303   -0.203914
-0.138780   -0.428977
-0.129535   -1.095118
-0.128564   -1.425642
-0.114386   -1.132413
-0.112348   -0.142298
-0.110959   -0.160068
-0.069089   -0.472823
-0.201142   -0.049226
-0.244427   -0.110842
-0.190068   -0.093072
-0.234723   -1.045892
-0.237317   -0.379751
-0.287541   -1.102978
-0.265109   -1.039341
-0.244418   0.000000
-0.107289   -1.798635
-0.105419   -0.738453
-0.105290   -1.851535
-0.099803   -0.980427
-0.091649   -1.009148
-0.091479   -0.927527
-0.083840   -1.062049
-0.076093   -0.998243
-0.071162   -0.929548
-0.019348   -0.140062
-0.192544   -0.709233
-0.136346   -0.110842
-0.170847   -0.900328
-0.177112   -0.969022
-0.171693   -0.898306
-0.137813   -0.029220
-0.172124   -0.951207
-0.155250   0.000000
-0.193454   -1.871933
-0.191785   -1.842863
-0.188189   -1.964663
-0.170897   -1.815787
-0.160525   -0.758459
-0.152269   -1.011489
-0.150267   -1.038564
-0.144679   -1.051626
-0.144559   -0.958896
-0.137497   -0.902750
-0.280676   -0.709233
-0.185867   -0.049226
-0.254981   -0.962263
-0.270959   -0.989339
-0.271940   -0.853524
-0.287202   -0.909670
-0.285992   -1.002400
-0.242863   0.000000
-11.419999   -1.243538
-11.251287   -1.397844
-11.194991   -1.023529
-10.931542   -1.247007
-10.810734   -1.066955
-10.620806   -1.027958
-10.541027   -1.182264
-10.443512   -1.031427
-10.405122   -0.807949
-10.349969   -0.396123
-17.284516   -0.937687
-17.159748   -0.717678
-17.211458   -0.941155
-17.459366   -0.976684
-17.202785   -1.091993
-14.478623   -0.305851
-13.125442   -0.090271
-14.199983   0.000000
-11.693567   -2.185113
-11.435306   -2.221249
-11.161590   -2.047710
-10.902217   -1.355818
-10.096416   -1.114675
-9.660595   -1.245611
-9.550257   -1.250981
-9.270193   -1.113578
-8.989284   -1.287117
-8.961218   -0.421686
-16.372762   -1.155340
-15.711933   -0.331415
-16.669134   -1.160710
-16.547712   -1.023307
-16.335769   -1.196845
-14.729131   -1.024403
-11.825343   -0.090271
-13.642588   0.000000
-11.671982   -1.721689
-11.577583   -1.330255
-11.371794   -2.249235
-11.348078   -2.022581
-11.272372   -1.794916
-11.225276   -1.003137
-11.119259   -1.216508
-10.966635   -1.304029
-10.534955   -1.530683
-10.395972   -1.076364
-16.640223   -1.224831
-16.654136   -0.910656
-16.842629   -0.697285
-16.826591   -0.998178
-16.277458   -0.770512
-14.689102   -1.024403
-13.877752   -0.305851
-13.792042   0.000000
-11.474171   -1.930290
-10.909449   -1.318706
-10.812337   -2.233280
-10.652970   -1.081931
-10.620074   -1.911799
-10.567979   -2.338132
-10.173731   -1.203196
-9.857475   -0.947931
-9.452214   -1.269411
-9.242935   -1.374264
-15.739391   -0.904513
-17.082206   -1.025777
-13.842167   -1.141287
-12.544073   -0.177419
-17.207420   -0.770512
-16.908496   -1.196845
-17.297532   -1.091993
-14.712571   0.000000
-9.431403   -1.200725
-8.657140   -0.993590
-7.838976   -1.573668
-7.472209   -0.934915
-6.104429   -0.820593
-5.890315   -0.761918
-5.499897   -1.027728
-5.476055   -0.981106
-4.999455   -0.181840
-4.788868   -1.002599
-12.971119   -0.757497
-15.695010   -0.816171
-7.033774   -0.004421
-12.630673   -0.177419
-17.250426   -0.998178
-17.172197   -1.023307
-17.547242   -0.976684
-14.519940   0.000000
-10.016338   -1.197505
-8.773483   -1.190593
-7.752415   -1.178082
-6.012173   -0.086102
-5.929409   -1.145708
-5.749203   -1.165132
-5.721403   -0.945577
-4.862955   -0.053728
-4.862198   -0.701707
-4.402403   -0.041217
-12.325636   -0.036795
-15.728868   -0.049306
-7.196751   -0.004421
-13.966245   -1.141287
-17.957338   -0.697285
-17.805425   -1.160710
-18.359900   -0.941155
-15.361105   0.000000
-8.234828   -1.533849
-8.024222   -2.246887
-7.862509   -1.726827
-7.622523   -1.147586
-6.209870   -0.865478
-6.195952   -1.480022
-5.925957   -1.075083
-5.650247   -0.959963
-4.947900   -0.766984
-3.207289   -0.380721
-13.201424   -1.430716
-7.030548   -0.049306
-11.496727   -0.816171
-14.793952   -1.025777
-15.450918   -0.910656
-14.319306   -0.331415
-15.080820   -0.717678
-13.572179   0.000000
-9.046747   -1.662009
-8.570173   -1.695183
-8.242788   -2.188212
-8.215326   -1.982328
-7.199056   -1.467511
-7.193055   -0.794292
-6.785903   -1.261627
-6.665871   -0.941308
-6.514557   -0.974482
-6.486662   -1.192135
-14.708148   -1.430716
-8.179828   -0.036795
-11.338565   -0.757497
-14.495592   -0.904513
-15.989255   -1.224831
-15.890424   -1.155340
-15.844526   -0.937687
-13.342304   0.000000
-12.561735   -1.567421
-12.558441   -1.130284
-12.474731   -1.393424
-11.943509   -1.133022
-11.800131   -0.513212
-11.775464   -1.479561
-11.213046   -1.186032
-11.211456   -1.098172
-11.183563   -1.012036
-10.811557   -0.748895
-17.723892   -0.682984
-17.704698   -1.067111
-17.975202   -1.120121
-17.922206   -1.032260
-17.907771   -0.946124
-15.607939   -0.447300
-14.045087   -0.065912
-14.980766   0.000000
-11.532568   -1.923286
-11.497720   -1.778961
-11.461016   -2.217587
-10.752262   -1.125474
-9.344016   -0.876895
-9.339577   -1.472515
-9.332420   -1.178214
-8.981658   -1.033889
-8.943785   -0.380403
-8.931363   -1.487272
-16.708259   -1.421360
-15.879116   -0.314491
-16.571763   -1.406604
-16.416156   -0.967977
-16.574575   -1.112303
-14.741071   -0.810983
-11.679970   -0.065912
-13.498125   0.000000
-12.239819   -1.895898
-12.079687   -1.850436
-11.991291   -1.258284
-11.904855   -1.852631
-11.662799   -1.863351
-11.209598   -1.488948
-11.147713   -1.486753
-11.106026   -1.532215
-10.965936   -1.499668
-10.741477   -1.297798
-17.224933   -1.041648
-17.202903   -1.084914
-17.051480   -1.039452
-17.129319   -0.850498
-17.044952   -1.052368
-15.306879   -0.810983
-14.267534   -0.447300
-14.413459   0.000000
-11.014621   -1.494091
-10.351326   -1.730408
-10.256464   -1.896587
-10.185931   -0.907688
-10.011831   -1.836652
-9.536993   -1.080797
-9.225418   -0.833210
-9.092912   -1.235707
-9.017244   -1.175772
-8.667429   -1.069528
-15.216906   -0.709806
-16.408882   -0.957393
-13.412506   -0.784284
-11.580236   -0.123404
-16.691224   -1.052368
-16.988367   -1.112303
-16.855934   -0.946124
-13.848260   0.000000
-9.140119   -1.155664
-8.648774   -1.883991
-8.509087   -1.090989
-7.110560   -1.039810
-5.643674   -0.924302
-5.627277   -0.975481
-5.186903   -1.040157
-5.023367   -0.975874
-4.599617   -0.858394
-4.459136   -0.131300
-12.582875   -0.916406
-15.603390   -0.967585
-6.663763   -0.007896
-12.184277   -0.123404
-17.297771   -0.850498
-17.529143   -0.967977
-17.474875   -1.032260
-14.963844   0.000000
-9.630595   -1.088111
-9.491649   -0.800849
-7.518790   -0.832943
-6.942862   -0.065223
-5.352872   -0.792181
-5.193931   -1.128017
-4.950070   -1.414500
-4.527096   -1.047349
-4.355964   -0.056555
-3.945350   -0.024461
-11.708199   -0.048659
-15.799789   -0.016565
-6.546453   -0.007896
-13.939738   -0.784284
-17.820105   -1.039452
-18.068377   -1.406604
-18.150073   -1.120121
-15.693384   0.000000
-8.814680   -2.052499
-8.706066   -2.034696
-8.502824   -1.921824
-7.086599   -1.282076
-5.898962   -0.984150
-5.801301   -0.970804
-5.536965   -0.973958
-5.105166   -1.101479
-4.734543   -1.083675
-3.213905   -0.331056
-12.620006   -0.954239
-6.678792   -0.016565
-11.732900   -0.967585
-14.675971   -0.957393
-15.880023   -1.084914
-14.728197   -0.314491
-15.750519   -1.067111
-13.927867   0.000000
-7.798632   -2.337766
-7.684712   -1.958053
-7.367915   -1.599389
-7.107436   -1.870645
-6.736965   -1.002898
-6.518108   -0.965064
-6.262520   -1.470019
-6.124906   -1.090306
-6.011881   -0.731642
-5.951710   -0.758465
-13.795599   -0.954239
-7.792029   -0.048659
-10.523474   -0.916406
-14.142192   -0.709806
-15.841728   -1.041648
-15.879410   -1.421360
-15.786261   -0.682984
-13.724592   0.000000
-12.164904   -0.870937
-12.148932   -1.025223
-12.010759   -1.194513
-11.579356   -0.820444
-11.551700   -1.187971
-11.222537   -0.886151
-10.943677   -1.209727
-10.680786   -0.835658
-10.440182   -1.040436
-9.763786   -0.116485
-17.803870   -1.122122
-17.574488   -0.820301
-17.953795   -0.769809
-18.023091   -1.143878
-17.969941   -0.974587
-15.516976   -0.050635
-13.871194   -0.065849
-15.295012   0.000000
-13.011755   -1.501817
-12.585881   -1.335409
-12.459923   -1.659801
-12.283595   -1.798793
-11.146809   -0.729062
-10.957446   -1.044011
-10.714295   -0.904454
-10.625779   -1.062438
-10.427378   -1.201430
-10.100841   -0.738046
-17.147185   -0.978162
-16.982989   -0.838605
-17.458941   -0.996588
-17.498408   -1.135580
-17.147803   -0.672197
-16.189977   -0.663212
-13.405709   -0.065849
-14.413458   0.000000
-11.775224   -1.492066
-11.750457   -1.611904
-11.105588   -1.410103
-10.721149   -1.206587
-9.145744   -0.713848
-9.014460   -0.999327
-8.857596   -1.118865
-8.710948   -0.797526
-8.693885   -1.182821
-8.192034   -0.594010
-15.758644   -1.068229
-15.409895   -0.746891
-15.291595   -0.543374
-15.898533   -0.948692
-16.024460   -1.132185
-14.881340   -0.663212
-11.189053   -0.050635
-13.443256   0.000000
-12.572688   -2.340594
-12.074706   -1.402731
-12.061137   -1.164762
-12.005488   -1.059011
-11.893856   -1.642635
-11.869365   -1.945026
-11.740039   -2.102624
-10.830524   -1.168910
-10.766696   -1.326509
-10.165175   -0.866520
-16.910401   -0.864688
-15.143294   -1.208408
-15.005189   -0.970439
-13.794071   -0.194323
-17.207488   -1.132185
-17.159939   -0.672197
-17.115133   -0.974587
-14.174227   0.000000
-9.830034   -1.541457
-9.760138   -2.302123
-9.399110   -1.176257
-9.141253   -2.310421
-8.944744   -2.115235
-8.661827   -1.360866
-8.596628   -1.510495
-8.161159   -1.518792
-7.947259   -0.569238
-7.834576   -1.323606
-16.583990   -0.801342
-11.128586   -1.166543
-10.339160   -0.374915
-14.172946   -0.194323
-17.426265   -0.948692
-17.980996   -1.135580
-17.728745   -1.143878
-14.756875   0.000000
-7.480884   -1.371503
-6.811275   -1.144723
-5.928573   -0.918289
-3.856944   -0.972304
-3.768250   -0.376780
-3.761694   -0.379998
-3.504518   -0.998454
-3.375878   -0.771674
-2.987147   -0.545239
-0.977764   -0.006949
-13.288276   -0.005084
-4.376625   -0.001865
-9.288298   -0.374915
-14.330057   -0.970439
-15.604303   -0.543374
-16.824991   -0.996588
-16.286950   -0.769809
-13.940174   0.000000
-4.078398   -2.005148
-3.798960   -1.986844
-3.730070   -1.913434
-2.927859   -2.142526
-0.685175   -0.977848
-0.671350   -1.168408
-0.654385   -1.210273
-0.502249   -0.748756
-0.487408   -0.822166
-0.403852   -0.840470
-11.477851   -0.975983
-0.745826   -0.001865
-5.490441   -1.166543
-9.853658   -1.208408
-12.060685   -0.746891
-12.653442   -0.838605
-12.226191   -0.820301
-11.730497   0.000000
-5.740002   -1.777325
-5.594936   -1.954145
-5.382964   -2.098105
-5.150807   -2.044213
-2.199661   -0.981067
-2.065202   -1.073313
-2.014756   -0.806426
-1.965352   -1.127206
-1.936257   -0.869772
-1.858928   -0.983246
-6.680688   -0.975983
-2.405582   -0.005084
-10.740943   -0.801342
-12.657753   -0.864688
-12.535895   -1.068229
-13.471521   -0.978162
-13.307191   -1.122122
-12.441429   0.000000
-12.104582   -1.265355
-11.976930   -1.401644
-11.868853   -1.286765
-11.532146   -1.320138
-10.728898   -1.256473
-10.602733   -1.279559
-10.121353   -1.392762
-9.774963   -1.311256
-9.618019   -1.277883
-9.018963   -0.071435
-18.002437   -1.248282
-17.603107   -1.225196
-18.023968   -1.361485
-18.216362   -1.246607
-18.005638   -1.279979
-14.769095   -0.040159
-12.511716   -0.031277
-14.883878   0.000000
-13.375530   -1.511073
-13.149605   -1.837733
-12.954054   -2.000124
-12.718972   -1.725368
-10.673842   -1.112889
-10.526090   -0.857321
-10.455340   -0.716305
-10.039514   -1.183981
-10.021519   -1.346372
-9.330091   -1.071616
-17.257557   -1.081612
-16.914115   -0.826045
-17.414148   -1.152705
-17.562130   -1.315096
-17.484221   -1.040339
-16.203692   -0.685028
-12.731711   -0.031277
-14.468514   0.000000
-11.699098   -1.618930
-10.995668   -1.851745
-10.950501   -1.602001
-10.841928   -1.436490
-8.623265   -0.725187
-8.318621   -0.974060
-8.133975   -1.319403
-8.095779   -0.957131
-8.035027   -1.206875
-7.782820   -0.791620
-15.982166   -1.279245
-15.623923   -0.933902
-15.601801   -0.751462
-16.326944   -0.916973
-16.037381   -1.166716
-14.474806   -0.685028
-10.221323   -0.040159
-13.511332   0.000000
-12.370679   -1.978398
-12.335061   -2.637038
-11.831689   -1.531342
-11.752362   -1.732378
-11.602850   -2.429622
-11.575709   -2.189982
-11.258211   -2.316359
-10.630116   -1.548415
-10.424751   -1.661678
-10.064020   -1.422038
-16.312179   -1.350679
-14.661058   -1.596699
-14.507615   -1.149643
-13.417420   -0.381699
-17.312048   -1.166716
-17.025288   -1.040339
-17.389589   -1.279979
-13.976809   0.000000
-9.263993   -2.222708
-9.128204   -1.782710
-9.073045   -3.174917
-8.635067   -3.106429
-8.606719   -2.241521
-8.550506   -2.776794
-7.858423   -1.677982
-7.606297   -0.744586
-7.417348   -1.609493
-7.169023   -1.279859
-15.824511   -1.419823
-10.384182   -1.859822
-9.494324   -0.362887
-13.705293   -0.381699
-17.452668   -0.916973
-17.226184   -1.315096
-17.370170   -1.246607
-14.600208   0.000000
-6.538913   -1.724372
-6.235593   -1.515591
-5.359224   -1.114348
-3.913682   -0.368647
-3.290185   -1.151789
-3.133360   -1.363631
-3.102142   -0.365032
-3.033064   -0.753607
-2.942129   -1.154851
-0.925732   -0.007906
-11.832501   -0.005760
-3.659698   -0.002146
-8.392041   -0.362887
-13.373136   -1.149643
-15.327586   -0.751462
-15.582768   -1.152705
-15.758991   -1.361485
-13.264801   0.000000
-2.909892   -3.085018
-2.713772   -2.685866
-2.648933   -2.793723
-2.505615   -3.048137
-0.444436   -1.190460
-0.417358   -1.861968
-0.404434   -1.598844
-0.338991   -0.936047
-0.305443   -1.227342
-0.259741   -0.828190
-9.154785   -1.188315
-0.459852   -0.002146
-4.252491   -1.859822
-8.093121   -1.596699
-10.693218   -0.933902
-10.345098   -0.826045
-10.757284   -1.225196
-9.910082   0.000000
-3.827871   -2.608138
-3.649434   -2.436597
-3.611451   -2.467559
-3.495804   -2.269927
-1.410112   -1.194075
-1.290368   -1.425583
-1.211127   -1.285005
-1.198795   -1.254042
-1.186991   -1.356439
-1.172018   -1.087372
-4.337533   -1.188315
-1.453454   -0.005760
-7.083655   -1.419823
-9.250612   -1.350679
-9.802256   -1.279245
-10.069193   -1.081612
-10.067553   -1.248282
-9.044357   0.000000
-11.709834   -2.163545
-11.424074   -1.581244
-11.404874   -2.133376
-11.106244   -1.922289
-8.178379   -0.882791
-7.986551   -0.997268
-7.960708   -1.192864
-7.942137   -0.851819
-7.907358   -0.756011
-7.691880   -0.967098
-16.047485   -0.838526
-16.299029   -0.869497
-15.491785   -1.179571
-17.293632   -0.953805
-17.567923   -0.983975
-10.004607   -0.013293
-16.105567   -0.742718
-14.429623   0.000000
-11.646167   -2.413971
-11.463629   -1.959859
-11.385878   -1.650054
-11.220052   -2.136986
-9.721527   -1.246167
-9.208179   -1.299168
-9.039170   -1.476295
-8.733508   -1.101729
-8.482847   -0.824745
-6.345164   -0.989362
-16.733042   -1.217141
-11.666837   -0.082027
-16.781277   -0.907336
-16.602762   -1.394268
-16.867218   -1.164140
-15.553910   -1.019703
-15.127380   -0.742718
-13.481713   0.000000
-11.628056   -1.863251
-10.730575   -1.221192
-10.469167   -1.104039
-9.486503   -1.182057
-7.727557   -1.032996
-7.588310   -0.993861
-7.394315   -0.915843
-7.265618   -0.861270
-7.170880   -0.895977
-6.352423   -0.214783
-15.785298   -0.882684
-16.658040   -0.847976
-14.297073   -0.201490
-17.367843   -0.980567
-17.357681   -0.902549
-16.560051   -1.019703
-9.562066   -0.013293
-14.126045   0.000000
-13.154061   -2.061496
-12.214278   -1.273463
-12.048730   -2.074311
-11.997549   -2.254476
-11.734366   -1.992886
-11.614250   -1.418203
-11.318447   -1.167101
-11.155235   -1.080483
-11.103432   -1.085676
-10.498276   -1.347266
-17.809841   -0.897357
-16.513303   -1.235077
-15.644075   -1.090336
-13.840862   -0.183126
-17.908318   -0.902549
-18.001969   -1.164140
-18.217500   -0.983975
-14.975776   0.000000
-8.827229   -0.803513
-8.681903   -1.110732
-8.680089   -1.529527
-8.429436   -1.136931
-8.248879   -1.163694
-8.132258   -1.577395
-7.448032   -1.089064
-7.244199   -0.851380
-7.051422   -0.318385
-5.897417   -1.115826
-14.089801   -0.668254
-14.518781   -0.927605
-10.907908   -0.135259
-10.746467   -0.183126
-16.137143   -0.980567
-16.124334   -1.394268
-16.309023   -0.953805
-13.069660   0.000000
-8.175808   -1.042594
-7.541224   -0.260561
-7.539895   -2.269907
-7.320314   -0.194330
-6.686559   -1.152089
-6.511532   -1.291826
-5.917893   -0.197012
-5.368306   -1.314829
-5.191434   -0.120825
-3.443828   -0.336748
-11.812561   -0.061753
-12.341157   -0.059072
-10.401952   -0.135259
-12.898141   -1.090336
-13.199918   -0.201490
-16.206163   -0.907336
-14.820641   -1.179571
-14.024978   0.000000
-5.551993   -1.797103
-5.524209   -0.986677
-5.476436   -1.294148
-5.417355   -1.145883
-5.344450   -1.775582
-5.217696   -1.317104
-4.463237   -1.009632
-4.431891   -0.907048
-3.850273   -0.928569
-1.037735   -0.141098
-10.767140   -1.086811
-6.312113   -0.059072
-9.179758   -0.927605
-9.714318   -1.235077
-10.419548   -0.847976
-9.374748   -0.082027
-10.586244   -0.869497
-9.267572   0.000000
-10.389486   -1.885395
-10.273456   -1.735882
-9.318313   -1.506780
-9.100105   -1.550938
-8.736854   -1.148564
-8.224628   -0.730007
-8.202097   -0.944437
-8.201772   -0.959109
-8.188217   -0.900279
-7.353956   -1.278894
-15.515179   -1.086811
-10.261603   -0.061753
-14.242988   -0.668254
-15.468252   -0.897357
-15.049912   -0.882684
-16.653952   -1.217141
-15.496129   -0.838526
-14.385702   0.000000
-12.083425   -1.603275
-12.080775   -1.990548
-11.949275   -2.244225
-11.273899   -1.691410
-8.653821   -1.058620
-8.489730   -1.312297
-8.389001   -0.970486
-8.375427   -1.021679
-7.869987   -0.671347
-7.730296   -0.954181
-16.885117   -1.002400
-15.431042   -0.951207
-16.302143   -1.039341
-17.285932   -1.293018
-17.163875   -0.934902
-10.125328   -0.019279
-15.255122   -0.652068
-13.860101   0.000000
-11.920547   -1.782581
-11.740894   -1.755046
-11.625480   -1.608473
-11.523006   -1.561739
-8.510885   -0.938891
-8.453031   -1.183054
-8.099002   -0.902131
-8.043305   -0.681289
-7.888163   -0.985625
-6.466464   -1.132198
-17.078253   -0.909670
-10.877806   -0.029220
-17.117460   -1.102978
-17.300157   -0.956405
-17.077495   -1.153834
-15.867311   -0.872911
-15.382490   -0.652068
-14.011346   0.000000
-11.705621   -1.726435
-11.667808   -1.963268
-10.576813   -1.252661
-9.761105   -1.773664
-8.321488   -0.917585
-8.058889   -0.892190
-8.000356   -1.413192
-7.973211   -1.129022
-7.682115   -0.872803
-7.281680   -0.399030
-15.860268   -0.853524
-15.857202   -0.898306
-15.022384   -0.379751
-17.064615   -1.393913
-17.350096   -1.109743
-15.698808   -0.872911
-10.068013   -0.019279
-14.014615   0.000000
-12.849788   -1.958361
-12.430598   -2.199725
-12.300391   -1.980793
-12.118429   -2.155635
-11.740312   -1.292218
-11.388664   -1.215349
-11.319603   -1.356070
-11.113796   -1.235665
-10.716014   -1.400160
-10.325647   -1.181228
-17.086935   -0.989339
-16.951017   -0.969022
-15.559380   -1.045892
-13.362294   -0.246326
-17.920218   -1.109743
-17.954606   -1.153834
-17.740247   -0.934902
-15.423867   0.000000
-9.386020   -0.993400
-9.209449   -1.146655
-9.125702   -1.640240
-9.031763   -1.539344
-8.801631   -1.202731
-8.628611   -1.049476
-8.219262   -1.208589
-8.170614   -1.386089
-7.308014   -0.339398
-6.136264   -1.486985
-14.758669   -0.962263
-15.045278   -0.900328
-11.205747   -0.093072
-11.363269   -0.246326
-16.843526   -1.393913
-16.519957   -0.956405
-16.526995   -1.293018
-13.260587   0.000000
-8.577906   -1.088567
-8.490425   -1.196050
-8.141617   -0.203914
-7.996265   -0.428977
-7.463604   -1.095118
-7.407637   -1.425642
-6.590699   -1.132413
-6.473314   -0.142298
-6.393264   -0.160068
-3.980776   -0.472823
-11.589473   -0.049226
-14.083471   -0.110842
-10.951395   -0.093072
-13.524320   -1.045892
-13.673762   -0.379751
-16.567610   -1.102978
-15.275109   -1.039341
-14.082927   0.000000
-6.181812   -1.798635
-6.074067   -0.738453
-6.066612   -1.851535
-5.750477   -0.980427
-5.280635   -1.009148
-5.270880   -0.927527
-4.830742   -1.062049
-4.384342   -0.998243
-4.100217   -0.929548
-1.114784   -0.140062
-11.094069   -0.709233
-7.856039   -0.110842
-9.843919   -0.900328
-10.204863   -0.969022
-9.892645   -0.898306
-7.940517   -0.029220
-9.917476   -0.951207
-8.945251   0.000000
-11.146472   -1.871933
-11.050336   -1.842863
-10.843096   -1.964663
-9.846792   -1.815787
-9.249193   -0.758459
-8.773496   -1.011489
-8.658095   -1.038564
-8.336136   -1.051626
-8.329245   -0.958896
-7.922330   -0.902750
-16.172037   -0.709233
-10.709307   -0.049226
-14.691557   -0.962263
-15.612199   -0.989339
-15.668693   -0.853524
-16.548101   -0.909670
-16.478373   -1.002400
-13.993361   0.000000
-3.645601   -1.243538
-3.591743   -1.397844
-3.573772   -1.023529
-3.489671   -1.247007
-3.451106   -1.066955
-3.390475   -1.027958
-3.365007   -1.182264
-3.333878   -1.031427
-3.321622   -0.807949
-3.304016   -0.396123
-5.517728   -0.937687
-5.477898   -0.717678
-5.494406   -0.941155
-5.573545   -0.976684
-5.491637   -1.091993
-4.622004   -0.305851
-4.190029   -0.090271
-4.533054   0.000000
-3.732932   -2.185113
-3.650488   -2.221249
-3.563109   -2.047710
-3.480310   -1.355818
-3.223074   -1.114675
-3.083947   -1.245611
-3.048724   -1.250981
-2.959319   -1.113578
-2.869645   -1.287117
-2.860685   -0.421686
-5.226669   -1.155340
-5.015713   -0.331415
-5.321280   -1.160710
-5.282519   -1.023307
-5.214860   -1.196845
-4.701974   -1.024403
-3.774999   -0.090271
-4.355117   0.000000
-3.726041   -1.721689
-3.695907   -1.330255
-3.630213   -2.249235
-3.622642   -2.022581
-3.598474   -1.794916
-3.583440   -1.003137
-3.549596   -1.216508
-3.500874   -1.304029
-3.363069   -1.530683
-3.318702   -1.076364
-5.312051   -1.224831
-5.316492   -0.910656
-5.376665   -0.697285
-5.371545   -0.998178
-5.196246   -0.770512
-4.689195   -1.024403
-4.430189   -0.305851
-4.402827   0.000000
-3.662894   -1.930290
-3.482618   -1.318706
-3.451617   -2.233280
-3.400743   -1.081931
-3.390241   -1.911799
-3.373611   -2.338132
-3.247756   -1.203196
-3.146797   -0.947931
-3.017426   -1.269411
-2.950618   -1.374264
-5.024479   -0.904513
-5.453145   -1.025777
-4.418829   -1.141287
-4.004439   -0.177419
-5.493117   -0.770512
-5.397692   -1.196845
-5.521883   -1.091993
-4.696687   0.000000
-3.010782   -1.200725
-2.763615   -0.993590
-2.502433   -1.573668
-2.385350   -0.934915
-1.948714   -0.820593
-1.880362   -0.761918
-1.755730   -1.027728
-1.748119   -0.981106
-1.595974   -0.181840
-1.528748   -1.002599
-4.140765   -0.757497
-5.010311   -0.816171
-2.245389   -0.004421
-4.032084   -0.177419
-5.506846   -0.998178
-5.481872   -1.023307
-5.601598   -0.976684
-4.635194   0.000000
-3.197511   -1.197505
-2.800755   -1.190593
-2.474800   -1.178082
-1.919263   -0.086102
-1.892843   -1.145708
-1.835315   -1.165132
-1.826441   -0.945577
-1.552399   -0.053728
-1.552157   -0.701707
-1.405377   -0.041217
-3.934707   -0.036795
-5.021119   -0.049306
-2.297415   -0.004421
-4.458438   -1.141287
-5.732513   -0.697285
-5.684018   -1.160710
-5.861023   -0.941155
-4.903718   0.000000
-2.628800   -1.533849
-2.561569   -2.246887
-2.509945   -1.726827
-2.433335   -1.147586
-1.982374   -0.865478
-1.977931   -1.480022
-1.891740   -1.075083
-1.803726   -0.959963
-1.579516   -0.766984
-1.023862   -0.380721
-4.214285   -1.430716
-2.244359   -0.049306
-3.670095   -0.816171
-4.722666   -1.025777
-4.932390   -0.910656
-4.571146   -0.331415
-4.814243   -0.717678
-4.332640   0.000000
-2.887989   -1.662009
-2.735852   -1.695183
-2.631341   -2.188212
-2.622575   -1.982328
-2.298151   -1.467511
-2.296236   -0.794292
-2.166261   -1.261627
-2.127943   -0.941308
-2.079639   -0.974482
-2.070734   -1.192135
-4.695275   -1.430716
-2.611243   -0.036795
-3.619605   -0.757497
-4.627421   -0.904513
-5.104242   -1.224831
-5.072693   -1.155340
-5.058041   -0.937687
-4.259257   0.000000
-3.645601   -1.243538
-3.591743   -1.397844
-3.573772   -1.023529
-3.489671   -1.247007
-3.451106   -1.066955
-3.390475   -1.027958
-3.365007   -1.182264
-3.333878   -1.031427
-3.321622   -0.807949
-3.304016   -0.396123
-5.517728   -0.937687
-5.477898   -0.717678
-5.494406   -0.941155
-5.573545   -0.976684
-5.491637   -1.091993
-4.622004   -0.305851
-4.190029   -0.090271
-4.533054   0.000000
-3.732932   -2.185113
-3.650488   -2.221249
-3.563109   -2.047710
-3.480310   -1.355818
-3.223074   -1.114675
-3.083947   -1.245611
-3.048724   -1.250981
-2.959319   -1.113578
-2.869645   -1.287117
-2.860685   -0.421686
-5.226669   -1.155340
-5.015713   -0.331415
-5.321280   -1.160710
-5.282519   -1.023307
-5.214860   -1.196845
-4.701974   -1.024403
-3.774999   -0.090271
-4.355117   0.000000
-3.726041   -1.721689
-3.695907   -1.330255
-3.630213   -2.249235
-3.622642   -2.022581
-3.598474   -1.794916
-3.583440   -1.003137
-3.549596   -1.216508
-3.500874   -1.304029
-3.363069   -1.530683
-3.318702   -1.076364
-5.312051   -1.224831
-5.316492   -0.910656
-5.376665   -0.697285
-5.371545   -0.998178
-5.196246   -0.770512
-4.689195   -1.024403
-4.430189   -0.305851
-4.402827   0.000000
-3.662894   -1.930290
-3.482618   -1.318706
-3.451617   -2.233280
-3.400743   -1.081931
-3.390241   -1.911799
-3.373611   -2.338132
-3.247756   -1.203196
-3.146797   -0.947931
-3.017426   -1.269411
-2.950618   -1.374264
-5.024479   -0.904513
-5.453145   -1.025777
-4.418829   -1.141287
-4.004439   -0.177419
-5.493117   -0.770512
-5.397692   -1.196845
-5.521883   -1.091993
-4.696687   0.000000
-3.010782   -1.200725
-2.763615   -0.993590
-2.502433   -1.573668
-2.385350   -0.934915
-1.948714   -0.820593
-1.880362   -0.761918
-1.755730   -1.027728
-1.748119   -0.981106
-1.595974   -0.181840
-1.528748   -1.002599
-4.140765   -0.757497
-5.010311   -0.816171
-2.245389   -0.004421
-4.032084   -0.177419
-5.506846   -0.998178
-5.481872   -1.023307
-5.601598   -0.976684
-4.635194   0.000000
-3.197511   -1.197505
-2.800755   -1.190593
-2.474800   -1.178082
-1.919263   -0.086102
-1.892843   -1.145708
-1.835315   -1.165132
-1.826441   -0.945577
-1.552399   -0.053728
-1.552157   -0.701707
-1.405377   -0.041217
-3.934707   -0.036795
-5.021119   -0.049306
-2.297415   -0.004421
-4.458438   -1.141287
-5.732513   -0.697285
-5.684018   -1.160710
-5.861023   -0.941155
-4.903718   0.000000
-2.628800   -1.533849
-2.561569   -2.246887
-2.509945   -1.726827
-2.433335   -1.147586
-1.982374   -0.865478
-1.977931   -1.480022
-1.891740   -1.075083
-1.803726   -0.959963
-1.579516   -0.766984
-1.023862   -0.380721
-4.214285   -1.430716
-2.244359   -0.049306
-3.670095   -0.816171
-4.722666   -1.025777
-4.932390   -0.910656
-4.571146   -0.331415
-4.814243   -0.717678
-4.332640   0.000000
-2.887989   -1.662009
-2.735852   -1.695183
-2.631341   -2.188212
-2.622575   -1.982328
-2.298151   -1.467511
-2.296236   -0.794292
-2.166261   -1.261627
-2.127943   -0.941308
-2.079639   -0.974482
-2.070734   -1.192135
-4.695275   -1.430716
-2.611243   -0.036795
-3.619605   -0.757497
-4.627421   -0.904513
-5.104242   -1.224831
-5.072693   -1.155340
-5.058041   -0.937687
-4.259257   0.000000
