-5767.005471   -7.285830
-5255.144888   -8.172341
-4934.553240   -7.084779
-4675.463660   -4.391619
-4508.165141   -5.278130
-4425.481684   -7.971290
-4291.270615   -5.003108
-4259.959829   -4.802058
-3938.601187   -7.696269
-3292.834243   -3.337170
-3061.463597   -4.223681
-3051.941981   -3.948660
-2684.359359   -3.747609
-2672.775621   -1.054449
-2542.135422   -3.337170
-2451.167624   -3.747609
-2419.895888   -4.223681
-2409.831574   -3.948660
-2114.205976   -1.054449
-1220.430849   0.000000
-7475.445224   -3.337170
-7295.486014   -4.223681
-7292.931322   -3.948660
-7473.536370   -1.054449
-7810.339926   -3.747609
-4443.578724   0.000000
-4011.540287   0.000000
-76.060754   0.000000
-5304.622585   -3.444390
-5173.558829   -7.694336
-5117.898308   -4.251798
-4964.465105   -7.608688
-4956.538439   -7.187679
-4669.014579   -7.995088
-4598.004808   -8.501745
-4587.530265   -8.414244
-4548.453147   -4.164298
-4445.903964   -8.416096
-4325.755602   -4.249947
-4285.628926   -3.743289
-4006.930794   -7.993236
-3999.631087   -7.907587
-2822.012623   -3.444390
-2645.410904   -3.743289
-2578.523283   -4.251798
-2486.355486   -4.164298
-2391.174891   -4.249947
-2321.319895   0.000000
-7244.949710   -3.444390
-6741.502143   0.000000
-7276.466427   -4.251798
-7612.244011   -4.249947
-7969.166991   -4.164298
-6713.693021   -3.743289
-4046.946332   0.000000
-74.290899   0.000000
-4855.103693   -3.593668
-4682.856288   -3.849569
-4487.986684   -7.625657
-4134.012038   -7.584808
-4112.180609   -7.328907
-4105.190837   -7.484011
-3929.810053   -7.336920
-3771.499289   -7.739912
-3624.835552   -3.735314
-3467.396537   -3.743327
-3429.210374   -7.592821
-3417.028878   -3.890418
-3364.330603   -7.633670
-3305.129390   -7.478566
-2513.095562   -3.593630
-2385.242611   -3.743289
-2258.205420   -3.849532
-2144.948392   -3.735277
-1899.332508   -0.000038
-1795.935534   -3.890381
-6045.114284   -3.593630
-6007.141085   -3.849532
-5774.807672   -0.000038
-6974.299458   -3.890381
-7265.788928   -3.735277
-6263.449094   -3.743289
-3846.859753   0.000000
-74.641431   0.000000
-5725.326807   -8.425109
-5528.581136   -8.071757
-5170.724961   -7.640182
-5091.384160   -8.069203
-5012.587849   -7.911907
-4939.838466   -8.422555
-4912.842791   -7.652515
-4881.166468   -7.993533
-4667.948450   -7.902129
-4624.206331   -8.005866
-4471.594514   -7.482886
-4301.694342   -7.914461
-4295.830859   -8.331150
-4131.089652   -7.899575
-3887.471628   -4.258257
-3689.459591   -3.904905
-3444.873901   -4.166852
-3240.652999   -3.735277
-3211.435850   -4.164298
-3176.150637   -3.747609
-7378.311456   -3.904905
-7323.099549   -4.258257
-7392.152017   -4.166852
-5985.987883   0.000000
-7457.598082   -3.735277
-7416.406167   -4.164298
-7566.503911   -3.747609
-72.684350   0.000000
-4812.008917   -2.870316
-4726.994000   -3.368125
-4421.591048   -7.250672
-4115.697603   -7.610237
-4093.929539   -6.752863
-4080.357299   -5.304395
-3966.359779   -3.898214
-3961.844905   -4.944829
-3907.472050   -8.140327
-3839.534242   -4.414740
-3785.497425   -3.916931
-3768.738863   -7.112429
-3618.098721   -1.062282
-3350.950294   -4.257780
-2393.322561   -3.360291
-2362.389178   -2.862482
-2329.339230   -3.890381
-2211.544419   -4.249947
-2186.654063   -1.054449
-1989.150679   -0.007834
-6269.052855   -3.360291
-6032.882686   -2.862482
-6182.177942   -0.007834
-3873.787315   0.000000
-6985.435979   -3.890381
-6563.758650   -4.249947
-6611.901680   -1.054449
-69.263765   0.000000
-2525.885353   -8.418650
-2339.007585   -4.174686
-2138.046234   -8.115512
-2031.122912   -4.259632
-1832.393677   -3.956493
-1559.727495   -4.251836
-1541.414545   -3.948697
-1202.943740   -4.166890
-897.846074   -3.948660
-882.740512   -4.251798
-878.136335   -0.007871
-830.128440   -0.007834
-811.413352   -0.000038
-785.808098   -4.166852
-651.016781   -4.166852
-645.025359   -3.948660
-589.842398   -0.007834
-571.346148   0.000000
-565.387651   -0.000038
-501.297051   -4.251798
-1140.243185   0.000000
-873.587645   0.000000
-3983.384206   -0.007834
-4640.917518   -4.166852
-2407.109774   -0.000038
-4720.090463   -4.251798
-4235.062914   -3.948660
-58.232313   0.000000
-1136.415534   -4.258257
-1123.977466   -4.223681
-898.794115   -8.481938
-811.957173   -2.862482
-700.288910   -7.086163
-674.655277   -8.073213
-543.332651   -8.107788
-482.211002   -3.849532
-422.329767   -8.012479
-381.217356   -8.386629
-381.088129   -8.421204
-368.216833   -7.025430
-334.685558   -6.712014
-222.546067   -4.162947
-207.791630   -4.162947
-176.612231   -3.849532
-164.589727   -2.862482
-156.502466   -4.258257
-126.652715   -4.223681
-42.345581   -0.000000
-520.975875   -4.162947
-234.507415   0.000000
-2033.211308   -2.862482
-2368.763573   -4.258257
-1135.797632   -3.849532
-2260.281673   0.000000
-2013.549112   -4.223681
-45.426419   0.000000
-1051.314904   -7.349295
-937.521497   -7.265196
-855.399949   -6.804681
-736.254493   -7.242075
-620.010747   -6.697461
-497.473473   -7.038020
-451.436857   -6.930800
-287.496741   -7.498536
-248.013379   -7.500117
-223.882406   -8.067853
-221.723643   -6.953921
-215.765921   -7.523238
-199.707472   -7.607337
-198.630185   -7.756578
-131.386408   -4.162947
-105.060835   -3.337170
-101.938591   -3.593630
-99.187695   -3.444390
-97.107957   -3.360291
-82.435337   -3.904905
-306.880024   -4.162947
-144.271373   0.000000
-1774.007874   -3.360291
-1951.286100   -3.904905
-788.860241   -3.593630
-2157.269341   -3.444390
-1735.790940   -3.337170
-42.448374   0.000000
-5079.382931   -9.057773
-5030.134336   -9.028796
-4675.469441   -9.104616
-4612.011536   -7.985062
-4253.259126   -9.133594
-4233.080254   -9.201515
-4174.205936   -9.125694
-4072.856277   -8.052983
-3613.474792   -3.978108
-3583.012130   -4.007085
-3547.309223   -8.081960
-3331.254380   -5.126574
-3320.036906   -5.050819
-3278.527079   -3.978042
-3218.730593   -4.007020
-3177.449730   -4.075007
-3139.670674   -5.050753
-3133.373210   -5.126640
-3127.341713   -4.074941
-2841.600829   -0.000066
-7544.697563   -3.978042
-7022.010285   -4.007020
-7308.979735   -5.050753
-7215.890446   -5.126574
-7011.084682   -4.074941
-5908.964936   -0.000066
-5087.010276   0.000000
-70.949358   0.000000
-4829.403073   -10.165726
-4434.177439   -10.220066
-3953.922340   -8.437430
-3738.877790   -8.383091
-3720.018428   -5.070647
-3709.918932   -5.096472
-3680.178248   -5.124986
-3531.054284   -8.408916
-3251.674429   -10.196253
-3216.608028   -3.313836
-3132.950637   -10.250592
-3094.067482   -5.126998
-2988.195722   -10.222078
-2731.515181   -8.439442
-2368.618292   -5.069951
-2325.906663   -5.126302
-2300.885190   -5.124290
-2252.321195   -5.095776
-2202.736289   -3.313140
-2173.580042   -0.000696
-6619.983434   -5.095776
-6304.201500   -0.000696
-6566.439187   -5.069951
-6490.956301   -5.124290
-5919.135048   -3.313140
-5576.389388   -5.126302
-3987.837671   0.000000
-67.461474   0.000000
-4939.799175   -9.523651
-4778.752110   -9.012394
-4663.086648   -9.533502
-4526.431337   -9.022245
-4501.942643   -8.288644
-4474.752187   -9.131735
-4418.674374   -10.257252
-4199.164338   -9.855486
-4103.748650   -8.620479
-3666.968540   -10.250003
-3590.998927   -9.014996
-3570.828487   -9.526253
-3391.077286   -9.858087
-3126.774702   -5.126368
-3111.154436   -10.259854
-2950.689417   -4.400016
-2919.614232   -3.888759
-2857.895909   -5.123766
-2708.570623   -4.731851
-2647.645559   -5.133618
-7363.308863   -4.399950
-6769.557578   -4.731785
-6779.052773   -5.133552
-7275.279592   -3.888694
-7726.759889   -5.123701
-6167.687241   -5.126302
-4817.637262   -0.000066
-75.699438   0.000000
-4375.601173   -9.198642
-4319.301936   -8.436841
-4253.362276   -8.651659
-4130.476654   -7.602899
-3970.494892   -6.841098
-3692.594621   -6.546266
-3680.606206   -4.950524
-3558.020381   -4.735706
-3492.545136   -5.497507
-3427.082032   -8.661460
-3257.295025   -6.556068
-2853.077216   -5.133502
-2689.846349   -8.446642
-2597.719402   -10.257203
-2502.729259   -3.527958
-2499.601878   -9.208443
-2487.199810   -1.422566
-2389.451294   -3.313140
-2311.612472   -4.074941
-2265.821947   -5.123701
-6033.959649   -1.422566
-7257.171711   -3.527958
-4710.815206   -5.133502
-3926.313059   0.000000
-7619.857724   -5.123701
-7603.521125   -3.313140
-7746.994173   -4.074941
-74.515980   0.000000
-4225.233062   -9.015268
-4202.608320   -9.012984
-3593.696622   -8.946765
-3462.932452   -10.184646
-3208.772509   -10.182361
-2483.396689   -10.289336
-2436.953964   -5.124290
-2390.293929   -10.291620
-2320.519698   -9.053740
-2278.745442   -3.888694
-2170.401661   -5.126574
-1722.059458   -10.223117
-1665.667012   -5.058071
-1386.062864   -5.165046
-741.611135   -5.058071
-708.864402   -5.165046
-638.253562   -5.124290
-493.938963   -5.126574
-457.287372   0.000000
-421.165849   -3.888694
-3719.503629   -5.165046
-5990.889444   -5.058071
-939.678653   0.000000
-3795.918589   0.000000
-7560.212179   -3.888694
-7471.951505   -5.124290
-7360.865216   -5.126574
-73.878386   0.000000
-4321.798432   -10.184305
-4238.268639   -10.203503
-3704.332073   -5.133552
-3426.388779   -5.050753
-3050.024009   -5.069951
-3024.102524   -10.203453
-2815.939577   -10.184255
-2713.770863   -10.267054
-2168.537568   -5.069951
-2164.696725   -5.050753
-2038.351887   -5.133552
-1586.819618   -5.133502
-1336.337382   -5.133502
-918.613664   0.000000
-600.420772   -5.133502
-579.821822   -5.069951
-477.974472   -5.050753
-400.234298   -5.133552
-398.852782   0.000000
-280.525674   0.000000
-3130.698262   0.000000
-5669.024218   0.000000
-902.154859   0.000000
-4746.411845   -5.133502
-7846.903846   -5.133552
-7741.414306   -5.069951
-7688.241095   -5.050753
-74.761670   0.000000
-3700.746396   -4.007716
-3456.502592   -4.732481
-3124.414537   -8.259743
-3024.618848   -3.528654
-2904.715434   -7.534978
-2421.319420   -8.592060
-2307.665297   -9.316825
-1964.349593   -8.112999
-1907.140011   -4.585737
-1776.516840   -9.065091
-1759.282805   -8.586030
-1643.124029   -9.643112
-1602.538764   -9.789856
-1421.944233   -5.058768
-765.792488   -5.058071
-739.966398   -4.585040
-602.780371   -3.527958
-596.376785   -4.731785
-543.391599   -4.007020
-230.111969   -0.000696
-3640.431505   -4.585040
-930.822354   0.000000
-3169.045311   -5.058071
-5622.028518   -3.527958
-6115.062553   -4.731785
-5762.783088   -0.000696
-6012.966770   -4.007020
-69.512225   0.000000
-3437.456839   -8.377993
-3016.705024   -9.495726
-2721.843598   -5.400608
-2678.497775   -6.518341
-2613.684288   -8.984991
-2578.377785   -5.822516
-2525.436748   -8.563083
-2233.725827   -9.680816
-1748.055486   -6.007606
-1259.536968   -6.587612
-1248.396172   -10.260822
-1213.775898   -9.564996
-1123.013388   -9.143088
-1044.968740   -9.750086
-814.624828   -4.585040
-745.085036   -5.165046
-660.667656   -3.978042
-647.640083   -5.095776
-643.891064   -1.422566
-573.698698   -4.399950
-4094.578568   -4.585040
-1067.949813   0.000000
-2258.909799   -5.165046
-4502.289492   -1.422566
-5815.467768   -4.399950
-5756.172955   -5.095776
-5730.433622   -3.978042
-64.895075   0.000000
