-6.403801   -2.017418
-6.341118   -1.828305
-6.287721   -2.225494
-6.229831   -2.020471
-5.927523   -1.445022
-5.858460   -1.842212
-5.798278   -1.749216
-5.789669   -1.634135
-5.759319   -1.637188
-5.586788   -0.585033
-7.975486   -1.344147
-7.940409   -1.536313
-7.963409   -1.741336
-7.964438   -1.648340
-7.978584   -1.533260
-7.265801   -0.484158
-6.547638   -0.100875
-6.520436   0.000000
-5.944794   -2.877463
-5.911014   -2.739936
-5.862633   -2.250412
-5.833998   -1.894160
-5.153652   -1.717733
-5.126232   -1.649824
-5.108242   -1.580206
-5.096319   -1.361481
-5.050054   -1.708596
-4.857339   -0.734430
-7.387157   -1.479330
-7.129860   -0.633555
-7.473756   -1.616857
-7.458272   -1.548948
-7.474852   -1.607721
-7.038590   -1.260605
-5.828616   -0.100875
-5.945423   0.000000
-6.229996   -2.708348
-6.192295   -2.517761
-6.159294   -2.583908
-6.118890   -2.808458
-6.062550   -2.032011
-6.028457   -1.807461
-5.948128   -1.744763
-5.927519   -1.931901
-5.895642   -1.741314
-5.865140   -1.830786
-7.537094   -1.257156
-7.612831   -1.447743
-7.582793   -1.346628
-7.566387   -1.547853
-7.609326   -1.323303
-7.165769   -1.260605
-6.782402   -0.484158
-6.019570   0.000000
-5.506866   -2.649598
-5.350144   -2.686185
-5.315597   -2.970604
-5.305270   -2.896143
-5.263719   -1.697443
-5.079371   -1.406005
-5.058944   -1.621275
-4.996265   -1.942281
-4.988560   -1.657863
-4.974791   -1.867820
-7.097538   -1.071445
-7.712458   -1.286715
-6.069048   -1.362883
-5.685157   -0.334560
-8.013182   -1.323303
-8.025387   -1.607721
-8.001379   -1.533260
-6.341917   0.000000
-4.916316   -1.982900
-3.965721   -1.646073
-3.857984   -3.104871
-3.656869   -2.127919
-2.781446   -1.799085
-2.741616   -1.317239
-2.604701   -1.554674
-2.532837   -1.654066
-2.360932   -0.340286
-2.320964   -1.553579
-5.862224   -1.793359
-7.216843   -1.311513
-2.952867   -0.005726
-5.651093   -0.334560
-8.257855   -1.547853
-8.216402   -1.548948
-8.224378   -1.648340
-6.837877   0.000000
-4.424717   -1.640513
-3.554427   -1.382512
-3.166467   -1.386538
-2.662965   -1.368609
-2.589007   -1.747063
-2.581577   -1.622584
-2.350957   -1.352354
-2.345065   -0.043284
-1.817514   -0.029381
-1.690971   -0.025355
-4.869689   -0.023655
-6.705739   -0.019629
-2.959996   -0.005726
-6.170059   -1.362883
-8.222150   -1.346628
-8.249331   -1.616857
-8.237994   -1.741336
-6.749178   0.000000
-4.119073   -2.847826
-3.950861   -2.759256
-3.835727   -1.945068
-3.498627   -2.589602
-2.174312   -1.331142
-2.167697   -1.297718
-2.066316   -1.306345
-1.938897   -1.467372
-1.863140   -1.555942
-1.238276   -0.653184
-5.313838   -1.278089
-2.284248   -0.019629
-4.924472   -1.311513
-6.897553   -1.286715
-7.361276   -1.447743
-7.079281   -0.633555
-7.302877   -1.536313
-6.464476   0.000000
-3.752554   -3.272689
-3.744214   -3.137505
-3.627385   -3.050514
-3.100968   -3.071448
-2.538140   -1.817014
-2.530581   -1.301744
-2.437940   -1.095100
-2.382373   -1.367802
-2.379299   -1.280811
-2.373352   -1.502985
-5.712819   -1.278089
-2.732338   -0.023655
-4.429203   -1.793359
-6.300311   -1.071445
-7.276952   -1.257156
-7.229543   -1.479330
-7.187094   -1.344147
-6.110554   0.000000
