-4.794944   -1.829576
-4.700857   -1.567788
-4.655639   -1.428465
-4.653469   -1.615283
-4.522388   -1.326808
-4.448930   -1.222263
-4.429873   -1.484052
-4.425937   -0.524888
-4.322068   -1.082941
-4.309964   -1.269759
-6.592925   -1.394370
-6.509886   -1.180077
-6.596775   -0.993259
-6.631976   -1.237126
-6.532231   -1.132582
-5.713722   -0.435206
-5.115659   -0.089682
-5.287746   0.000000
-4.782356   -2.426033
-4.732006   -2.538355
-4.553069   -2.437456
-4.465050   -1.644506
-4.040729   -1.300985
-3.941970   -1.373264
-3.878950   -1.304411
-3.849821   -1.315835
-3.748442   -1.416734
-3.702692   -0.522884
-6.227651   -1.283582
-6.039547   -0.433203
-6.320476   -1.214730
-6.307032   -1.226153
-6.240179   -1.327052
-5.714143   -1.211303
-4.588466   -0.089682
-5.194998   0.000000
-4.883191   -2.476232
-4.875184   -2.184971
-4.866600   -2.516501
-4.749418   -1.646509
-4.728522   -2.082315
-4.534632   -1.700134
-4.505352   -1.408874
-4.483351   -1.744410
-4.446611   -1.740404
-4.429936   -1.306218
-6.485087   -1.305198
-6.491216   -1.309204
-6.458746   -0.973668
-6.510268   -1.264928
-6.405349   -0.871012
-5.834629   -1.211303
-5.410001   -0.435206
-5.402864   0.000000
-4.599148   -2.370752
-4.359140   -2.587855
-4.322197   -1.931329
-4.288116   -2.849425
-4.253865   -3.043896
-4.177414   -1.321232
-4.109774   -1.478490
-3.973158   -1.085497
-3.847215   -1.347067
-3.771560   -1.541537
-5.964406   -1.106747
-6.537519   -1.264005
-5.231068   -1.716843
-4.720285   -0.214485
-6.564788   -0.871012
-6.531037   -1.327052
-6.618270   -1.132582
-5.577144   0.000000
-3.843269   -1.440638
-3.397290   -1.109220
-3.084572   -2.097146
-3.039760   -1.416895
-2.284687   -1.206609
-2.264441   -0.898933
-2.086266   -1.241324
-2.062898   -1.230351
-1.857674   -0.218683
-1.829191   -1.269127
-4.920272   -1.202410
-6.051250   -0.894735
-2.524094   -0.004198
-4.784971   -0.214485
-6.691989   -1.264928
-6.713558   -1.226153
-6.769593   -1.237126
-5.731703   0.000000
-3.990878   -1.033464
-3.381154   -1.757292
-3.045210   -1.757049
-2.268349   -1.721042
-2.171621   -1.218928
-2.149618   -0.080653
-2.143510   -0.997458
-1.834278   -0.977866
-1.654126   -0.044647
-1.555383   -0.044403
-4.669089   -0.040205
-5.941788   -0.040448
-2.578484   -0.004198
-5.356370   -1.716843
-6.871110   -0.973668
-6.906267   -1.214730
-7.038072   -0.993259
-5.782851   0.000000
-3.420649   -2.074812
-3.251574   -2.203939
-3.095162   -1.327938
-3.022724   -2.147269
-2.193487   -1.292982
-2.178996   -0.935183
-2.124043   -1.304454
-2.059705   -1.349652
-1.834243   -1.220525
-1.165354   -0.473651
-4.944907   -1.252534
-2.422831   -0.040448
-4.388707   -0.894735
-5.878694   -1.264005
-6.100622   -1.309204
-5.657574   -0.433203
-5.926684   -1.180077
-5.236248   0.000000
-3.543438   -2.309157
-3.531278   -2.596780
-3.274530   -2.507609
-3.068959   -2.454944
-2.658516   -1.242616
-2.655766   -1.292739
-2.491282   -1.345403
-2.482305   -1.146952
-2.430798   -1.323787
-2.418520   -1.434575
-5.552938   -1.252534
-2.929013   -0.040205
-4.278211   -1.202410
-5.520502   -1.106747
-6.092867   -1.305198
-6.163573   -1.283582
-6.223555   -1.394370
-5.190407   0.000000
