-5.174625   -1.802380
-5.174217   -1.620522
-5.123375   -1.773607
-5.116981   -1.740125
-4.910692   -1.461632
-4.871004   -1.427016
-4.827285   -1.546620
-4.823852   -1.608875
-4.680730   -1.580101
-4.563127   -0.380526
-7.190127   -1.453109
-7.238055   -1.333506
-7.202324   -1.515364
-7.264905   -1.368121
-7.243558   -1.486591
-6.090844   -0.287016
-5.618992   -0.093510
-5.762297   0.000000
-5.346681   -2.417201
-5.310590   -1.509935
-5.162482   -2.562952
-5.020201   -1.483567
-4.472187   -1.445676
-4.463308   -1.361802
-4.422819   -1.368466
-4.357338   -1.388170
-4.267126   -1.242420
-3.930228   -0.308786
-7.038500   -1.352165
-6.561035   -0.215275
-7.065377   -1.294660
-6.996669   -1.148910
-7.145204   -1.274956
-6.417321   -1.268292
-5.139440   -0.093510
-5.919955   0.000000
-5.455749   -2.537056
-5.436908   -2.575137
-5.374984   -2.534513
-5.265725   -2.073220
-5.228734   -1.555308
-4.932744   -1.553237
-4.924962   -1.595733
-4.882140   -1.593861
-4.864483   -1.555780
-4.793291   -1.091943
-7.172791   -1.306845
-7.327404   -1.308717
-7.157088   -0.804928
-7.282325   -1.266221
-7.201864   -1.268764
-6.521394   -1.268292
-5.858139   -0.287016
-5.920935   0.000000
-5.308882   -2.720064
-5.050451   -2.591904
-4.926583   -2.809730
-4.912115   -2.598096
-4.878742   -1.544461
-4.745514   -1.618246
-4.726832   -1.838773
-4.642425   -1.490086
-4.490950   -1.707912
-4.410952   -1.496277
-6.513493   -1.617452
-6.893912   -1.396925
-5.881690   -1.323140
-5.369216   -0.221321
-7.053675   -1.268764
-7.071752   -1.274956
-7.065982   -1.486591
-5.656217   0.000000
-4.438021   -1.370231
-3.958634   -1.591403
-3.855006   -2.236268
-3.493012   -1.087507
-2.642633   -1.375171
-2.602501   -0.871275
-2.442087   -1.373211
-2.439439   -1.153999
-2.239644   -1.271311
-2.140220   -0.226410
-5.464444   -0.866186
-6.356311   -1.370082
-2.854667   -0.005089
-5.231753   -0.221321
-7.227753   -1.266221
-7.215472   -1.148910
-7.285357   -1.368121
-5.853456   0.000000
-4.099240   -1.319416
-3.982095   -1.351062
-3.154959   -1.347895
-2.622896   -0.052678
-2.554747   -1.328229
-2.532888   -1.299749
-2.418071   -1.520453
-2.270745   -0.810017
-1.924652   -0.033011
-1.855422   -0.029845
-4.728943   -0.024756
-6.242575   -0.027922
-2.945075   -0.005089
-5.830491   -1.323140
-7.341789   -0.804928
-7.399484   -1.294660
-7.418110   -1.515364
-6.009351   0.000000
-3.567589   -2.703588
-3.461260   -1.507270
-3.362560   -2.662077
-3.142807   -1.585357
-2.245099   -1.398004
-2.209378   -1.319916
-2.124442   -1.424847
-2.029717   -1.336639
-1.921525   -1.361428
-1.153800   -0.243197
-5.010914   -1.291994
-2.428825   -0.027922
-4.538701   -1.370082
-5.868340   -1.396925
-6.369990   -1.308717
-5.713076   -0.215275
-6.265119   -1.333506
-5.453386   0.000000
-3.758127   -2.218351
-3.692025   -2.173031
-3.664916   -2.319295
-3.480388   -2.158180
-2.695535   -1.316750
-2.637483   -0.890942
-2.568297   -1.642207
-2.539586   -1.331601
-2.510251   -1.477865
-2.480640   -1.376921
-5.550378   -1.291994
-2.964091   -0.024756
-4.443157   -0.866186
-5.800949   -1.617452
-6.316419   -1.306845
-6.322251   -1.352165
-6.311899   -1.453109
-5.121124   0.000000
