-0.886426   -2.111200
-0.831174   -2.480104
-0.825395   -2.849495
-0.807271   -4.061554
-0.801494   -2.949284
-0.799512   -3.789586
-0.769854   -1.737224
-0.742719   -3.541877
-0.716687   -1.367834
-0.684399   -3.415610
-1.482487   -2.390207
-1.366057   -0.585554
-1.396623   -1.525645
-1.432415   -1.797614
-1.404538   -2.263940
-1.208105   -1.151670
-1.163132   -0.216164
-1.314651   0.000000
-0.649853   -1.117414
-0.647089   -1.480495
-0.596266   -1.535981
-0.536176   -0.645516
-0.508797   -1.247847
-0.504841   -0.720462
-0.492387   -1.927164
-0.461444   -1.459579
-0.418779   -0.357382
-0.378853   -1.192361
-1.271415   -1.711000
-1.197410   -0.141218
-1.175225   -0.976197
-1.245402   -1.243414
-1.293436   -1.031683
-1.049167   -0.504298
-0.784959   -0.216164
-1.252536   0.000000
-0.744276   -2.459006
-0.723871   -3.106378
-0.716425   -1.363953
-0.701825   -2.193532
-0.695198   -2.840903
-0.648167   -2.011325
-0.632970   -2.036833
-0.625439   -2.220103
-0.518526   -1.389461
-0.502078   -1.655968
-1.559503   -1.689234
-1.397337   -0.885163
-1.364223   -0.859655
-1.510705   -1.068433
-1.505414   -1.954708
-1.188094   -0.504298
-1.100524   -1.151670
-1.580836   0.000000
-0.643721   -1.958805
-0.643354   -3.113703
-0.613637   -1.881446
-0.587623   -2.804471
-0.541661   -1.314926
-0.525803   -0.868112
-0.476921   -0.680578
-0.473757   -1.973057
-0.458517   -1.050032
-0.321799   -2.282290
-1.238641   -1.296577
-1.664750   -0.662228
-0.981228   -0.849763
-0.718483   -0.018349
-1.651184   -1.954708
-1.521468   -1.031683
-1.666838   -2.263940
-1.675873   0.000000
-0.398962   -1.904738
-0.391059   -0.874128
-0.371870   -1.053578
-0.369283   -1.086783
-0.367263   -1.261764
-0.359947   -0.860398
-0.331853   -1.248033
-0.326847   -1.802233
-0.272872   -1.073052
-0.247839   -0.022968
-1.122561   -0.855779
-1.546757   -1.048959
-0.501489   -0.004619
-0.747980   -0.018349
-1.553483   -1.068433
-1.522656   -1.243414
-1.727239   -1.797614
-1.742861   0.000000
-0.403303   -1.709418
-0.373789   -0.980816
-0.372307   -0.854382
-0.339604   -1.530264
-0.272363   -0.852909
-0.229494   -0.866557
-0.208905   -0.864274
-0.124972   -0.019940
-0.105504   -0.021413
-0.090199   -0.007765
-0.842331   -0.003146
-1.346714   -0.016794
-0.529314   -0.004619
-0.938105   -0.849763
-1.353436   -0.859655
-1.459533   -0.976197
-1.648698   -1.525645
-1.630632   0.000000
-0.389642   -1.301517
-0.347023   -0.780506
-0.336532   -1.934122
-0.242357   -1.688248
-0.208276   -1.065753
-0.195040   -0.656083
-0.184639   -0.679022
-0.151308   -0.901957
-0.120993   -0.602348
-0.076304   -0.158012
-0.923938   -0.639289
-0.277685   -0.016794
-0.906448   -1.048959
-1.194267   -0.662228
-0.997098   -0.885163
-1.037071   -0.141218
-1.106696   -0.585554
-1.305861   0.000000
-0.475106   -2.985810
-0.403093   -2.545013
-0.244525   -1.935866
-0.228806   -1.495068
-0.180195   -0.642435
-0.162957   -1.692380
-0.160030   -2.393353
-0.155267   -1.714146
-0.151784   -0.858925
-0.143083   -1.299723
-1.141730   -0.639289
-0.233741   -0.003146
-0.855181   -0.855779
-1.136261   -1.296577
-1.279944   -1.689234
-1.328446   -1.711000
-1.569854   -2.390207
-1.534589   0.000000
-0.882822   -2.798843
-0.821464   -2.081245
-0.779956   -1.063329
-0.778940   -2.120534
-0.735534   -1.102618
-0.700673   -0.745786
-0.671543   -0.067477
-0.644396   -0.443843
-0.612916   -0.785075
-0.592708   -0.483132
-1.683523   -1.078008
-1.463266   -1.049235
-1.432088   -0.731692
-1.486918   -0.429749
-1.647538   -2.067151
-1.166227   -0.053383
-1.114648   -0.014094
-1.586764   0.000000
-0.682880   -0.965335
-0.633388   -1.667779
-0.613056   -1.064544
-0.557673   -0.564432
-0.514474   -0.897588
-0.436215   -0.798379
-0.416536   -0.397476
-0.412304   -0.612680
-0.394530   -0.342676
-0.316651   -0.195143
-1.341702   -0.598586
-1.241029   -0.383382
-1.269224   -0.328582
-1.217435   -0.181049
-1.341587   -0.784285
-1.209321   -0.883494
-0.822773   -0.014094
-1.352056   0.000000
-0.798004   -1.176779
-0.775974   -1.905889
-0.770370   -2.651963
-0.763341   -1.466789
-0.718768   -1.706691
-0.700157   -1.075778
-0.661138   -1.821852
-0.625147   -1.631451
-0.624258   -0.936877
-0.506798   -0.346668
-1.481101   -1.022395
-1.410676   -1.413406
-1.450377   -1.578069
-1.326224   -0.293285
-1.462370   -1.768469
-1.274580   -0.883494
-1.020425   -0.053383
-1.360977   0.000000
-0.656068   -3.080955
-0.583350   -3.499818
-0.553632   -3.201135
-0.553294   -2.216951
-0.547253   -2.040784
-0.519411   -1.993391
-0.514096   -1.392402
-0.500046   -2.675269
-0.458469   -2.376586
-0.429552   -1.920603
-1.175725   -1.312486
-1.242386   -1.385274
-0.964649   -1.432666
-0.830977   -0.608117
-1.300282   -1.768469
-1.277200   -0.784285
-1.408871   -2.067151
-1.282614   0.000000
-0.491850   -0.901402
-0.425913   -1.068184
-0.387680   -0.789167
-0.371191   -1.037867
-0.336180   -0.291552
-0.281268   -0.460340
-0.270154   -0.608391
-0.226275   -0.430023
-0.184084   -0.181323
-0.180922   -0.293559
-1.068589   -0.460066
-1.143725   -0.291278
-0.429741   -0.000274
-0.778752   -0.608117
-1.348486   -0.293285
-1.154375   -0.181049
-1.336136   -0.429749
-1.357477   0.000000
-0.384483   -2.164358
-0.348043   -0.331398
-0.303386   -0.041982
-0.274760   -1.435482
-0.241401   -1.432940
-0.229699   -0.328856
-0.223009   -0.039440
-0.178141   -0.003090
-0.163917   -0.731966
-0.145790   -1.578343
-0.775435   -0.002816
-1.000074   -0.039166
-0.340766   -0.000274
-0.837986   -1.432666
-1.239712   -1.578069
-1.190541   -0.328582
-1.221514   -0.731692
-1.250544   0.000000
-0.186451   -1.486073
-0.156418   -0.330444
-0.151589   -1.704685
-0.146604   -1.424440
-0.137289   -1.233961
-0.128667   -0.674661
-0.113451   -1.452572
-0.107045   -1.340514
-0.081182   -0.422548
-0.073579   -1.088401
-0.554271   -1.194795
-0.231116   -0.039166
-0.504868   -0.291278
-0.801374   -1.385274
-0.976006   -1.413406
-0.876242   -0.383382
-0.941122   -1.049235
-1.207804   0.000000
-0.273295   -1.654861
-0.242985   -1.058653
-0.220554   -1.197611
-0.193948   -1.482462
-0.179030   -1.538075
-0.172687   -0.601402
-0.170858   -0.462882
-0.151038   -1.080825
-0.145779   -1.025211
-0.110933   -1.315302
-0.692154   -1.194795
-0.266330   -0.002816
-0.521759   -0.460066
-0.862107   -1.312486
-1.015979   -1.022395
-1.033401   -0.598586
-1.056643   -1.078008
-1.077726   0.000000
-0.816931   -2.039521
-0.683693   -0.883851
-0.639138   -2.629378
-0.561066   -1.203032
-0.559594   -1.406138
-0.548045   -1.419997
-0.537791   -0.047362
-0.508543   -0.869992
-0.491866   -2.615519
-0.458646   -0.694558
-1.555902   -1.186281
-1.488371   -0.677807
-1.463138   -2.598767
-1.506607   -0.853241
-1.564438   -1.389386
-1.242707   -0.030611
-0.998176   -0.016752
-1.565117   0.000000
-0.802786   -1.961322
-0.794179   -1.569693
-0.760124   -2.233556
-0.706268   -0.964853
-0.677428   -1.693741
-0.677034   -0.568571
-0.668191   -1.842210
-0.643829   -1.232434
-0.630127   -1.034626
-0.494082   -0.762392
-1.524716   -0.551819
-1.409571   -1.825459
-1.536767   -1.215682
-1.473371   -0.745640
-1.517554   -1.017874
-1.357188   -0.948101
-1.033519   -0.016752
-1.503590   0.000000
-0.667772   -2.445770
-0.650739   -2.016130
-0.639978   -1.893946
-0.636926   -1.322801
-0.513493   -0.978712
-0.498637   -0.407567
-0.476207   -0.712381
-0.434489   -1.528279
-0.349147   -1.669784
-0.263738   -0.976456
-1.307122   -1.639174
-1.192550   -0.681771
-1.239444   -0.945845
-1.323367   -0.376956
-1.430221   -1.497669
-1.470331   -0.948101
-0.952287   -0.030611
-1.474978   0.000000
-0.672747   -2.173550
-0.647042   -2.815531
-0.611369   -2.157843
-0.593471   -1.882063
-0.590739   -1.802038
-0.556913   -0.868571
-0.540397   -2.515543
-0.537503   -0.444593
-0.519082   -1.102281
-0.448498   -1.582076
-1.328134   -0.360186
-1.229722   -1.797657
-1.202517   -0.784164
-1.018746   -0.084407
-1.258617   -1.497669
-1.260545   -1.017874
-1.495673   -1.389386
-1.544493   0.000000
-0.565450   -0.830047
-0.544896   -1.173146
-0.537310   -1.199849
-0.522945   -1.419490
-0.505304   -1.065545
-0.502340   -0.964350
-0.481115   -1.895774
-0.475425   -0.404312
-0.425698   -1.126940
-0.353910   -1.788174
-1.267875   -0.879944
-0.828561   -0.319905
-0.833923   -1.042534
-1.013250   -0.084407
-1.233064   -0.376956
-1.380419   -0.745640
-1.366743   -0.853241
-1.381430   0.000000
-0.550244   -0.787689
-0.537970   -1.219207
-0.372775   -1.042663
-0.367675   -1.215812
-0.350188   -1.988379
-0.323412   -0.784294
-0.270689   -2.598897
-0.266067   -1.046058
-0.144588   -0.945975
-0.054427   -0.003655
-1.017936   -0.003525
-0.500116   -0.000130
-0.976457   -1.042534
-1.311443   -0.784164
-1.022864   -0.945845
-1.495028   -1.215682
-1.568876   -2.598767
-1.569308   0.000000
-0.390847   -2.145364
-0.355236   -1.001676
-0.334980   -0.997712
-0.324234   -0.862300
-0.093180   -0.542525
-0.063812   -0.320035
-0.058003   -1.797786
-0.056670   -0.681900
-0.055195   -1.825588
-0.049520   -0.677937
-1.221624   -0.542395
-0.117277   -0.000130
-0.740619   -0.319905
-1.232150   -1.797657
-1.159662   -0.681771
-1.415005   -1.825459
-1.468823   -0.677807
-1.535967   0.000000
-0.356928   -1.999360
-0.304645   -2.190993
-0.277407   -2.519117
-0.237102   -2.181569
-0.154260   -1.642698
-0.129529   -1.189806
-0.124662   -0.545920
-0.118174   -0.883468
-0.104554   -0.555344
-0.102414   -0.363711
-0.657703   -0.542395
-0.206602   -0.003525
-0.921026   -0.879944
-0.908649   -0.360186
-0.688797   -1.639174
-0.994175   -0.551819
-0.967921   -1.186281
-1.037686   0.000000
-0.849148   -1.737947
-0.825941   -1.365568
-0.767285   -2.637787
-0.714123   -0.626742
-0.714073   -1.506019
-0.707405   -0.606178
-0.669264   -1.190080
-0.610857   -1.526582
-0.597711   -0.078874
-0.510214   -1.210643
-1.349489   -1.097856
-1.238740   -1.315849
-1.217731   -0.577023
-1.352438   -1.476863
-1.353635   -1.160924
-1.297051   -0.029155
-1.133131   -0.049719
-1.358213   0.000000
-0.893486   -1.534971
-0.864635   -1.639561
-0.860898   -2.729352
-0.843721   -0.995175
-0.792843   -1.219411
-0.779451   -0.414997
-0.775016   -0.881240
-0.757195   -1.059383
-0.683714   -1.769406
-0.652337   -0.679615
-1.285222   -0.831521
-1.097303   -1.169692
-1.183073   -1.009665
-1.399804   -1.719687
-1.454703   -0.629896
-1.363801   -0.365278
-1.018548   -0.049719
-1.378726   0.000000
-0.552700   -1.792551
-0.547186   -3.008513
-0.528458   -1.946519
-0.527947   -1.678089
-0.461720   -1.251787
-0.449336   -0.394434
-0.395915   -1.456428
-0.364230   -0.858226
-0.346487   -0.279972
-0.292287   -1.610396
-1.026810   -1.222632
-1.031336   -0.829070
-0.893812   -1.581241
-1.035618   -0.250816
-1.085520   -1.427272
-0.966012   -0.365278
-0.608228   -0.029155
-0.996481   0.000000
-0.773236   -1.790821
-0.767667   -2.378884
-0.744292   -1.670756
-0.722376   -2.660604
-0.707567   -2.953978
-0.652776   -1.598348
-0.637632   -1.067320
-0.632855   -1.863228
-0.607299   -2.394256
-0.574788   -1.864696
-1.199060   -1.941460
-1.006861   -1.793054
-0.955088   -1.233332
-0.890868   -0.437424
-1.381416   -1.427272
-1.365304   -0.629896
-1.359687   -1.160924
-1.365888   0.000000
-0.498437   -2.560955
-0.475532   -1.914287
-0.462393   -3.619220
-0.433862   -2.579781
-0.416229   -3.578905
-0.388366   -2.296642
-0.349188   -3.336081
-0.315511   -2.393173
-0.270208   -0.688240
-0.247003   -2.110034
-1.116734   -0.701737
-0.621862   -2.142357
-0.573831   -1.859218
-0.765893   -0.437424
-1.183857   -0.250816
-1.391986   -1.719687
-1.341614   -1.476863
-1.305241   0.000000
-0.240862   -3.092550
-0.180859   -2.436241
-0.147346   -1.861182
-0.119158   -3.440459
-0.111550   -1.859453
-0.101601   -1.009900
-0.099200   -1.233567
-0.060889   -1.581475
-0.045442   -0.577258
-0.038600   -0.002198
-0.788878   -0.001964
-0.124797   -0.000235
-0.450278   -1.859218
-0.659395   -1.233332
-1.042576   -1.581241
-1.148563   -1.009665
-1.076059   -0.577023
-1.065917   0.000000
-0.056413   -3.312049
-0.054067   -2.513129
-0.046241   -3.458206
-0.025839   -2.971427
-0.011104   -0.371006
-0.010122   -1.793289
-0.008658   -2.142592
-0.006581   -0.829305
-0.004465   -1.169927
-0.003141   -1.316084
-0.277910   -0.370772
-0.012162   -0.000235
-0.114885   -2.142357
-0.301798   -1.793054
-0.798089   -0.829070
-0.745644   -1.169692
-0.804914   -1.315849
-0.802040   0.000000
-0.065317   -1.202293
-0.060146   -1.924368
-0.058250   -1.593404
-0.050234   -1.468627
-0.019733   -0.372735
-0.018584   -1.943423
-0.017995   -1.224596
-0.017311   -0.703700
-0.016502   -1.099819
-0.010660   -0.833485
-0.078728   -0.370772
-0.023487   -0.001964
-0.153922   -0.701737
-0.304568   -1.941460
-0.717623   -1.222632
-0.622839   -0.831521
-0.706995   -1.097856
-0.723643   0.000000
-0.585274   -1.752967
-0.562112   -1.654137
-0.534289   -2.014465
-0.505469   -1.710319
-0.440184   -1.707357
-0.394094   -1.030977
-0.368164   -0.841635
-0.339652   -0.988330
-0.320302   -0.932147
-0.299180   -0.726831
-1.381231   -0.929726
-1.319283   -1.704937
-1.080747   -1.028556
-1.355263   -0.985909
-1.366196   -0.839215
-0.552111   -0.002421
-1.116502   -0.724410
-1.503353   0.000000
-0.743989   -1.529666
-0.743862   -1.524893
-0.720822   -1.389612
-0.704808   -1.042911
-0.702062   -1.621862
-0.629795   -1.375726
-0.605922   -0.975951
-0.593567   -0.835896
-0.520820   -1.481808
-0.431202   -1.192077
-1.498532   -0.805256
-1.070597   -0.251540
-1.404778   -0.940537
-1.350960   -0.897452
-1.315090   -0.791370
-1.226912   -0.584356
-1.191278   -0.724410
-1.529299   0.000000
-0.639866   -1.884813
-0.639377   -1.413801
-0.607930   -1.256805
-0.586031   -0.697700
-0.354303   -0.994055
-0.329741   -1.302878
-0.316707   -0.115765
-0.315384   -1.145882
-0.265339   -0.586777
-0.250808   -1.208588
-1.346103   -1.206167
-1.423195   -0.991634
-1.106358   -0.113344
-1.512551   -1.300457
-1.534428   -1.143461
-1.282099   -0.584356
-0.520180   -0.002421
-1.667419   0.000000
-0.769370   -1.601019
-0.704351   -1.052023
-0.703967   -1.874706
-0.699477   -2.013235
-0.668131   -1.522615
-0.652792   -1.021464
-0.592760   -1.934831
-0.524007   -1.325710
-0.516394   -0.973619
-0.423155   -1.661144
-1.251636   -0.869773
-1.250081   -1.450835
-1.292395   -0.731245
-1.071917   -0.182249
-1.470727   -1.143461
-1.379670   -0.791370
-1.532991   -0.839215
-1.513112   0.000000
-0.441429   -1.746488
-0.388192   -0.715353
-0.387206   -1.092246
-0.328106   -0.377043
-0.323906   -1.168158
-0.317810   -1.733944
-0.316700   -1.079701
-0.296459   -1.482706
-0.262613   -1.180703
-0.207137   -1.495251
-0.790065   -1.551695
-1.000763   -0.533104
-0.676152   -0.194794
-0.526810   -0.182249
-1.215332   -1.300457
-1.209630   -0.897452
-1.200400   -0.985909
-1.153020   0.000000
-0.316598   -0.116629
-0.311375   -0.322787
-0.295366   -0.943822
-0.287376   -1.031841
-0.233878   -0.734530
-0.183602   -1.759801
-0.176657   -0.131279
-0.141304   -0.844589
-0.134877   -1.223350
-0.123012   -0.308138
-0.658930   -0.003285
-0.728072   -0.127994
-0.632409   -0.194794
-0.663438   -0.731245
-0.868634   -0.113344
-1.132492   -0.940537
-0.915940   -1.028556
-1.123877   0.000000
-0.149915   -2.442469
-0.148980   -1.578829
-0.141723   -1.832930
-0.138464   -3.155772
-0.120641   -0.784645
-0.120482   -1.702376
-0.099879   -0.661098
-0.098335   -2.238041
-0.083080   -1.524738
-0.031482   -0.379534
-0.515229   -1.184267
-0.249677   -0.127994
-0.357039   -0.533104
-0.382413   -1.450835
-0.592813   -0.991634
-0.574394   -0.251540
-0.583636   -1.704937
-0.539100   0.000000
-0.528004   -1.799500
-0.516940   -2.757862
-0.496592   -1.675029
-0.487089   -2.075940
-0.410480   -1.554980
-0.401630   -1.209452
-0.393814   -0.933011
-0.364639   -0.873059
-0.321942   -1.187552
-0.289872   -0.808541
-1.239027   -1.184267
-0.586496   -0.003285
-0.910317   -1.551695
-0.992431   -0.869773
-1.303389   -1.206167
-1.389040   -0.805256
-1.340453   -0.929726
-1.403152   0.000000
-0.602905   -1.582441
-0.591362   -1.424818
-0.542765   -0.593011
-0.536291   -1.445310
-0.469491   -1.169418
-0.438877   -0.655607
-0.389462   -0.911007
-0.378063   -0.696192
-0.362126   -0.538569
-0.335676   -0.559060
-1.159413   -0.643228
-1.373097   -0.580632
-1.152939   -0.546682
-1.359491   -0.683813
-1.264756   -0.526190
-0.838351   -0.012379
-1.247306   -0.898628
-1.408447   0.000000
-0.659510   -1.385354
-0.652145   -0.981359
-0.619444   -1.870241
-0.599117   -2.427741
-0.545367   -2.032615
-0.539364   -0.586234
-0.535557   -0.407064
-0.484490   -0.917244
-0.418948   -0.432358
-0.396259   -0.990229
-1.425508   -0.388448
-0.886969   -0.018616
-1.351748   -0.971613
-1.471793   -0.567617
-1.501696   -2.013999
-1.307595   -0.413742
-1.404228   -0.898628
-1.430760   0.000000
-0.614966   -1.059415
-0.585370   -0.923305
-0.565235   -0.872655
-0.521172   -0.867328
-0.513888   -0.618207
-0.468107   -0.451177
-0.458902   -0.476771
-0.435269   -0.426120
-0.348953   -0.216844
-0.326297   -0.471292
-1.051171   -0.458913
-1.382019   -0.464392
-1.000211   -0.204466
-1.515614   -0.438798
-1.530127   -0.854950
-1.479983   -0.413742
-0.797458   -0.012379
-1.577427   0.000000
-0.642860   -1.979964
-0.587478   -3.467773
-0.539983   -1.151431
-0.492898   -1.458050
-0.487594   -2.308724
-0.478404   -2.146608
-0.477099   -1.624694
-0.428510   -0.530466
-0.386579   -2.018275
-0.378247   -0.859225
-1.284344   -1.620418
-1.399690   -1.147155
-1.224710   -1.453774
-0.803106   -0.004276
-1.370446   -0.854950
-1.434302   -2.013999
-1.470669   -0.526190
-1.469757   0.000000
-0.445588   -1.234913
-0.373828   -1.092648
-0.368209   -1.205202
-0.359695   -0.688089
-0.353329   -0.830354
-0.334713   -0.714158
-0.319688   -0.443074
-0.311594   -0.150816
-0.292266   -0.571893
-0.251549   -0.585339
-1.123049   -1.200927
-1.139210   -1.088372
-0.706596   -0.146541
-0.612460   -0.004276
-1.320242   -0.438798
-1.430375   -0.567617
-1.344975   -0.683813
-1.402643   0.000000
-0.403254   -1.176078
-0.348784   -1.118153
-0.342632   -1.600315
-0.320231   -2.000456
-0.278302   -0.693223
-0.266172   -1.658240
-0.259876   -1.486879
-0.247391   -0.305594
-0.217119   -0.179645
-0.137177   -0.351006
-0.854524   -0.033104
-1.096188   -0.272490
-0.690654   -0.146541
-0.851571   -1.453774
-1.049304   -0.204466
-1.378647   -0.971613
-1.081551   -0.546682
-1.336154   0.000000
-0.401837   -2.235527
-0.395556   -1.611547
-0.367825   -0.483008
-0.338720   -1.552764
-0.322215   -0.736882
-0.320122   -1.669004
-0.307371   -1.165771
-0.304367   -0.853122
-0.200911   -1.106988
-0.085734   -0.291106
-1.034268   -0.969679
-0.617768   -0.272490
-0.747991   -1.088372
-0.804883   -1.147155
-1.015108   -0.464392
-0.887050   -0.018616
-0.964044   -0.580632
-0.966940   0.000000
-0.547517   -1.234031
-0.537997   -1.653523
-0.529720   -0.847361
-0.529302   -1.659840
-0.462636   -1.428592
-0.451757   -2.079331
-0.445446   -0.492017
-0.444337   -1.002783
-0.427353   -0.676332
-0.314687   -0.421552
-1.339975   -0.969679
-0.685365   -0.033104
-1.175453   -1.200927
-1.273534   -1.620418
-1.038650   -0.458913
-1.329232   -0.388448
-1.238823   -0.643228
-1.500759   0.000000
-0.127945   -2.111200
-0.119970   -2.480104
-0.119136   -2.849495
-0.116520   -4.061554
-0.115686   -2.949284
-0.115400   -3.789586
-0.111119   -1.737224
-0.107202   -3.541877
-0.103445   -1.367834
-0.098784   -3.415610
-0.213979   -2.390207
-0.197173   -0.585554
-0.201585   -1.525645
-0.206751   -1.797614
-0.202728   -2.263940
-0.174375   -1.151670
-0.167884   -0.216164
-0.189753   0.000000
-0.093798   -1.117414
-0.093399   -1.480495
-0.086064   -1.535981
-0.077390   -0.645516
-0.073439   -1.247847
-0.072868   -0.720462
-0.071070   -1.927164
-0.066604   -1.459579
-0.060446   -0.357382
-0.054683   -1.192361
-0.183513   -1.711000
-0.172831   -0.141218
-0.169629   -0.976197
-0.179758   -1.243414
-0.186691   -1.031683
-0.151434   -0.504298
-0.113299   -0.216164
-0.180788   0.000000
-0.107427   -2.459006
-0.104482   -3.106378
-0.103407   -1.363953
-0.101300   -2.193532
-0.100343   -2.840903
-0.093555   -2.011325
-0.091361   -2.036833
-0.090274   -2.220103
-0.074843   -1.389461
-0.072469   -1.655968
-0.225095   -1.689234
-0.201688   -0.885163
-0.196909   -0.859655
-0.218052   -1.068433
-0.217288   -1.954708
-0.171487   -0.504298
-0.158847   -1.151670
-0.228174   0.000000
-0.092913   -1.958805
-0.092860   -3.113703
-0.088571   -1.881446
-0.084816   -2.804471
-0.078182   -1.314926
-0.075893   -0.868112
-0.068838   -0.680578
-0.068381   -1.973057
-0.066181   -1.050032
-0.046448   -2.282290
-0.178782   -1.296577
-0.240286   -0.662228
-0.141628   -0.849763
-0.103704   -0.018349
-0.238328   -1.954708
-0.219605   -1.031683
-0.240587   -2.263940
-0.241891   0.000000
-0.057585   -1.904738
-0.056444   -0.874128
-0.053675   -1.053578
-0.053301   -1.086783
-0.053010   -1.261764
-0.051954   -0.860398
-0.047899   -1.248033
-0.047176   -1.802233
-0.039386   -1.073052
-0.035773   -0.022968
-0.162028   -0.855779
-0.223255   -1.048959
-0.072384   -0.004619
-0.107962   -0.018349
-0.224226   -1.068433
-0.219776   -1.243414
-0.249305   -1.797614
-0.251560   0.000000
-0.058212   -1.709418
-0.053952   -0.980816
-0.053738   -0.854382
-0.049018   -1.530264
-0.039312   -0.852909
-0.033125   -0.866557
-0.030153   -0.864274
-0.018038   -0.019940
-0.015228   -0.021413
-0.013019   -0.007765
-0.121580   -0.003146
-0.194381   -0.016794
-0.076400   -0.004619
-0.135404   -0.849763
-0.195352   -0.859655
-0.210665   -0.976197
-0.237969   -1.525645
-0.235362   0.000000
-0.056240   -1.301517
-0.050088   -0.780506
-0.048574   -1.934122
-0.034981   -1.688248
-0.030062   -1.065753
-0.028152   -0.656083
-0.026650   -0.679022
-0.021839   -0.901957
-0.017464   -0.602348
-0.011013   -0.158012
-0.133359   -0.639289
-0.040080   -0.016794
-0.130834   -1.048959
-0.172378   -0.662228
-0.143919   -0.885163
-0.149688   -0.141218
-0.159738   -0.585554
-0.188485   0.000000
-0.068576   -2.985810
-0.058181   -2.545013
-0.035294   -1.935866
-0.033025   -1.495068
-0.026009   -0.642435
-0.023521   -1.692380
-0.023098   -2.393353
-0.022411   -1.714146
-0.021908   -0.858925
-0.020652   -1.299723
-0.164795   -0.639289
-0.033738   -0.003146
-0.123435   -0.855779
-0.164005   -1.296577
-0.184744   -1.689234
-0.191745   -1.711000
-0.226589   -2.390207
-0.221499   0.000000
-0.127945   -0.703733
-0.119970   -0.826701
-0.119136   -0.949832
-0.116520   -1.353851
-0.115686   -0.983095
-0.115400   -1.263195
-0.111119   -0.579075
-0.107202   -1.180626
-0.103445   -0.455945
-0.098784   -1.138537
-0.213979   -0.796736
-0.197173   -0.195185
-0.201585   -0.508548
-0.206751   -0.599205
-0.202728   -0.754647
-0.174375   -0.383890
-0.167884   -0.072055
-0.189753   0.000000
-0.093798   -0.372471
-0.093399   -0.493498
-0.086064   -0.511994
-0.077390   -0.215172
-0.073439   -0.415949
-0.072868   -0.240154
-0.071070   -0.642388
-0.066604   -0.486526
-0.060446   -0.119127
-0.054683   -0.397454
-0.183513   -0.570333
-0.172831   -0.047073
-0.169629   -0.325399
-0.179758   -0.414471
-0.186691   -0.343894
-0.151434   -0.168099
-0.113299   -0.072055
-0.180788   0.000000
-0.107427   -0.819669
-0.104482   -1.035459
-0.103407   -0.454651
-0.101300   -0.731177
-0.100343   -0.946968
-0.093555   -0.670442
-0.091361   -0.678944
-0.090274   -0.740034
-0.074843   -0.463154
-0.072469   -0.551989
-0.225095   -0.563078
-0.201688   -0.295054
-0.196909   -0.286552
-0.218052   -0.356144
-0.217288   -0.651569
-0.171487   -0.168099
-0.158847   -0.383890
-0.228174   0.000000
-0.092913   -0.652935
-0.092860   -1.037901
-0.088571   -0.627149
-0.084816   -0.934824
-0.078182   -0.438309
-0.075893   -0.289371
-0.068838   -0.226859
-0.068381   -0.657686
-0.066181   -0.350011
-0.046448   -0.760763
-0.178782   -0.432192
-0.240286   -0.220743
-0.141628   -0.283254
-0.103704   -0.006116
-0.238328   -0.651569
-0.219605   -0.343894
-0.240587   -0.754647
-0.241891   0.000000
-0.057585   -0.634913
-0.056444   -0.291376
-0.053675   -0.351193
-0.053301   -0.362261
-0.053010   -0.420588
-0.051954   -0.286799
-0.047899   -0.416011
-0.047176   -0.600744
-0.039386   -0.357684
-0.035773   -0.007656
-0.162028   -0.285260
-0.223255   -0.349653
-0.072384   -0.001540
-0.107962   -0.006116
-0.224226   -0.356144
-0.219776   -0.414471
-0.249305   -0.599205
-0.251560   0.000000
-0.058212   -0.569806
-0.053952   -0.326939
-0.053738   -0.284794
-0.049018   -0.510088
-0.039312   -0.284303
-0.033125   -0.288852
-0.030153   -0.288091
-0.018038   -0.006647
-0.015228   -0.007138
-0.013019   -0.002588
-0.121580   -0.001049
-0.194381   -0.005598
-0.076400   -0.001540
-0.135404   -0.283254
-0.195352   -0.286552
-0.210665   -0.325399
-0.237969   -0.508548
-0.235362   0.000000
-0.056240   -0.433839
-0.050088   -0.260169
-0.048574   -0.644707
-0.034981   -0.562749
-0.030062   -0.355251
-0.028152   -0.218694
-0.026650   -0.226341
-0.021839   -0.300652
-0.017464   -0.200783
-0.011013   -0.052671
-0.133359   -0.213096
-0.040080   -0.005598
-0.130834   -0.349653
-0.172378   -0.220743
-0.143919   -0.295054
-0.149688   -0.047073
-0.159738   -0.195185
-0.188485   0.000000
-0.068576   -0.995270
-0.058181   -0.848338
-0.035294   -0.645289
-0.033025   -0.498356
-0.026009   -0.214145
-0.023521   -0.564127
-0.023098   -0.797784
-0.022411   -0.571382
-0.021908   -0.286308
-0.020652   -0.433241
-0.164795   -0.213096
-0.033738   -0.001049
-0.123435   -0.285260
-0.164005   -0.432192
-0.184744   -0.563078
-0.191745   -0.570333
-0.226589   -0.796736
-0.221499   0.000000
-0.127424   -0.932948
-0.118568   -0.693748
-0.112577   -0.354443
-0.112430   -0.706845
-0.106165   -0.367539
-0.101134   -0.248595
-0.096929   -0.022492
-0.093011   -0.147948
-0.088467   -0.261692
-0.085550   -0.161044
-0.242996   -0.359336
-0.211204   -0.349745
-0.206704   -0.243897
-0.214618   -0.143250
-0.237802   -0.689050
-0.168330   -0.017794
-0.160886   -0.004698
-0.229030   0.000000
-0.098565   -0.321778
-0.091422   -0.555926
-0.088487   -0.354848
-0.080493   -0.188144
-0.074258   -0.299196
-0.062962   -0.266126
-0.060122   -0.132492
-0.059511   -0.204227
-0.056946   -0.114225
-0.045705   -0.065048
-0.193658   -0.199529
-0.179127   -0.127794
-0.183197   -0.109527
-0.175722   -0.060350
-0.193641   -0.261428
-0.174550   -0.294498
-0.118757   -0.004698
-0.195153   0.000000
-0.115182   -0.392260
-0.112002   -0.635296
-0.111193   -0.883988
-0.110179   -0.488930
-0.103745   -0.568897
-0.101059   -0.358593
-0.095427   -0.607284
-0.090232   -0.543817
-0.090104   -0.312292
-0.073150   -0.115556
-0.213779   -0.340798
-0.203614   -0.471135
-0.209344   -0.526023
-0.191424   -0.097762
-0.211075   -0.589490
-0.183970   -0.294498
-0.147286   -0.017794
-0.196440   0.000000
-0.094695   -1.026985
-0.084199   -1.166606
-0.079910   -1.067045
-0.079861   -0.738984
-0.078989   -0.680261
-0.074970   -0.664464
-0.074203   -0.464134
-0.072175   -0.891756
-0.066174   -0.792195
-0.062000   -0.640201
-0.169701   -0.437495
-0.179323   -0.461758
-0.139235   -0.477555
-0.119941   -0.202706
-0.187680   -0.589490
-0.184348   -0.261428
-0.203353   -0.689050
-0.185129   0.000000
-0.070992   -0.300467
-0.061475   -0.356061
-0.055957   -0.263056
-0.053577   -0.345956
-0.048523   -0.097184
-0.040597   -0.153447
-0.038993   -0.202797
-0.032660   -0.143341
-0.026570   -0.060441
-0.026114   -0.097853
-0.154238   -0.153355
-0.165082   -0.097093
-0.062028   -0.000091
-0.112403   -0.202706
-0.194637   -0.097762
-0.166620   -0.060350
-0.192855   -0.143250
-0.195935   0.000000
-0.055495   -0.721453
-0.050236   -0.110466
-0.043790   -0.013994
-0.039658   -0.478494
-0.034843   -0.477647
-0.033154   -0.109619
-0.032189   -0.013147
-0.025712   -0.001030
-0.023659   -0.243989
-0.021043   -0.526114
-0.111924   -0.000939
-0.144348   -0.013055
-0.049185   -0.000091
-0.120953   -0.477555
-0.178937   -0.526023
-0.171840   -0.109527
-0.176310   -0.243897
-0.180500   0.000000
-0.026912   -0.495358
-0.022577   -0.110148
-0.021880   -0.568228
-0.021160   -0.474813
-0.019816   -0.411320
-0.018571   -0.224887
-0.016375   -0.484191
-0.015451   -0.446838
-0.011718   -0.140849
-0.010620   -0.362800
-0.080002   -0.398265
-0.033359   -0.013055
-0.072871   -0.097093
-0.115668   -0.461758
-0.140874   -0.471135
-0.126475   -0.127794
-0.135839   -0.349745
-0.174332   0.000000
-0.039447   -0.551620
-0.035072   -0.352884
-0.031834   -0.399204
-0.027994   -0.494154
-0.025841   -0.512692
-0.024925   -0.200467
-0.024661   -0.154294
-0.021801   -0.360275
-0.021041   -0.341737
-0.016012   -0.438434
-0.099904   -0.398265
-0.038441   -0.000939
-0.075309   -0.153355
-0.124434   -0.437495
-0.146644   -0.340798
-0.149159   -0.199529
-0.152513   -0.359336
-0.155556   0.000000
-0.117914   -0.679840
-0.098683   -0.294617
-0.092252   -0.876459
-0.080983   -0.401011
-0.080770   -0.468713
-0.079103   -0.473332
-0.077623   -0.015787
-0.073402   -0.289997
-0.070995   -0.871840
-0.066200   -0.231519
-0.224575   -0.395427
-0.214828   -0.225936
-0.211186   -0.866256
-0.217460   -0.284414
-0.225807   -0.463129
-0.179369   -0.010204
-0.144074   -0.005584
-0.225905   0.000000
-0.115872   -0.653774
-0.114630   -0.523231
-0.109715   -0.744519
-0.101941   -0.321618
-0.097778   -0.564580
-0.097721   -0.189524
-0.096445   -0.614070
-0.092929   -0.410811
-0.090951   -0.344875
-0.071315   -0.254131
-0.220074   -0.183940
-0.203454   -0.608486
-0.221813   -0.405227
-0.212663   -0.248547
-0.219040   -0.339291
-0.195893   -0.316034
-0.149176   -0.005584
-0.217025   0.000000
-0.096385   -0.815257
-0.093926   -0.672043
-0.092373   -0.631315
-0.091932   -0.440934
-0.074116   -0.326237
-0.071972   -0.135856
-0.068735   -0.237460
-0.062713   -0.509426
-0.050395   -0.556595
-0.038067   -0.325485
-0.188667   -0.546391
-0.172130   -0.227257
-0.178898   -0.315282
-0.191012   -0.125652
-0.206435   -0.499223
-0.212224   -0.316034
-0.137451   -0.010204
-0.212895   0.000000
-0.097103   -0.724517
-0.093392   -0.938510
-0.088244   -0.719281
-0.085660   -0.627354
-0.085266   -0.600679
-0.080383   -0.289524
-0.078000   -0.838514
-0.077582   -0.148198
-0.074923   -0.367427
-0.064735   -0.527359
-0.191700   -0.120062
-0.177495   -0.599219
-0.173568   -0.261388
-0.147043   -0.028136
-0.181666   -0.499223
-0.181944   -0.339291
-0.215882   -0.463129
-0.222928   0.000000
-0.081616   -0.276682
-0.078649   -0.391049
-0.077554   -0.399950
-0.075481   -0.473163
-0.072934   -0.355182
-0.072507   -0.321450
-0.069443   -0.631925
-0.068622   -0.134771
-0.061444   -0.375647
-0.051083   -0.596058
-0.183002   -0.293315
-0.119592   -0.106635
-0.120366   -0.347511
-0.146250   -0.028136
-0.177977   -0.125652
-0.199246   -0.248547
-0.197272   -0.284414
-0.199392   0.000000
-0.079421   -0.262563
-0.077649   -0.406402
-0.053805   -0.347554
-0.053069   -0.405271
-0.050545   -0.662793
-0.046681   -0.261431
-0.039071   -0.866299
-0.038403   -0.348686
-0.020870   -0.315325
-0.007856   -0.001218
-0.146926   -0.001175
-0.072186   -0.000043
-0.140939   -0.347511
-0.189291   -0.261388
-0.147638   -0.315282
-0.215789   -0.405227
-0.226448   -0.866256
-0.226510   0.000000
-0.056414   -0.715121
-0.051274   -0.333892
-0.048350   -0.332571
-0.046799   -0.287433
-0.013449   -0.180842
-0.009211   -0.106678
-0.008372   -0.599262
-0.008180   -0.227300
-0.007967   -0.608529
-0.007148   -0.225979
-0.176326   -0.180798
-0.016928   -0.000043
-0.106899   -0.106635
-0.177845   -0.599219
-0.167383   -0.227257
-0.204238   -0.608486
-0.212006   -0.225936
-0.221698   0.000000
-0.051518   -0.666453
-0.043972   -0.730331
-0.040040   -0.839706
-0.034223   -0.727190
-0.022265   -0.547566
-0.018696   -0.396602
-0.017993   -0.181973
-0.017057   -0.294489
-0.015091   -0.185115
-0.014782   -0.121237
-0.094931   -0.180798
-0.029820   -0.001175
-0.132939   -0.293315
-0.131152   -0.120062
-0.099419   -0.546391
-0.143497   -0.183940
-0.139707   -0.395427
-0.149777   0.000000
-0.123861   -0.579316
-0.120476   -0.455189
-0.111920   -0.879262
-0.104166   -0.208914
-0.104158   -0.502006
-0.103186   -0.202059
-0.097622   -0.396693
-0.089103   -0.508861
-0.087185   -0.026291
-0.074422   -0.403548
-0.196843   -0.365952
-0.180689   -0.438616
-0.177624   -0.192341
-0.197273   -0.492288
-0.197448   -0.386975
-0.189194   -0.009718
-0.165284   -0.016573
-0.198116   0.000000
-0.130328   -0.511657
-0.126120   -0.546520
-0.125575   -0.909784
-0.123069   -0.331725
-0.115648   -0.406470
-0.113695   -0.138332
-0.113048   -0.293747
-0.110448   -0.353128
-0.099730   -0.589802
-0.095153   -0.226538
-0.187469   -0.277174
-0.160058   -0.389897
-0.172569   -0.336555
-0.204182   -0.573229
-0.212190   -0.209965
-0.198931   -0.121759
-0.148571   -0.016573
-0.201108   0.000000
-0.080620   -0.597517
-0.079815   -1.002838
-0.077084   -0.648840
-0.077009   -0.559363
-0.067349   -0.417262
-0.065542   -0.131478
-0.057750   -0.485476
-0.053128   -0.286075
-0.050540   -0.093324
-0.042634   -0.536799
-0.149776   -0.407544
-0.150436   -0.276357
-0.130376   -0.527080
-0.151060   -0.083605
-0.158339   -0.475757
-0.140907   -0.121759
-0.088719   -0.009718
-0.145352   0.000000
-0.112788   -0.596940
-0.111976   -0.792961
-0.108566   -0.556919
-0.105369   -0.886868
-0.103209   -0.984659
-0.095217   -0.532783
-0.093008   -0.355773
-0.092311   -0.621076
-0.088584   -0.798085
-0.083841   -0.621565
-0.174901   -0.647153
-0.146866   -0.597685
-0.139314   -0.411111
-0.129946   -0.145808
-0.201500   -0.475757
-0.199150   -0.209965
-0.198331   -0.386975
-0.199235   0.000000
-0.072704   -0.853652
-0.069363   -0.638096
-0.067447   -1.206407
-0.063285   -0.859927
-0.060713   -1.192968
-0.056649   -0.765547
-0.050934   -1.112027
-0.046022   -0.797724
-0.039414   -0.229413
-0.036029   -0.703345
-0.162892   -0.233912
-0.090708   -0.714119
-0.083702   -0.619739
-0.111717   -0.145808
-0.172683   -0.083605
-0.203042   -0.573229
-0.195695   -0.492288
-0.190389   0.000000
-0.035133   -1.030850
-0.026381   -0.812080
-0.021493   -0.620394
-0.017381   -1.146820
-0.016271   -0.619818
-0.014820   -0.336633
-0.014470   -0.411189
-0.008882   -0.527158
-0.006628   -0.192419
-0.005630   -0.000733
-0.115070   -0.000655
-0.018203   -0.000078
-0.065680   -0.619739
-0.096183   -0.411111
-0.152075   -0.527080
-0.167535   -0.336555
-0.156959   -0.192341
-0.155480   0.000000
-0.008229   -1.104016
-0.007886   -0.837710
-0.006745   -1.152735
-0.003769   -0.990476
-0.001620   -0.123669
-0.001476   -0.597763
-0.001263   -0.714197
-0.000960   -0.276435
-0.000651   -0.389976
-0.000458   -0.438695
-0.040537   -0.123591
-0.001774   -0.000078
-0.016758   -0.714119
-0.044022   -0.597685
-0.116413   -0.276357
-0.108763   -0.389897
-0.117409   -0.438616
-0.116990   0.000000
-0.009527   -0.400764
-0.008773   -0.641456
-0.008497   -0.531135
-0.007327   -0.489542
-0.002878   -0.124245
-0.002711   -0.647808
-0.002625   -0.408199
-0.002525   -0.234567
-0.002407   -0.366606
-0.001555   -0.277828
-0.011484   -0.123591
-0.003426   -0.000655
-0.022452   -0.233912
-0.044426   -0.647153
-0.104676   -0.407544
-0.090850   -0.277174
-0.103126   -0.365952
-0.105554   0.000000
-0.085371   -0.584322
-0.081992   -0.551379
-0.077934   -0.671488
-0.073730   -0.570106
-0.064207   -0.569119
-0.057485   -0.343659
-0.053702   -0.280545
-0.049543   -0.329443
-0.046721   -0.310716
-0.043640   -0.242277
-0.201473   -0.309909
-0.192437   -0.568312
-0.157643   -0.342852
-0.197685   -0.328636
-0.199280   -0.279738
-0.080534   -0.000807
-0.162859   -0.241470
-0.219287   0.000000
-0.108522   -0.509889
-0.108503   -0.508298
-0.105143   -0.463204
-0.102807   -0.347637
-0.102406   -0.540621
-0.091865   -0.458575
-0.088383   -0.325317
-0.086581   -0.278632
-0.075969   -0.493936
-0.062897   -0.397359
-0.218583   -0.268419
-0.156163   -0.083847
-0.204908   -0.313512
-0.197058   -0.299151
-0.191826   -0.263790
-0.178963   -0.194785
-0.173766   -0.241470
-0.223071   0.000000
-0.093334   -0.628271
-0.093263   -0.471267
-0.088676   -0.418935
-0.085481   -0.232567
-0.051680   -0.331352
-0.048098   -0.434293
-0.046197   -0.038588
-0.046004   -0.381961
-0.038704   -0.195592
-0.036584   -0.402863
-0.196349   -0.402056
-0.207594   -0.330545
-0.161379   -0.037781
-0.220628   -0.433486
-0.223819   -0.381154
-0.187013   -0.194785
-0.075876   -0.000807
-0.243218   0.000000
-0.112224   -0.533673
-0.102740   -0.350674
-0.102684   -0.624902
-0.102029   -0.671078
-0.097457   -0.507538
-0.095220   -0.340488
-0.086463   -0.644944
-0.076434   -0.441903
-0.075324   -0.324540
-0.061724   -0.553715
-0.182570   -0.289924
-0.182343   -0.483612
-0.188515   -0.243748
-0.156355   -0.060750
-0.214528   -0.381154
-0.201246   -0.263790
-0.223610   -0.279738
-0.220710   0.000000
-0.064389   -0.582163
-0.056624   -0.238451
-0.056480   -0.364082
-0.047859   -0.125681
-0.047247   -0.389386
-0.046357   -0.577981
-0.046195   -0.359900
-0.043243   -0.494235
-0.038306   -0.393568
-0.030214   -0.498417
-0.115243   -0.517232
-0.145976   -0.177701
-0.098627   -0.064931
-0.076843   -0.060750
-0.177274   -0.433486
-0.176443   -0.299151
-0.175096   -0.328636
-0.168185   0.000000
-0.046181   -0.038876
-0.045419   -0.107596
-0.043084   -0.314607
-0.041918   -0.343947
-0.034115   -0.244843
-0.026781   -0.586600
-0.025768   -0.043760
-0.020611   -0.281530
-0.019674   -0.407783
-0.017943   -0.102713
-0.096115   -0.001095
-0.106200   -0.042665
-0.092246   -0.064931
-0.096772   -0.243748
-0.126703   -0.037781
-0.165191   -0.313512
-0.133604   -0.342852
-0.163934   0.000000
-0.021867   -0.814156
-0.021731   -0.526276
-0.020672   -0.610977
-0.020197   -1.051924
-0.017597   -0.261548
-0.017574   -0.567459
-0.014569   -0.220366
-0.014344   -0.746014
-0.012118   -0.508246
-0.004592   -0.126511
-0.075154   -0.394756
-0.036419   -0.042665
-0.052079   -0.177701
-0.055781   -0.483612
-0.086471   -0.330545
-0.083784   -0.083847
-0.085132   -0.568312
-0.078636   0.000000
-0.077017   -0.599833
-0.075403   -0.919287
-0.072435   -0.558343
-0.071049   -0.691980
-0.059875   -0.518327
-0.058584   -0.403151
-0.057444   -0.311004
-0.053188   -0.291020
-0.046960   -0.395851
-0.042282   -0.269514
-0.180731   -0.394756
-0.085549   -0.001095
-0.132783   -0.517232
-0.144761   -0.289924
-0.190119   -0.402056
-0.202612   -0.268419
-0.195525   -0.309909
-0.204671   0.000000
-0.087943   -0.527480
-0.086259   -0.474939
-0.079170   -0.197670
-0.078226   -0.481770
-0.068482   -0.389806
-0.064017   -0.218536
-0.056809   -0.303669
-0.055146   -0.232064
-0.052822   -0.179523
-0.048963   -0.186353
-0.169118   -0.214409
-0.200287   -0.193544
-0.168174   -0.182227
-0.198302   -0.227938
-0.184484   -0.175397
-0.122286   -0.004126
-0.181938   -0.299543
-0.205443   0.000000
-0.096199   -0.461785
-0.095125   -0.327120
-0.090355   -0.623414
-0.087390   -0.809247
-0.079550   -0.677538
-0.078674   -0.195411
-0.078119   -0.135688
-0.070670   -0.305748
-0.061110   -0.144119
-0.057800   -0.330076
-0.207932   -0.129483
-0.129378   -0.006205
-0.197173   -0.323871
-0.214683   -0.189206
-0.219045   -0.671333
-0.190732   -0.137914
-0.204828   -0.299543
-0.208698   0.000000
-0.089702   -0.353138
-0.085385   -0.307768
-0.082448   -0.290885
-0.076021   -0.289109
-0.074958   -0.206069
-0.068280   -0.150392
-0.066938   -0.158924
-0.063491   -0.142040
-0.050900   -0.072281
-0.047595   -0.157097
-0.153329   -0.152971
-0.201588   -0.154797
-0.145896   -0.068155
-0.221075   -0.146266
-0.223192   -0.284983
-0.215878   -0.137914
-0.116321   -0.004126
-0.230091   0.000000
-0.093771   -0.659988
-0.085692   -1.155924
-0.078765   -0.383810
-0.071897   -0.486017
-0.071123   -0.769575
-0.069782   -0.715536
-0.069592   -0.541565
-0.062505   -0.176822
-0.056388   -0.672758
-0.055173   -0.286408
-0.187341   -0.540139
-0.204166   -0.382385
-0.178642   -0.484591
-0.117145   -0.001425
-0.199900   -0.284983
-0.209215   -0.671333
-0.214519   -0.175397
-0.214386   0.000000
-0.064996   -0.411638
-0.054528   -0.364216
-0.053709   -0.401734
-0.052467   -0.229363
-0.051538   -0.276785
-0.048823   -0.238053
-0.046631   -0.147691
-0.045451   -0.050272
-0.042631   -0.190631
-0.036692   -0.195113
-0.163813   -0.400309
-0.166171   -0.362791
-0.103068   -0.048847
-0.089336   -0.001425
-0.192577   -0.146266
-0.208642   -0.189206
-0.196185   -0.227938
-0.204596   0.000000
-0.058821   -0.392026
-0.050875   -0.372718
-0.049978   -0.533438
-0.046710   -0.666819
-0.040594   -0.231074
-0.038825   -0.552747
-0.037907   -0.495626
-0.036086   -0.101865
-0.031670   -0.059882
-0.020009   -0.117002
-0.124645   -0.011035
-0.159895   -0.090830
-0.100742   -0.048847
-0.124214   -0.484591
-0.153057   -0.068155
-0.201096   -0.323871
-0.157760   -0.182227
-0.194898   0.000000
-0.058614   -0.745176
-0.057698   -0.537182
-0.053653   -0.161003
-0.049407   -0.517588
-0.047000   -0.245627
-0.046695   -0.556335
-0.044835   -0.388590
-0.044397   -0.284374
-0.029306   -0.368996
-0.012506   -0.097035
-0.150864   -0.323226
-0.090111   -0.090830
-0.109106   -0.362791
-0.117404   -0.382385
-0.148069   -0.154797
-0.129390   -0.006205
-0.140620   -0.193544
-0.141043   0.000000
-0.079864   -0.411344
-0.078475   -0.551174
-0.077268   -0.282454
-0.077207   -0.553280
-0.067482   -0.476197
-0.065896   -0.693110
-0.064975   -0.164006
-0.064813   -0.334261
-0.062336   -0.225444
-0.045902   -0.140517
-0.195455   -0.323226
-0.099971   -0.011035
-0.171457   -0.400309
-0.185764   -0.540139
-0.151503   -0.152971
-0.193888   -0.129483
-0.180701   -0.214409
-0.218908   0.000000
-1.586417   -0.703733
-1.487534   -0.826701
-1.477191   -0.949832
-1.444755   -1.353851
-1.434417   -0.983095
-1.430869   -1.263195
-1.377791   -0.579075
-1.329228   -1.180626
-1.282639   -0.455945
-1.224853   -1.138537
-2.653174   -0.796736
-2.444802   -0.195185
-2.499506   -0.508548
-2.563561   -0.599205
-2.513671   -0.754647
-2.162119   -0.383890
-2.081631   -0.072055
-2.352801   0.000000
-1.163028   -0.372471
-1.158081   -0.493498
-1.067124   -0.511994
-0.959582   -0.215172
-0.910583   -0.415949
-0.903503   -0.240154
-0.881214   -0.642388
-0.825836   -0.486526
-0.749480   -0.119127
-0.678025   -0.397454
-2.275423   -0.570333
-2.142979   -0.047073
-2.103275   -0.325399
-2.228869   -0.414471
-2.314833   -0.343894
-1.877670   -0.168099
-1.404823   -0.072055
-2.241636   0.000000
-1.332015   -0.819669
-1.295495   -1.035459
-1.282171   -0.454651
-1.256041   -0.731177
-1.244180   -0.946968
-1.160010   -0.670442
-1.132813   -0.678944
-1.119335   -0.740034
-0.927995   -0.463154
-0.898558   -0.551989
-2.791008   -0.563078
-2.500783   -0.295054
-2.441521   -0.286552
-2.703676   -0.356144
-2.694206   -0.651569
-2.126306   -0.168099
-1.969583   -0.383890
-2.829187   0.000000
-1.152053   -0.652935
-1.151397   -1.037901
-1.098213   -0.627149
-1.051656   -0.934824
-0.969398   -0.438309
-0.941018   -0.289371
-0.853535   -0.226859
-0.847873   -0.657686
-0.820597   -0.350011
-0.575916   -0.760763
-2.216769   -0.432192
-2.979367   -0.220743
-1.756082   -0.283254
-1.285853   -0.006116
-2.955087   -0.651569
-2.722938   -0.343894
-2.983103   -0.754647
-2.999274   0.000000
-0.714013   -0.634913
-0.699869   -0.291376
-0.665527   -0.351193
-0.660897   -0.362261
-0.657282   -0.420588
-0.644189   -0.286799
-0.593911   -0.416011
-0.584951   -0.600744
-0.488353   -0.357684
-0.443552   -0.007656
-2.009022   -0.285260
-2.768196   -0.349653
-0.897504   -0.001540
-1.338642   -0.006116
-2.780235   -0.356144
-2.725064   -0.414471
-3.091202   -0.599205
-3.119159   0.000000
-0.721782   -0.569806
-0.668962   -0.326939
-0.666309   -0.284794
-0.607782   -0.510088
-0.487443   -0.284303
-0.410721   -0.288852
-0.373872   -0.288091
-0.223660   -0.006647
-0.188817   -0.007138
-0.161427   -0.002588
-1.507502   -0.001049
-2.410184   -0.005598
-0.947302   -0.001540
-1.678907   -0.283254
-2.422215   -0.286552
-2.612094   -0.325399
-2.950638   -0.508548
-2.918307   0.000000
-0.697333   -0.433839
-0.621060   -0.260169
-0.602285   -0.644707
-0.433741   -0.562749
-0.372746   -0.355251
-0.349059   -0.218694
-0.330445   -0.226341
-0.270793   -0.300652
-0.216538   -0.200783
-0.136559   -0.052671
-1.653551   -0.213096
-0.496966   -0.005598
-1.622250   -0.349653
-2.137353   -0.220743
-1.784484   -0.295054
-1.856023   -0.047073
-1.980629   -0.195185
-2.337070   0.000000
-0.850287   -0.995270
-0.721406   -0.848338
-0.437622   -0.645289
-0.409490   -0.498356
-0.322490   -0.214145
-0.291641   -0.564127
-0.286402   -0.797784
-0.277877   -0.571382
-0.271644   -0.286308
-0.256072   -0.433241
-2.043329   -0.213096
-0.418322   -0.001049
-1.530499   -0.285260
-2.033541   -0.432192
-2.290687   -0.563078
-2.377490   -0.570333
-2.809533   -0.796736
-2.746420   0.000000
-1.579968   -0.932948
-1.470157   -0.693748
-1.395870   -0.354443
-1.394052   -0.706845
-1.316369   -0.367539
-1.253980   -0.248595
-1.201845   -0.022492
-1.153262   -0.147948
-1.096922   -0.261692
-1.060756   -0.161044
-3.012964   -0.359336
-2.618774   -0.349745
-2.562975   -0.243897
-2.661105   -0.143250
-2.948562   -0.689050
-2.087171   -0.017794
-1.994861   -0.004698
-2.839796   0.000000
-1.222135   -0.321778
-1.133561   -0.555926
-1.097172   -0.354848
-0.998056   -0.188144
-0.920743   -0.299196
-0.780684   -0.266126
-0.745465   -0.132492
-0.737891   -0.204227
-0.706082   -0.114225
-0.566703   -0.065048
-2.401214   -0.199529
-2.221043   -0.127794
-2.271503   -0.109527
-2.178817   -0.060350
-2.401009   -0.261428
-2.164295   -0.294498
-1.472499   -0.004698
-2.419746   0.000000
-1.428171   -0.392260
-1.388744   -0.635296
-1.378714   -0.883988
-1.366135   -0.488930
-1.286362   -0.568897
-1.253056   -0.358593
-1.183225   -0.607284
-1.118812   -0.543817
-1.117221   -0.312292
-0.907005   -0.115556
-2.650694   -0.340798
-2.524656   -0.471135
-2.595709   -0.526023
-2.373514   -0.097762
-2.617172   -0.589490
-2.281087   -0.294498
-1.826232   -0.017794
-2.435710   0.000000
-1.174150   -1.026985
-1.044009   -1.166606
-0.990823   -1.067045
-0.990217   -0.738984
-0.979407   -0.680261
-0.929578   -0.664464
-0.920066   -0.464134
-0.894921   -0.891756
-0.820512   -0.792195
-0.768760   -0.640201
-2.104169   -0.437495
-2.223471   -0.461758
-1.726410   -0.477555
-1.487182   -0.202706
-2.327086   -0.589490
-2.285777   -0.261428
-2.521425   -0.689050
-2.295466   0.000000
-0.880253   -0.300467
-0.762248   -0.356061
-0.693823   -0.263056
-0.664312   -0.345956
-0.601653   -0.097184
-0.503378   -0.153447
-0.483490   -0.202797
-0.404960   -0.143341
-0.329451   -0.060441
-0.323791   -0.097853
-1.912430   -0.153355
-2.046899   -0.097093
-0.769097   -0.000091
-1.393715   -0.202706
-2.413355   -0.097762
-2.065960   -0.060350
-2.391253   -0.143250
-2.429446   0.000000
-0.688100   -0.721453
-0.622886   -0.110466
-0.542963   -0.013994
-0.491733   -0.478494
-0.432030   -0.477647
-0.411088   -0.109619
-0.399115   -0.013147
-0.318815   -0.001030
-0.293358   -0.243989
-0.260918   -0.526114
-1.387779   -0.000939
-1.789811   -0.013055
-0.609861   -0.000091
-1.499725   -0.477555
-2.218685   -0.526023
-2.130685   -0.109527
-2.186116   -0.243897
-2.238071   0.000000
-0.333688   -0.495358
-0.279937   -0.110148
-0.271296   -0.568228
-0.262373   -0.474813
-0.245703   -0.411320
-0.230272   -0.224887
-0.203041   -0.484191
-0.191576   -0.446838
-0.145291   -0.140849
-0.131682   -0.362800
-0.991966   -0.398265
-0.413624   -0.013055
-0.903551   -0.097093
-1.434202   -0.461758
-1.746737   -0.471135
-1.568191   -0.127794
-1.684305   -0.349745
-2.161581   0.000000
-0.489110   -0.551620
-0.434866   -0.352884
-0.394721   -0.399204
-0.347104   -0.494154
-0.320405   -0.512692
-0.309055   -0.200467
-0.305780   -0.154294
-0.270310   -0.360275
-0.260897   -0.341737
-0.198535   -0.438434
-1.238732   -0.398265
-0.476645   -0.000939
-0.933781   -0.153355
-1.542893   -0.437495
-1.818275   -0.340798
-1.849454   -0.199529
-1.891051   -0.359336
-1.928783   0.000000
-1.462044   -0.679840
-1.223590   -0.294617
-1.143850   -0.876459
-1.004128   -0.401011
-1.001493   -0.468713
-0.980824   -0.473332
-0.962472   -0.015787
-0.910129   -0.289997
-0.880281   -0.871840
-0.820830   -0.231519
-2.784563   -0.395427
-2.663705   -0.225936
-2.618547   -0.866256
-2.696342   -0.284414
-2.799840   -0.463129
-2.224046   -0.010204
-1.786414   -0.005584
-2.801055   0.000000
-1.436729   -0.653774
-1.421325   -0.523231
-1.360378   -0.744519
-1.263993   -0.321618
-1.212377   -0.564580
-1.211673   -0.189524
-1.195846   -0.614070
-1.152246   -0.410811
-1.127725   -0.344875
-0.884248   -0.254131
-2.728751   -0.183940
-2.522678   -0.608486
-2.750318   -0.405227
-2.636859   -0.248547
-2.715933   -0.339291
-2.428929   -0.316034
-1.849667   -0.005584
-2.690942   0.000000
-1.195096   -0.815257
-1.164613   -0.672043
-1.145355   -0.631315
-1.139893   -0.440934
-0.918987   -0.326237
-0.892399   -0.135856
-0.852257   -0.237460
-0.777596   -0.509426
-0.624861   -0.556595
-0.472007   -0.325485
-2.339327   -0.546391
-2.134280   -0.227257
-2.218205   -0.315282
-2.368401   -0.125652
-2.559635   -0.499223
-2.631419   -0.316034
-1.704287   -0.010204
-2.639735   0.000000
-1.204001   -0.724517
-1.157996   -0.938510
-1.094154   -0.719281
-1.062122   -0.627354
-1.057232   -0.600679
-0.996694   -0.289524
-0.967136   -0.838514
-0.961957   -0.148198
-0.928990   -0.367427
-0.802666   -0.527359
-2.376932   -0.120062
-2.200807   -0.599219
-2.152117   -0.261388
-1.823227   -0.028136
-2.252519   -0.499223
-2.255969   -0.339291
-2.676773   -0.463129
-2.764145   0.000000
-1.011973   -0.276682
-0.975189   -0.391049
-0.961612   -0.399950
-0.935904   -0.473163
-0.904331   -0.355182
-0.899028   -0.321450
-0.861041   -0.631925
-0.850857   -0.134771
-0.761863   -0.375647
-0.633386   -0.596058
-2.269088   -0.293315
-1.482858   -0.106635
-1.492454   -0.347511
-1.813391   -0.028136
-2.206787   -0.125652
-2.470506   -0.248547
-2.446030   -0.284414
-2.472315   0.000000
-0.984760   -0.262563
-0.962792   -0.406402
-0.667148   -0.347554
-0.658021   -0.405271
-0.626723   -0.662793
-0.578804   -0.261431
-0.484447   -0.866299
-0.476174   -0.348686
-0.258767   -0.315325
-0.097406   -0.001218
-1.821777   -0.001175
-0.895047   -0.000043
-1.747543   -0.347511
-2.347061   -0.261388
-1.830597   -0.315282
-2.675619   -0.405227
-2.807783   -0.866256
-2.808556   0.000000
-0.699489   -0.715121
-0.635758   -0.333892
-0.599506   -0.332571
-0.580275   -0.287433
-0.166762   -0.180842
-0.114204   -0.106678
-0.103807   -0.599262
-0.101422   -0.227300
-0.098780   -0.608529
-0.088625   -0.225979
-2.186313   -0.180798
-0.209888   -0.000043
-1.325469   -0.106635
-2.205151   -0.599219
-2.075421   -0.227257
-2.532403   -0.608486
-2.628721   -0.225936
-2.748886   0.000000
-0.638787   -0.666453
-0.545216   -0.730331
-0.496469   -0.839706
-0.424336   -0.727190
-0.276075   -0.547566
-0.231815   -0.396602
-0.223105   -0.181973
-0.211493   -0.294489
-0.187118   -0.185115
-0.183288   -0.121237
-1.177077   -0.180798
-0.369751   -0.001175
-1.648341   -0.293315
-1.626190   -0.120062
-1.232725   -0.546391
-1.779252   -0.183940
-1.732268   -0.395427
-1.857124   0.000000
-1.512011   -0.579316
-1.470688   -0.455189
-1.366244   -0.879262
-1.271582   -0.208914
-1.271493   -0.502006
-1.259620   -0.202059
-1.191705   -0.396693
-1.087706   -0.508861
-1.064297   -0.026291
-0.908499   -0.403548
-2.402929   -0.365952
-2.205727   -0.438616
-2.168318   -0.192341
-2.408180   -0.492288
-2.410311   -0.386975
-2.309556   -0.009718
-2.017678   -0.016573
-2.418463   0.000000
-1.590960   -0.511657
-1.539588   -0.546520
-1.532934   -0.909784
-1.502347   -0.331725
-1.411754   -0.406470
-1.387907   -0.138332
-1.380009   -0.293747
-1.348277   -0.353128
-1.217435   -0.589802
-1.161565   -0.226538
-2.288493   -0.277174
-1.953880   -0.389897
-2.106605   -0.336555
-2.492521   -0.573229
-2.590275   -0.209965
-2.428414   -0.121759
-1.813649   -0.016573
-2.454989   0.000000
-0.984149   -0.597517
-0.974331   -1.002838
-0.940984   -0.648840
-0.940074   -0.559363
-0.822149   -0.417262
-0.800096   -0.131478
-0.704974   -0.485476
-0.648556   -0.286075
-0.616962   -0.093324
-0.520452   -0.536799
-1.828359   -0.407544
-1.836418   -0.276357
-1.591541   -0.527080
-1.844044   -0.083605
-1.932900   -0.475757
-1.720101   -0.121759
-1.083024   -0.009718
-1.774356   0.000000
-1.376841   -0.596940
-1.366924   -0.792961
-1.325303   -0.556919
-1.286278   -0.886868
-1.259908   -0.984659
-1.162347   -0.532783
-1.135382   -0.355773
-1.126875   -0.621076
-1.081370   -0.798085
-1.023479   -0.621565
-2.135072   -0.647153
-1.792839   -0.597685
-1.700650   -0.411111
-1.586299   -0.145808
-2.459779   -0.475757
-2.431089   -0.209965
-2.421088   -0.386975
-2.432129   0.000000
-0.887527   -0.853652
-0.846742   -0.638096
-0.823346   -1.206407
-0.772544   -0.859927
-0.741147   -1.192968
-0.691533   -0.765547
-0.621772   -1.112027
-0.561806   -0.797724
-0.481139   -0.229413
-0.439819   -0.703345
-1.988481   -0.233912
-1.107301   -0.714119
-1.021776   -0.619739
-1.363765   -0.145808
-2.108000   -0.083605
-2.478600   -0.573229
-2.388907   -0.492288
-2.324140   0.000000
-0.428884   -1.030850
-0.322041   -0.812080
-0.262368   -0.620394
-0.212176   -1.146820
-0.198628   -0.619818
-0.180913   -0.336633
-0.176638   -0.411189
-0.108419   -0.527158
-0.080914   -0.192419
-0.068733   -0.000733
-1.404693   -0.000655
-0.222215   -0.000078
-0.801775   -0.619739
-1.174133   -0.411111
-1.856433   -0.527080
-2.045155   -0.336555
-1.916054   -0.192341
-1.897995   0.000000
-0.100451   -1.104016
-0.096273   -0.837710
-0.082338   -1.152735
-0.046010   -0.990476
-0.019772   -0.123669
-0.018024   -0.597763
-0.015416   -0.714197
-0.011718   -0.276435
-0.007950   -0.389976
-0.005592   -0.438695
-0.494853   -0.123591
-0.021656   -0.000078
-0.204568   -0.714119
-0.537388   -0.597685
-1.421095   -0.276357
-1.327709   -0.389897
-1.433247   -0.438616
-1.428129   0.000000
-0.116305   -0.400764
-0.107098   -0.641456
-0.103720   -0.531135
-0.089448   -0.489542
-0.035137   -0.124245
-0.033091   -0.647808
-0.032043   -0.408199
-0.030824   -0.234567
-0.029385   -0.366606
-0.018981   -0.277828
-0.140184   -0.123591
-0.041821   -0.000655
-0.274077   -0.233912
-0.542319   -0.647153
-1.277815   -0.407544
-1.109041   -0.277174
-1.258889   -0.365952
-1.288535   0.000000
-1.042151   -0.584322
-1.000909   -0.551379
-0.951367   -0.671488
-0.900048   -0.570106
-0.783801   -0.569119
-0.701733   -0.343659
-0.655561   -0.280545
-0.604792   -0.329443
-0.570336   -0.310716
-0.532727   -0.242277
-2.459450   -0.309909
-2.349143   -0.568312
-1.924401   -0.342852
-2.413209   -0.328636
-2.432677   -0.279738
-0.983101   -0.000807
-1.988067   -0.241470
-2.676903   0.000000
-1.324763   -0.509889
-1.324537   -0.508298
-1.283511   -0.463204
-1.254996   -0.347637
-1.250106   -0.540621
-1.121427   -0.458575
-1.078918   -0.325317
-1.056918   -0.278632
-0.927384   -0.493936
-0.767807   -0.397359
-2.668318   -0.268419
-1.906328   -0.083847
-2.501378   -0.313512
-2.405548   -0.299151
-2.341677   -0.263790
-2.184665   -0.194785
-2.121215   -0.241470
-2.723102   0.000000
-1.139359   -0.628271
-1.138488   -0.471267
-1.082493   -0.418935
-1.043500   -0.232567
-0.630880   -0.331352
-0.587143   -0.434293
-0.563936   -0.038588
-0.561580   -0.381961
-0.472469   -0.195592
-0.446595   -0.402863
-2.396900   -0.402056
-2.534172   -0.330545
-1.970004   -0.037781
-2.693280   -0.433486
-2.732236   -0.381154
-2.282932   -0.194785
-0.926243   -0.000807
-2.969041   0.000000
-1.369956   -0.533673
-1.254183   -0.350674
-1.253498   -0.624902
-1.245504   -0.671078
-1.189689   -0.507538
-1.162376   -0.340488
-1.055481   -0.644944
-0.933058   -0.441903
-0.919503   -0.324540
-0.753479   -0.553715
-2.228689   -0.289924
-2.225922   -0.483612
-2.301266   -0.243748
-1.908678   -0.060750
-2.618807   -0.381154
-2.456670   -0.263790
-2.729677   -0.279738
-2.694280   0.000000
-0.786018   -0.582163
-0.691224   -0.238451
-0.689468   -0.364082
-0.584233   -0.125681
-0.576754   -0.389386
-0.565900   -0.577981
-0.563922   -0.359900
-0.527880   -0.494235
-0.467614   -0.393568
-0.368833   -0.498417
-1.406806   -0.517232
-1.781980   -0.177701
-1.203971   -0.064931
-0.938049   -0.060750
-2.164045   -0.433486
-2.153892   -0.299151
-2.137458   -0.328636
-2.053092   0.000000
-0.563740   -0.038876
-0.554441   -0.107596
-0.525934   -0.314607
-0.511707   -0.343947
-0.416448   -0.244843
-0.326926   -0.586600
-0.314560   -0.043760
-0.251609   -0.281530
-0.240165   -0.407783
-0.219037   -0.102713
-1.173305   -0.001095
-1.296420   -0.042665
-1.126081   -0.064931
-1.181331   -0.243748
-1.546708   -0.037781
-2.016540   -0.313512
-1.630942   -0.342852
-2.001200   0.000000
-0.266943   -0.814156
-0.265276   -0.526276
-0.252355   -0.610977
-0.246552   -1.051924
-0.214816   -0.261548
-0.214532   -0.567459
-0.177846   -0.220366
-0.175097   -0.746014
-0.147933   -0.508246
-0.056057   -0.126511
-0.917428   -0.394756
-0.444581   -0.042665
-0.635751   -0.177701
-0.680933   -0.483612
-1.055575   -0.330545
-1.022778   -0.083847
-1.039235   -0.568312
-0.959934   0.000000
-0.940174   -0.599833
-0.920474   -0.919287
-0.884242   -0.558343
-0.867322   -0.691980
-0.730910   -0.518327
-0.715151   -0.403151
-0.701233   -0.311004
-0.649285   -0.291020
-0.573257   -0.395851
-0.516152   -0.269514
-2.206239   -0.394756
-1.044327   -0.001095
-1.620929   -0.517232
-1.767144   -0.289924
-2.320843   -0.402056
-2.473353   -0.268419
-2.386839   -0.309909
-2.498482   0.000000
-1.073546   -0.527480
-1.052992   -0.474939
-0.966459   -0.197670
-0.954930   -0.481770
-0.835986   -0.389806
-0.781474   -0.218536
-0.693484   -0.303669
-0.673186   -0.232064
-0.644810   -0.179523
-0.597711   -0.186353
-2.064476   -0.214409
-2.444966   -0.193544
-2.052949   -0.182227
-2.420738   -0.227938
-2.252051   -0.175397
-1.492786   -0.004126
-2.220979   -0.299543
-2.507911   0.000000
-1.174338   -0.461785
-1.161224   -0.327120
-1.102995   -0.623414
-1.066801   -0.809247
-0.971092   -0.677538
-0.960403   -0.195411
-0.953623   -0.135688
-0.862692   -0.305748
-0.745988   -0.144119
-0.705587   -0.330076
-2.538290   -0.129483
-1.579357   -0.006205
-2.406951   -0.323871
-2.620707   -0.189206
-2.673951   -0.671333
-2.328331   -0.137914
-2.500399   -0.299543
-2.547642   0.000000
-1.095021   -0.353138
-1.042322   -0.307768
-1.006469   -0.290885
-0.928010   -0.289109
-0.915040   -0.206069
-0.833521   -0.150392
-0.817130   -0.158924
-0.775050   -0.142040
-0.621353   -0.072281
-0.581011   -0.157097
-1.871738   -0.152971
-2.460853   -0.154797
-1.780998   -0.068155
-2.698734   -0.146266
-2.724577   -0.284983
-2.635290   -0.137914
-1.419971   -0.004126
-2.808800   0.000000
-1.144690   -0.659988
-1.046075   -1.155924
-0.961505   -0.383810
-0.877665   -0.486017
-0.868220   -0.769575
-0.851856   -0.715536
-0.849533   -0.541565
-0.763015   -0.176822
-0.688350   -0.672758
-0.673515   -0.286408
-2.286930   -0.540139
-2.492318   -0.382385
-2.180745   -0.484591
-1.430027   -0.001425
-2.440245   -0.284983
-2.553949   -0.671333
-2.618704   -0.175397
-2.617081   0.000000
-0.793423   -0.411638
-0.665646   -0.364216
-0.655640   -0.401734
-0.640481   -0.229363
-0.629144   -0.276785
-0.595997   -0.238053
-0.569243   -0.147691
-0.554830   -0.050272
-0.520414   -0.190631
-0.447914   -0.195113
-1.999724   -0.400309
-2.028502   -0.362791
-1.258179   -0.048847
-1.090559   -0.001425
-2.350851   -0.146266
-2.546956   -0.189206
-2.394890   -0.227938
-2.497575   0.000000
-0.718043   -0.392026
-0.621052   -0.372718
-0.610098   -0.533438
-0.570210   -0.666819
-0.495550   -0.231074
-0.473951   -0.552747
-0.462741   -0.495626
-0.440509   -0.101865
-0.386607   -0.059882
-0.244261   -0.117002
-1.521584   -0.011035
-1.951895   -0.090830
-1.229792   -0.048847
-1.516326   -0.484591
-1.868413   -0.068155
-2.454849   -0.323871
-1.925833   -0.182227
-2.379184   0.000000
-0.715520   -0.745176
-0.704335   -0.537182
-0.654957   -0.161003
-0.603133   -0.517588
-0.573743   -0.245627
-0.570016   -0.556335
-0.547312   -0.388590
-0.541963   -0.284374
-0.357747   -0.368996
-0.152660   -0.097035
-1.841640   -0.323226
-1.100010   -0.090830
-1.331889   -0.362791
-1.433192   -0.382385
-1.807524   -0.154797
-1.579500   -0.006205
-1.716598   -0.193544
-1.721754   0.000000
-0.974921   -0.411344
-0.957969   -0.551174
-0.943231   -0.282454
-0.942486   -0.553280
-0.823780   -0.476197
-0.804408   -0.693110
-0.793171   -0.164006
-0.791196   -0.334261
-0.760953   -0.225444
-0.560339   -0.140517
-2.385988   -0.323226
-1.220376   -0.011035
-2.093036   -0.400309
-2.267682   -0.540139
-1.849442   -0.152971
-2.366859   -0.129483
-2.205874   -0.214409
-2.672283   0.000000
-0.886426   -0.703733
-0.831174   -0.826701
-0.825395   -0.949832
-0.807271   -1.353851
-0.801494   -0.983095
-0.799512   -1.263195
-0.769854   -0.579075
-0.742719   -1.180626
-0.716687   -0.455945
-0.684399   -1.138537
-1.482487   -0.796736
-1.366057   -0.195185
-1.396623   -0.508548
-1.432415   -0.599205
-1.404538   -0.754647
-1.208105   -0.383890
-1.163132   -0.072055
-1.314651   0.000000
-0.649853   -0.372471
-0.647089   -0.493498
-0.596266   -0.511994
-0.536176   -0.215172
-0.508797   -0.415949
-0.504841   -0.240154
-0.492387   -0.642388
-0.461444   -0.486526
-0.418779   -0.119127
-0.378853   -0.397454
-1.271415   -0.570333
-1.197410   -0.047073
-1.175225   -0.325399
-1.245402   -0.414471
-1.293436   -0.343894
-1.049167   -0.168099
-0.784959   -0.072055
-1.252536   0.000000
-0.744276   -0.819669
-0.723871   -1.035459
-0.716425   -0.454651
-0.701825   -0.731177
-0.695198   -0.946968
-0.648167   -0.670442
-0.632970   -0.678944
-0.625439   -0.740034
-0.518526   -0.463154
-0.502078   -0.551989
-1.559503   -0.563078
-1.397337   -0.295054
-1.364223   -0.286552
-1.510705   -0.356144
-1.505414   -0.651569
-1.188094   -0.168099
-1.100524   -0.383890
-1.580836   0.000000
-0.643721   -0.652935
-0.643354   -1.037901
-0.613637   -0.627149
-0.587623   -0.934824
-0.541661   -0.438309
-0.525803   -0.289371
-0.476921   -0.226859
-0.473757   -0.657686
-0.458517   -0.350011
-0.321799   -0.760763
-1.238641   -0.432192
-1.664750   -0.220743
-0.981228   -0.283254
-0.718483   -0.006116
-1.651184   -0.651569
-1.521468   -0.343894
-1.666838   -0.754647
-1.675873   0.000000
-0.398962   -0.634913
-0.391059   -0.291376
-0.371870   -0.351193
-0.369283   -0.362261
-0.367263   -0.420588
-0.359947   -0.286799
-0.331853   -0.416011
-0.326847   -0.600744
-0.272872   -0.357684
-0.247839   -0.007656
-1.122561   -0.285260
-1.546757   -0.349653
-0.501489   -0.001540
-0.747980   -0.006116
-1.553483   -0.356144
-1.522656   -0.414471
-1.727239   -0.599205
-1.742861   0.000000
-0.403303   -0.569806
-0.373789   -0.326939
-0.372307   -0.284794
-0.339604   -0.510088
-0.272363   -0.284303
-0.229494   -0.288852
-0.208905   -0.288091
-0.124972   -0.006647
-0.105504   -0.007138
-0.090199   -0.002588
-0.842331   -0.001049
-1.346714   -0.005598
-0.529314   -0.001540
-0.938105   -0.283254
-1.353436   -0.286552
-1.459533   -0.325399
-1.648698   -0.508548
-1.630632   0.000000
-0.389642   -0.433839
-0.347023   -0.260169
-0.336532   -0.644707
-0.242357   -0.562749
-0.208276   -0.355251
-0.195040   -0.218694
-0.184639   -0.226341
-0.151308   -0.300652
-0.120993   -0.200783
-0.076304   -0.052671
-0.923938   -0.213096
-0.277685   -0.005598
-0.906448   -0.349653
-1.194267   -0.220743
-0.997098   -0.295054
-1.037071   -0.047073
-1.106696   -0.195185
-1.305861   0.000000
-0.475106   -0.995270
-0.403093   -0.848338
-0.244525   -0.645289
-0.228806   -0.498356
-0.180195   -0.214145
-0.162957   -0.564127
-0.160030   -0.797784
-0.155267   -0.571382
-0.151784   -0.286308
-0.143083   -0.433241
-1.141730   -0.213096
-0.233741   -0.001049
-0.855181   -0.285260
-1.136261   -0.432192
-1.279944   -0.563078
-1.328446   -0.570333
-1.569854   -0.796736
-1.534589   0.000000
-0.886426   -0.703733
-0.831174   -0.826701
-0.825395   -0.949832
-0.807271   -1.353851
-0.801494   -0.983095
-0.799512   -1.263195
-0.769854   -0.579075
-0.742719   -1.180626
-0.716687   -0.455945
-0.684399   -1.138537
-1.482487   -0.796736
-1.366057   -0.195185
-1.396623   -0.508548
-1.432415   -0.599205
-1.404538   -0.754647
-1.208105   -0.383890
-1.163132   -0.072055
-1.314651   0.000000
-0.649853   -0.372471
-0.647089   -0.493498
-0.596266   -0.511994
-0.536176   -0.215172
-0.508797   -0.415949
-0.504841   -0.240154
-0.492387   -0.642388
-0.461444   -0.486526
-0.418779   -0.119127
-0.378853   -0.397454
-1.271415   -0.570333
-1.197410   -0.047073
-1.175225   -0.325399
-1.245402   -0.414471
-1.293436   -0.343894
-1.049167   -0.168099
-0.784959   -0.072055
-1.252536   0.000000
-0.744276   -0.819669
-0.723871   -1.035459
-0.716425   -0.454651
-0.701825   -0.731177
-0.695198   -0.946968
-0.648167   -0.670442
-0.632970   -0.678944
-0.625439   -0.740034
-0.518526   -0.463154
-0.502078   -0.551989
-1.559503   -0.563078
-1.397337   -0.295054
-1.364223   -0.286552
-1.510705   -0.356144
-1.505414   -0.651569
-1.188094   -0.168099
-1.100524   -0.383890
-1.580836   0.000000
-0.643721   -0.652935
-0.643354   -1.037901
-0.613637   -0.627149
-0.587623   -0.934824
-0.541661   -0.438309
-0.525803   -0.289371
-0.476921   -0.226859
-0.473757   -0.657686
-0.458517   -0.350011
-0.321799   -0.760763
-1.238641   -0.432192
-1.664750   -0.220743
-0.981228   -0.283254
-0.718483   -0.006116
-1.651184   -0.651569
-1.521468   -0.343894
-1.666838   -0.754647
-1.675873   0.000000
-0.398962   -0.634913
-0.391059   -0.291376
-0.371870   -0.351193
-0.369283   -0.362261
-0.367263   -0.420588
-0.359947   -0.286799
-0.331853   -0.416011
-0.326847   -0.600744
-0.272872   -0.357684
-0.247839   -0.007656
-1.122561   -0.285260
-1.546757   -0.349653
-0.501489   -0.001540
-0.747980   -0.006116
-1.553483   -0.356144
-1.522656   -0.414471
-1.727239   -0.599205
-1.742861   0.000000
-0.403303   -0.569806
-0.373789   -0.326939
-0.372307   -0.284794
-0.339604   -0.510088
-0.272363   -0.284303
-0.229494   -0.288852
-0.208905   -0.288091
-0.124972   -0.006647
-0.105504   -0.007138
-0.090199   -0.002588
-0.842331   -0.001049
-1.346714   -0.005598
-0.529314   -0.001540
-0.938105   -0.283254
-1.353436   -0.286552
-1.459533   -0.325399
-1.648698   -0.508548
-1.630632   0.000000
-0.389642   -0.433839
-0.347023   -0.260169
-0.336532   -0.644707
-0.242357   -0.562749
-0.208276   -0.355251
-0.195040   -0.218694
-0.184639   -0.226341
-0.151308   -0.300652
-0.120993   -0.200783
-0.076304   -0.052671
-0.923938   -0.213096
-0.277685   -0.005598
-0.906448   -0.349653
-1.194267   -0.220743
-0.997098   -0.295054
-1.037071   -0.047073
-1.106696   -0.195185
-1.305861   0.000000
-0.475106   -0.995270
-0.403093   -0.848338
-0.244525   -0.645289
-0.228806   -0.498356
-0.180195   -0.214145
-0.162957   -0.564127
-0.160030   -0.797784
-0.155267   -0.571382
-0.151784   -0.286308
-0.143083   -0.433241
-1.141730   -0.213096
-0.233741   -0.001049
-0.855181   -0.285260
-1.136261   -0.432192
-1.279944   -0.563078
-1.328446   -0.570333
-1.569854   -0.796736
-1.534589   0.000000
-0.886426   -0.703733
-0.831174   -0.826701
-0.825395   -0.949832
-0.807271   -1.353851
-0.801494   -0.983095
-0.799512   -1.263195
-0.769854   -0.579075
-0.742719   -1.180626
-0.716687   -0.455945
-0.684399   -1.138537
-1.482487   -0.796736
-1.366057   -0.195185
-1.396623   -0.508548
-1.432415   -0.599205
-1.404538   -0.754647
-1.208105   -0.383890
-1.163132   -0.072055
-1.314651   0.000000
-0.649853   -0.372471
-0.647089   -0.493498
-0.596266   -0.511994
-0.536176   -0.215172
-0.508797   -0.415949
-0.504841   -0.240154
-0.492387   -0.642388
-0.461444   -0.486526
-0.418779   -0.119127
-0.378853   -0.397454
-1.271415   -0.570333
-1.197410   -0.047073
-1.175225   -0.325399
-1.245402   -0.414471
-1.293436   -0.343894
-1.049167   -0.168099
-0.784959   -0.072055
-1.252536   0.000000
-0.744276   -0.819669
-0.723871   -1.035459
-0.716425   -0.454651
-0.701825   -0.731177
-0.695198   -0.946968
-0.648167   -0.670442
-0.632970   -0.678944
-0.625439   -0.740034
-0.518526   -0.463154
-0.502078   -0.551989
-1.559503   -0.563078
-1.397337   -0.295054
-1.364223   -0.286552
-1.510705   -0.356144
-1.505414   -0.651569
-1.188094   -0.168099
-1.100524   -0.383890
-1.580836   0.000000
-0.643721   -0.652935
-0.643354   -1.037901
-0.613637   -0.627149
-0.587623   -0.934824
-0.541661   -0.438309
-0.525803   -0.289371
-0.476921   -0.226859
-0.473757   -0.657686
-0.458517   -0.350011
-0.321799   -0.760763
-1.238641   -0.432192
-1.664750   -0.220743
-0.981228   -0.283254
-0.718483   -0.006116
-1.651184   -0.651569
-1.521468   -0.343894
-1.666838   -0.754647
-1.675873   0.000000
-0.398962   -0.634913
-0.391059   -0.291376
-0.371870   -0.351193
-0.369283   -0.362261
-0.367263   -0.420588
-0.359947   -0.286799
-0.331853   -0.416011
-0.326847   -0.600744
-0.272872   -0.357684
-0.247839   -0.007656
-1.122561   -0.285260
-1.546757   -0.349653
-0.501489   -0.001540
-0.747980   -0.006116
-1.553483   -0.356144
-1.522656   -0.414471
-1.727239   -0.599205
-1.742861   0.000000
-0.403303   -0.569806
-0.373789   -0.326939
-0.372307   -0.284794
-0.339604   -0.510088
-0.272363   -0.284303
-0.229494   -0.288852
-0.208905   -0.288091
-0.124972   -0.006647
-0.105504   -0.007138
-0.090199   -0.002588
-0.842331   -0.001049
-1.346714   -0.005598
-0.529314   -0.001540
-0.938105   -0.283254
-1.353436   -0.286552
-1.459533   -0.325399
-1.648698   -0.508548
-1.630632   0.000000
-0.389642   -0.433839
-0.347023   -0.260169
-0.336532   -0.644707
-0.242357   -0.562749
-0.208276   -0.355251
-0.195040   -0.218694
-0.184639   -0.226341
-0.151308   -0.300652
-0.120993   -0.200783
-0.076304   -0.052671
-0.923938   -0.213096
-0.277685   -0.005598
-0.906448   -0.349653
-1.194267   -0.220743
-0.997098   -0.295054
-1.037071   -0.047073
-1.106696   -0.195185
-1.305861   0.000000
-0.475106   -0.995270
-0.403093   -0.848338
-0.244525   -0.645289
-0.228806   -0.498356
-0.180195   -0.214145
-0.162957   -0.564127
-0.160030   -0.797784
-0.155267   -0.571382
-0.151784   -0.286308
-0.143083   -0.433241
-1.141730   -0.213096
-0.233741   -0.001049
-0.855181   -0.285260
-1.136261   -0.432192
-1.279944   -0.563078
-1.328446   -0.570333
-1.569854   -0.796736
-1.534589   0.000000
-0.886426   -0.703733
-0.831174   -0.826701
-0.825395   -0.949832
-0.807271   -1.353851
-0.801494   -0.983095
-0.799512   -1.263195
-0.769854   -0.579075
-0.742719   -1.180626
-0.716687   -0.455945
-0.684399   -1.138537
-1.482487   -0.796736
-1.366057   -0.195185
-1.396623   -0.508548
-1.432415   -0.599205
-1.404538   -0.754647
-1.208105   -0.383890
-1.163132   -0.072055
-1.314651   0.000000
-0.649853   -0.372471
-0.647089   -0.493498
-0.596266   -0.511994
-0.536176   -0.215172
-0.508797   -0.415949
-0.504841   -0.240154
-0.492387   -0.642388
-0.461444   -0.486526
-0.418779   -0.119127
-0.378853   -0.397454
-1.271415   -0.570333
-1.197410   -0.047073
-1.175225   -0.325399
-1.245402   -0.414471
-1.293436   -0.343894
-1.049167   -0.168099
-0.784959   -0.072055
-1.252536   0.000000
-0.744276   -0.819669
-0.723871   -1.035459
-0.716425   -0.454651
-0.701825   -0.731177
-0.695198   -0.946968
-0.648167   -0.670442
-0.632970   -0.678944
-0.625439   -0.740034
-0.518526   -0.463154
-0.502078   -0.551989
-1.559503   -0.563078
-1.397337   -0.295054
-1.364223   -0.286552
-1.510705   -0.356144
-1.505414   -0.651569
-1.188094   -0.168099
-1.100524   -0.383890
-1.580836   0.000000
-0.643721   -0.652935
-0.643354   -1.037901
-0.613637   -0.627149
-0.587623   -0.934824
-0.541661   -0.438309
-0.525803   -0.289371
-0.476921   -0.226859
-0.473757   -0.657686
-0.458517   -0.350011
-0.321799   -0.760763
-1.238641   -0.432192
-1.664750   -0.220743
-0.981228   -0.283254
-0.718483   -0.006116
-1.651184   -0.651569
-1.521468   -0.343894
-1.666838   -0.754647
-1.675873   0.000000
-0.398962   -0.634913
-0.391059   -0.291376
-0.371870   -0.351193
-0.369283   -0.362261
-0.367263   -0.420588
-0.359947   -0.286799
-0.331853   -0.416011
-0.326847   -0.600744
-0.272872   -0.357684
-0.247839   -0.007656
-1.122561   -0.285260
-1.546757   -0.349653
-0.501489   -0.001540
-0.747980   -0.006116
-1.553483   -0.356144
-1.522656   -0.414471
-1.727239   -0.599205
-1.742861   0.000000
-0.403303   -0.569806
-0.373789   -0.326939
-0.372307   -0.284794
-0.339604   -0.510088
-0.272363   -0.284303
-0.229494   -0.288852
-0.208905   -0.288091
-0.124972   -0.006647
-0.105504   -0.007138
-0.090199   -0.002588
-0.842331   -0.001049
-1.346714   -0.005598
-0.529314   -0.001540
-0.938105   -0.283254
-1.353436   -0.286552
-1.459533   -0.325399
-1.648698   -0.508548
-1.630632   0.000000
-0.389642   -0.433839
-0.347023   -0.260169
-0.336532   -0.644707
-0.242357   -0.562749
-0.208276   -0.355251
-0.195040   -0.218694
-0.184639   -0.226341
-0.151308   -0.300652
-0.120993   -0.200783
-0.076304   -0.052671
-0.923938   -0.213096
-0.277685   -0.005598
-0.906448   -0.349653
-1.194267   -0.220743
-0.997098   -0.295054
-1.037071   -0.047073
-1.106696   -0.195185
-1.305861   0.000000
-0.475106   -0.995270
-0.403093   -0.848338
-0.244525   -0.645289
-0.228806   -0.498356
-0.180195   -0.214145
-0.162957   -0.564127
-0.160030   -0.797784
-0.155267   -0.571382
-0.151784   -0.286308
-0.143083   -0.433241
-1.141730   -0.213096
-0.233741   -0.001049
-0.855181   -0.285260
-1.136261   -0.432192
-1.279944   -0.563078
-1.328446   -0.570333
-1.569854   -0.796736
-1.534589   0.000000
-0.886426   -0.703733
-0.831174   -0.826701
-0.825395   -0.949832
-0.807271   -1.353851
-0.801494   -0.983095
-0.799512   -1.263195
-0.769854   -0.579075
-0.742719   -1.180626
-0.716687   -0.455945
-0.684399   -1.138537
-1.482487   -0.796736
-1.366057   -0.195185
-1.396623   -0.508548
-1.432415   -0.599205
-1.404538   -0.754647
-1.208105   -0.383890
-1.163132   -0.072055
-1.314651   0.000000
-0.649853   -0.372471
-0.647089   -0.493498
-0.596266   -0.511994
-0.536176   -0.215172
-0.508797   -0.415949
-0.504841   -0.240154
-0.492387   -0.642388
-0.461444   -0.486526
-0.418779   -0.119127
-0.378853   -0.397454
-1.271415   -0.570333
-1.197410   -0.047073
-1.175225   -0.325399
-1.245402   -0.414471
-1.293436   -0.343894
-1.049167   -0.168099
-0.784959   -0.072055
-1.252536   0.000000
-0.744276   -0.819669
-0.723871   -1.035459
-0.716425   -0.454651
-0.701825   -0.731177
-0.695198   -0.946968
-0.648167   -0.670442
-0.632970   -0.678944
-0.625439   -0.740034
-0.518526   -0.463154
-0.502078   -0.551989
-1.559503   -0.563078
-1.397337   -0.295054
-1.364223   -0.286552
-1.510705   -0.356144
-1.505414   -0.651569
-1.188094   -0.168099
-1.100524   -0.383890
-1.580836   0.000000
-0.643721   -0.652935
-0.643354   -1.037901
-0.613637   -0.627149
-0.587623   -0.934824
-0.541661   -0.438309
-0.525803   -0.289371
-0.476921   -0.226859
-0.473757   -0.657686
-0.458517   -0.350011
-0.321799   -0.760763
-1.238641   -0.432192
-1.664750   -0.220743
-0.981228   -0.283254
-0.718483   -0.006116
-1.651184   -0.651569
-1.521468   -0.343894
-1.666838   -0.754647
-1.675873   0.000000
-0.398962   -0.634913
-0.391059   -0.291376
-0.371870   -0.351193
-0.369283   -0.362261
-0.367263   -0.420588
-0.359947   -0.286799
-0.331853   -0.416011
-0.326847   -0.600744
-0.272872   -0.357684
-0.247839   -0.007656
-1.122561   -0.285260
-1.546757   -0.349653
-0.501489   -0.001540
-0.747980   -0.006116
-1.553483   -0.356144
-1.522656   -0.414471
-1.727239   -0.599205
-1.742861   0.000000
-0.403303   -0.569806
-0.373789   -0.326939
-0.372307   -0.284794
-0.339604   -0.510088
-0.272363   -0.284303
-0.229494   -0.288852
-0.208905   -0.288091
-0.124972   -0.006647
-0.105504   -0.007138
-0.090199   -0.002588
-0.842331   -0.001049
-1.346714   -0.005598
-0.529314   -0.001540
-0.938105   -0.283254
-1.353436   -0.286552
-1.459533   -0.325399
-1.648698   -0.508548
-1.630632   0.000000
-0.389642   -0.433839
-0.347023   -0.260169
-0.336532   -0.644707
-0.242357   -0.562749
-0.208276   -0.355251
-0.195040   -0.218694
-0.184639   -0.226341
-0.151308   -0.300652
-0.120993   -0.200783
-0.076304   -0.052671
-0.923938   -0.213096
-0.277685   -0.005598
-0.906448   -0.349653
-1.194267   -0.220743
-0.997098   -0.295054
-1.037071   -0.047073
-1.106696   -0.195185
-1.305861   0.000000
-0.475106   -0.995270
-0.403093   -0.848338
-0.244525   -0.645289
-0.228806   -0.498356
-0.180195   -0.214145
-0.162957   -0.564127
-0.160030   -0.797784
-0.155267   -0.571382
-0.151784   -0.286308
-0.143083   -0.433241
-1.141730   -0.213096
-0.233741   -0.001049
-0.855181   -0.285260
-1.136261   -0.432192
-1.279944   -0.563078
-1.328446   -0.570333
-1.569854   -0.796736
-1.534589   0.000000
-0.886426   -0.703733
-0.831174   -0.826701
-0.825395   -0.949832
-0.807271   -1.353851
-0.801494   -0.983095
-0.799512   -1.263195
-0.769854   -0.579075
-0.742719   -1.180626
-0.716687   -0.455945
-0.684399   -1.138537
-1.482487   -0.796736
-1.366057   -0.195185
-1.396623   -0.508548
-1.432415   -0.599205
-1.404538   -0.754647
-1.208105   -0.383890
-1.163132   -0.072055
-1.314651   0.000000
-0.649853   -0.372471
-0.647089   -0.493498
-0.596266   -0.511994
-0.536176   -0.215172
-0.508797   -0.415949
-0.504841   -0.240154
-0.492387   -0.642388
-0.461444   -0.486526
-0.418779   -0.119127
-0.378853   -0.397454
-1.271415   -0.570333
-1.197410   -0.047073
-1.175225   -0.325399
-1.245402   -0.414471
-1.293436   -0.343894
-1.049167   -0.168099
-0.784959   -0.072055
-1.252536   0.000000
-0.744276   -0.819669
-0.723871   -1.035459
-0.716425   -0.454651
-0.701825   -0.731177
-0.695198   -0.946968
-0.648167   -0.670442
-0.632970   -0.678944
-0.625439   -0.740034
-0.518526   -0.463154
-0.502078   -0.551989
-1.559503   -0.563078
-1.397337   -0.295054
-1.364223   -0.286552
-1.510705   -0.356144
-1.505414   -0.651569
-1.188094   -0.168099
-1.100524   -0.383890
-1.580836   0.000000
-0.643721   -0.652935
-0.643354   -1.037901
-0.613637   -0.627149
-0.587623   -0.934824
-0.541661   -0.438309
-0.525803   -0.289371
-0.476921   -0.226859
-0.473757   -0.657686
-0.458517   -0.350011
-0.321799   -0.760763
-1.238641   -0.432192
-1.664750   -0.220743
-0.981228   -0.283254
-0.718483   -0.006116
-1.651184   -0.651569
-1.521468   -0.343894
-1.666838   -0.754647
-1.675873   0.000000
-0.398962   -0.634913
-0.391059   -0.291376
-0.371870   -0.351193
-0.369283   -0.362261
-0.367263   -0.420588
-0.359947   -0.286799
-0.331853   -0.416011
-0.326847   -0.600744
-0.272872   -0.357684
-0.247839   -0.007656
-1.122561   -0.285260
-1.546757   -0.349653
-0.501489   -0.001540
-0.747980   -0.006116
-1.553483   -0.356144
-1.522656   -0.414471
-1.727239   -0.599205
-1.742861   0.000000
-0.403303   -0.569806
-0.373789   -0.326939
-0.372307   -0.284794
-0.339604   -0.510088
-0.272363   -0.284303
-0.229494   -0.288852
-0.208905   -0.288091
-0.124972   -0.006647
-0.105504   -0.007138
-0.090199   -0.002588
-0.842331   -0.001049
-1.346714   -0.005598
-0.529314   -0.001540
-0.938105   -0.283254
-1.353436   -0.286552
-1.459533   -0.325399
-1.648698   -0.508548
-1.630632   0.000000
-0.389642   -0.433839
-0.347023   -0.260169
-0.336532   -0.644707
-0.242357   -0.562749
-0.208276   -0.355251
-0.195040   -0.218694
-0.184639   -0.226341
-0.151308   -0.300652
-0.120993   -0.200783
-0.076304   -0.052671
-0.923938   -0.213096
-0.277685   -0.005598
-0.906448   -0.349653
-1.194267   -0.220743
-0.997098   -0.295054
-1.037071   -0.047073
-1.106696   -0.195185
-1.305861   0.000000
-0.475106   -0.995270
-0.403093   -0.848338
-0.244525   -0.645289
-0.228806   -0.498356
-0.180195   -0.214145
-0.162957   -0.564127
-0.160030   -0.797784
-0.155267   -0.571382
-0.151784   -0.286308
-0.143083   -0.433241
-1.141730   -0.213096
-0.233741   -0.001049
-0.855181   -0.285260
-1.136261   -0.432192
-1.279944   -0.563078
-1.328446   -0.570333
-1.569854   -0.796736
-1.534589   0.000000
-0.886426   -0.703733
-0.831174   -0.826701
-0.825395   -0.949832
-0.807271   -1.353851
-0.801494   -0.983095
-0.799512   -1.263195
-0.769854   -0.579075
-0.742719   -1.180626
-0.716687   -0.455945
-0.684399   -1.138537
-1.482487   -0.796736
-1.366057   -0.195185
-1.396623   -0.508548
-1.432415   -0.599205
-1.404538   -0.754647
-1.208105   -0.383890
-1.163132   -0.072055
-1.314651   0.000000
-0.649853   -0.372471
-0.647089   -0.493498
-0.596266   -0.511994
-0.536176   -0.215172
-0.508797   -0.415949
-0.504841   -0.240154
-0.492387   -0.642388
-0.461444   -0.486526
-0.418779   -0.119127
-0.378853   -0.397454
-1.271415   -0.570333
-1.197410   -0.047073
-1.175225   -0.325399
-1.245402   -0.414471
-1.293436   -0.343894
-1.049167   -0.168099
-0.784959   -0.072055
-1.252536   0.000000
-0.744276   -0.819669
-0.723871   -1.035459
-0.716425   -0.454651
-0.701825   -0.731177
-0.695198   -0.946968
-0.648167   -0.670442
-0.632970   -0.678944
-0.625439   -0.740034
-0.518526   -0.463154
-0.502078   -0.551989
-1.559503   -0.563078
-1.397337   -0.295054
-1.364223   -0.286552
-1.510705   -0.356144
-1.505414   -0.651569
-1.188094   -0.168099
-1.100524   -0.383890
-1.580836   0.000000
-0.643721   -0.652935
-0.643354   -1.037901
-0.613637   -0.627149
-0.587623   -0.934824
-0.541661   -0.438309
-0.525803   -0.289371
-0.476921   -0.226859
-0.473757   -0.657686
-0.458517   -0.350011
-0.321799   -0.760763
-1.238641   -0.432192
-1.664750   -0.220743
-0.981228   -0.283254
-0.718483   -0.006116
-1.651184   -0.651569
-1.521468   -0.343894
-1.666838   -0.754647
-1.675873   0.000000
-0.398962   -0.634913
-0.391059   -0.291376
-0.371870   -0.351193
-0.369283   -0.362261
-0.367263   -0.420588
-0.359947   -0.286799
-0.331853   -0.416011
-0.326847   -0.600744
-0.272872   -0.357684
-0.247839   -0.007656
-1.122561   -0.285260
-1.546757   -0.349653
-0.501489   -0.001540
-0.747980   -0.006116
-1.553483   -0.356144
-1.522656   -0.414471
-1.727239   -0.599205
-1.742861   0.000000
-0.403303   -0.569806
-0.373789   -0.326939
-0.372307   -0.284794
-0.339604   -0.510088
-0.272363   -0.284303
-0.229494   -0.288852
-0.208905   -0.288091
-0.124972   -0.006647
-0.105504   -0.007138
-0.090199   -0.002588
-0.842331   -0.001049
-1.346714   -0.005598
-0.529314   -0.001540
-0.938105   -0.283254
-1.353436   -0.286552
-1.459533   -0.325399
-1.648698   -0.508548
-1.630632   0.000000
-0.389642   -0.433839
-0.347023   -0.260169
-0.336532   -0.644707
-0.242357   -0.562749
-0.208276   -0.355251
-0.195040   -0.218694
-0.184639   -0.226341
-0.151308   -0.300652
-0.120993   -0.200783
-0.076304   -0.052671
-0.923938   -0.213096
-0.277685   -0.005598
-0.906448   -0.349653
-1.194267   -0.220743
-0.997098   -0.295054
-1.037071   -0.047073
-1.106696   -0.195185
-1.305861   0.000000
-0.475106   -0.995270
-0.403093   -0.848338
-0.244525   -0.645289
-0.228806   -0.498356
-0.180195   -0.214145
-0.162957   -0.564127
-0.160030   -0.797784
-0.155267   -0.571382
-0.151784   -0.286308
-0.143083   -0.433241
-1.141730   -0.213096
-0.233741   -0.001049
-0.855181   -0.285260
-1.136261   -0.432192
-1.279944   -0.563078
-1.328446   -0.570333
-1.569854   -0.796736
-1.534589   0.000000
-0.886426   -0.703733
-0.831174   -0.826701
-0.825395   -0.949832
-0.807271   -1.353851
-0.801494   -0.983095
-0.799512   -1.263195
-0.769854   -0.579075
-0.742719   -1.180626
-0.716687   -0.455945
-0.684399   -1.138537
-1.482487   -0.796736
-1.366057   -0.195185
-1.396623   -0.508548
-1.432415   -0.599205
-1.404538   -0.754647
-1.208105   -0.383890
-1.163132   -0.072055
-1.314651   0.000000
-0.649853   -0.372471
-0.647089   -0.493498
-0.596266   -0.511994
-0.536176   -0.215172
-0.508797   -0.415949
-0.504841   -0.240154
-0.492387   -0.642388
-0.461444   -0.486526
-0.418779   -0.119127
-0.378853   -0.397454
-1.271415   -0.570333
-1.197410   -0.047073
-1.175225   -0.325399
-1.245402   -0.414471
-1.293436   -0.343894
-1.049167   -0.168099
-0.784959   -0.072055
-1.252536   0.000000
-0.744276   -0.819669
-0.723871   -1.035459
-0.716425   -0.454651
-0.701825   -0.731177
-0.695198   -0.946968
-0.648167   -0.670442
-0.632970   -0.678944
-0.625439   -0.740034
-0.518526   -0.463154
-0.502078   -0.551989
-1.559503   -0.563078
-1.397337   -0.295054
-1.364223   -0.286552
-1.510705   -0.356144
-1.505414   -0.651569
-1.188094   -0.168099
-1.100524   -0.383890
-1.580836   0.000000
-0.643721   -0.652935
-0.643354   -1.037901
-0.613637   -0.627149
-0.587623   -0.934824
-0.541661   -0.438309
-0.525803   -0.289371
-0.476921   -0.226859
-0.473757   -0.657686
-0.458517   -0.350011
-0.321799   -0.760763
-1.238641   -0.432192
-1.664750   -0.220743
-0.981228   -0.283254
-0.718483   -0.006116
-1.651184   -0.651569
-1.521468   -0.343894
-1.666838   -0.754647
-1.675873   0.000000
-0.398962   -0.634913
-0.391059   -0.291376
-0.371870   -0.351193
-0.369283   -0.362261
-0.367263   -0.420588
-0.359947   -0.286799
-0.331853   -0.416011
-0.326847   -0.600744
-0.272872   -0.357684
-0.247839   -0.007656
-1.122561   -0.285260
-1.546757   -0.349653
-0.501489   -0.001540
-0.747980   -0.006116
-1.553483   -0.356144
-1.522656   -0.414471
-1.727239   -0.599205
-1.742861   0.000000
-0.403303   -0.569806
-0.373789   -0.326939
-0.372307   -0.284794
-0.339604   -0.510088
-0.272363   -0.284303
-0.229494   -0.288852
-0.208905   -0.288091
-0.124972   -0.006647
-0.105504   -0.007138
-0.090199   -0.002588
-0.842331   -0.001049
-1.346714   -0.005598
-0.529314   -0.001540
-0.938105   -0.283254
-1.353436   -0.286552
-1.459533   -0.325399
-1.648698   -0.508548
-1.630632   0.000000
-0.389642   -0.433839
-0.347023   -0.260169
-0.336532   -0.644707
-0.242357   -0.562749
-0.208276   -0.355251
-0.195040   -0.218694
-0.184639   -0.226341
-0.151308   -0.300652
-0.120993   -0.200783
-0.076304   -0.052671
-0.923938   -0.213096
-0.277685   -0.005598
-0.906448   -0.349653
-1.194267   -0.220743
-0.997098   -0.295054
-1.037071   -0.047073
-1.106696   -0.195185
-1.305861   0.000000
-0.475106   -0.995270
-0.403093   -0.848338
-0.244525   -0.645289
-0.228806   -0.498356
-0.180195   -0.214145
-0.162957   -0.564127
-0.160030   -0.797784
-0.155267   -0.571382
-0.151784   -0.286308
-0.143083   -0.433241
-1.141730   -0.213096
-0.233741   -0.001049
-0.855181   -0.285260
-1.136261   -0.432192
-1.279944   -0.563078
-1.328446   -0.570333
-1.569854   -0.796736
-1.534589   0.000000
-0.886426   -0.703733
-0.831174   -0.826701
-0.825395   -0.949832
-0.807271   -1.353851
-0.801494   -0.983095
-0.799512   -1.263195
-0.769854   -0.579075
-0.742719   -1.180626
-0.716687   -0.455945
-0.684399   -1.138537
-1.482487   -0.796736
-1.366057   -0.195185
-1.396623   -0.508548
-1.432415   -0.599205
-1.404538   -0.754647
-1.208105   -0.383890
-1.163132   -0.072055
-1.314651   0.000000
-0.649853   -0.372471
-0.647089   -0.493498
-0.596266   -0.511994
-0.536176   -0.215172
-0.508797   -0.415949
-0.504841   -0.240154
-0.492387   -0.642388
-0.461444   -0.486526
-0.418779   -0.119127
-0.378853   -0.397454
-1.271415   -0.570333
-1.197410   -0.047073
-1.175225   -0.325399
-1.245402   -0.414471
-1.293436   -0.343894
-1.049167   -0.168099
-0.784959   -0.072055
-1.252536   0.000000
-0.744276   -0.819669
-0.723871   -1.035459
-0.716425   -0.454651
-0.701825   -0.731177
-0.695198   -0.946968
-0.648167   -0.670442
-0.632970   -0.678944
-0.625439   -0.740034
-0.518526   -0.463154
-0.502078   -0.551989
-1.559503   -0.563078
-1.397337   -0.295054
-1.364223   -0.286552
-1.510705   -0.356144
-1.505414   -0.651569
-1.188094   -0.168099
-1.100524   -0.383890
-1.580836   0.000000
-0.643721   -0.652935
-0.643354   -1.037901
-0.613637   -0.627149
-0.587623   -0.934824
-0.541661   -0.438309
-0.525803   -0.289371
-0.476921   -0.226859
-0.473757   -0.657686
-0.458517   -0.350011
-0.321799   -0.760763
-1.238641   -0.432192
-1.664750   -0.220743
-0.981228   -0.283254
-0.718483   -0.006116
-1.651184   -0.651569
-1.521468   -0.343894
-1.666838   -0.754647
-1.675873   0.000000
-0.398962   -0.634913
-0.391059   -0.291376
-0.371870   -0.351193
-0.369283   -0.362261
-0.367263   -0.420588
-0.359947   -0.286799
-0.331853   -0.416011
-0.326847   -0.600744
-0.272872   -0.357684
-0.247839   -0.007656
-1.122561   -0.285260
-1.546757   -0.349653
-0.501489   -0.001540
-0.747980   -0.006116
-1.553483   -0.356144
-1.522656   -0.414471
-1.727239   -0.599205
-1.742861   0.000000
-0.403303   -0.569806
-0.373789   -0.326939
-0.372307   -0.284794
-0.339604   -0.510088
-0.272363   -0.284303
-0.229494   -0.288852
-0.208905   -0.288091
-0.124972   -0.006647
-0.105504   -0.007138
-0.090199   -0.002588
-0.842331   -0.001049
-1.346714   -0.005598
-0.529314   -0.001540
-0.938105   -0.283254
-1.353436   -0.286552
-1.459533   -0.325399
-1.648698   -0.508548
-1.630632   0.000000
-0.389642   -0.433839
-0.347023   -0.260169
-0.336532   -0.644707
-0.242357   -0.562749
-0.208276   -0.355251
-0.195040   -0.218694
-0.184639   -0.226341
-0.151308   -0.300652
-0.120993   -0.200783
-0.076304   -0.052671
-0.923938   -0.213096
-0.277685   -0.005598
-0.906448   -0.349653
-1.194267   -0.220743
-0.997098   -0.295054
-1.037071   -0.047073
-1.106696   -0.195185
-1.305861   0.000000
-0.475106   -0.995270
-0.403093   -0.848338
-0.244525   -0.645289
-0.228806   -0.498356
-0.180195   -0.214145
-0.162957   -0.564127
-0.160030   -0.797784
-0.155267   -0.571382
-0.151784   -0.286308
-0.143083   -0.433241
-1.141730   -0.213096
-0.233741   -0.001049
-0.855181   -0.285260
-1.136261   -0.432192
-1.279944   -0.563078
-1.328446   -0.570333
-1.569854   -0.796736
-1.534589   0.000000
-0.886426   -0.703733
-0.831174   -0.826701
-0.825395   -0.949832
-0.807271   -1.353851
-0.801494   -0.983095
-0.799512   -1.263195
-0.769854   -0.579075
-0.742719   -1.180626
-0.716687   -0.455945
-0.684399   -1.138537
-1.482487   -0.796736
-1.366057   -0.195185
-1.396623   -0.508548
-1.432415   -0.599205
-1.404538   -0.754647
-1.208105   -0.383890
-1.163132   -0.072055
-1.314651   0.000000
-0.649853   -0.372471
-0.647089   -0.493498
-0.596266   -0.511994
-0.536176   -0.215172
-0.508797   -0.415949
-0.504841   -0.240154
-0.492387   -0.642388
-0.461444   -0.486526
-0.418779   -0.119127
-0.378853   -0.397454
-1.271415   -0.570333
-1.197410   -0.047073
-1.175225   -0.325399
-1.245402   -0.414471
-1.293436   -0.343894
-1.049167   -0.168099
-0.784959   -0.072055
-1.252536   0.000000
-0.744276   -0.819669
-0.723871   -1.035459
-0.716425   -0.454651
-0.701825   -0.731177
-0.695198   -0.946968
-0.648167   -0.670442
-0.632970   -0.678944
-0.625439   -0.740034
-0.518526   -0.463154
-0.502078   -0.551989
-1.559503   -0.563078
-1.397337   -0.295054
-1.364223   -0.286552
-1.510705   -0.356144
-1.505414   -0.651569
-1.188094   -0.168099
-1.100524   -0.383890
-1.580836   0.000000
-0.643721   -0.652935
-0.643354   -1.037901
-0.613637   -0.627149
-0.587623   -0.934824
-0.541661   -0.438309
-0.525803   -0.289371
-0.476921   -0.226859
-0.473757   -0.657686
-0.458517   -0.350011
-0.321799   -0.760763
-1.238641   -0.432192
-1.664750   -0.220743
-0.981228   -0.283254
-0.718483   -0.006116
-1.651184   -0.651569
-1.521468   -0.343894
-1.666838   -0.754647
-1.675873   0.000000
-0.398962   -0.634913
-0.391059   -0.291376
-0.371870   -0.351193
-0.369283   -0.362261
-0.367263   -0.420588
-0.359947   -0.286799
-0.331853   -0.416011
-0.326847   -0.600744
-0.272872   -0.357684
-0.247839   -0.007656
-1.122561   -0.285260
-1.546757   -0.349653
-0.501489   -0.001540
-0.747980   -0.006116
-1.553483   -0.356144
-1.522656   -0.414471
-1.727239   -0.599205
-1.742861   0.000000
-0.403303   -0.569806
-0.373789   -0.326939
-0.372307   -0.284794
-0.339604   -0.510088
-0.272363   -0.284303
-0.229494   -0.288852
-0.208905   -0.288091
-0.124972   -0.006647
-0.105504   -0.007138
-0.090199   -0.002588
-0.842331   -0.001049
-1.346714   -0.005598
-0.529314   -0.001540
-0.938105   -0.283254
-1.353436   -0.286552
-1.459533   -0.325399
-1.648698   -0.508548
-1.630632   0.000000
-0.389642   -0.433839
-0.347023   -0.260169
-0.336532   -0.644707
-0.242357   -0.562749
-0.208276   -0.355251
-0.195040   -0.218694
-0.184639   -0.226341
-0.151308   -0.300652
-0.120993   -0.200783
-0.076304   -0.052671
-0.923938   -0.213096
-0.277685   -0.005598
-0.906448   -0.349653
-1.194267   -0.220743
-0.997098   -0.295054
-1.037071   -0.047073
-1.106696   -0.195185
-1.305861   0.000000
-0.475106   -0.995270
-0.403093   -0.848338
-0.244525   -0.645289
-0.228806   -0.498356
-0.180195   -0.214145
-0.162957   -0.564127
-0.160030   -0.797784
-0.155267   -0.571382
-0.151784   -0.286308
-0.143083   -0.433241
-1.141730   -0.213096
-0.233741   -0.001049
-0.855181   -0.285260
-1.136261   -0.432192
-1.279944   -0.563078
-1.328446   -0.570333
-1.569854   -0.796736
-1.534589   0.000000
-0.886426   -0.703733
-0.831174   -0.826701
-0.825395   -0.949832
-0.807271   -1.353851
-0.801494   -0.983095
-0.799512   -1.263195
-0.769854   -0.579075
-0.742719   -1.180626
-0.716687   -0.455945
-0.684399   -1.138537
-1.482487   -0.796736
-1.366057   -0.195185
-1.396623   -0.508548
-1.432415   -0.599205
-1.404538   -0.754647
-1.208105   -0.383890
-1.163132   -0.072055
-1.314651   0.000000
-0.649853   -0.372471
-0.647089   -0.493498
-0.596266   -0.511994
-0.536176   -0.215172
-0.508797   -0.415949
-0.504841   -0.240154
-0.492387   -0.642388
-0.461444   -0.486526
-0.418779   -0.119127
-0.378853   -0.397454
-1.271415   -0.570333
-1.197410   -0.047073
-1.175225   -0.325399
-1.245402   -0.414471
-1.293436   -0.343894
-1.049167   -0.168099
-0.784959   -0.072055
-1.252536   0.000000
-0.744276   -0.819669
-0.723871   -1.035459
-0.716425   -0.454651
-0.701825   -0.731177
-0.695198   -0.946968
-0.648167   -0.670442
-0.632970   -0.678944
-0.625439   -0.740034
-0.518526   -0.463154
-0.502078   -0.551989
-1.559503   -0.563078
-1.397337   -0.295054
-1.364223   -0.286552
-1.510705   -0.356144
-1.505414   -0.651569
-1.188094   -0.168099
-1.100524   -0.383890
-1.580836   0.000000
-0.643721   -0.652935
-0.643354   -1.037901
-0.613637   -0.627149
-0.587623   -0.934824
-0.541661   -0.438309
-0.525803   -0.289371
-0.476921   -0.226859
-0.473757   -0.657686
-0.458517   -0.350011
-0.321799   -0.760763
-1.238641   -0.432192
-1.664750   -0.220743
-0.981228   -0.283254
-0.718483   -0.006116
-1.651184   -0.651569
-1.521468   -0.343894
-1.666838   -0.754647
-1.675873   0.000000
-0.398962   -0.634913
-0.391059   -0.291376
-0.371870   -0.351193
-0.369283   -0.362261
-0.367263   -0.420588
-0.359947   -0.286799
-0.331853   -0.416011
-0.326847   -0.600744
-0.272872   -0.357684
-0.247839   -0.007656
-1.122561   -0.285260
-1.546757   -0.349653
-0.501489   -0.001540
-0.747980   -0.006116
-1.553483   -0.356144
-1.522656   -0.414471
-1.727239   -0.599205
-1.742861   0.000000
-0.403303   -0.569806
-0.373789   -0.326939
-0.372307   -0.284794
-0.339604   -0.510088
-0.272363   -0.284303
-0.229494   -0.288852
-0.208905   -0.288091
-0.124972   -0.006647
-0.105504   -0.007138
-0.090199   -0.002588
-0.842331   -0.001049
-1.346714   -0.005598
-0.529314   -0.001540
-0.938105   -0.283254
-1.353436   -0.286552
-1.459533   -0.325399
-1.648698   -0.508548
-1.630632   0.000000
-0.389642   -0.433839
-0.347023   -0.260169
-0.336532   -0.644707
-0.242357   -0.562749
-0.208276   -0.355251
-0.195040   -0.218694
-0.184639   -0.226341
-0.151308   -0.300652
-0.120993   -0.200783
-0.076304   -0.052671
-0.923938   -0.213096
-0.277685   -0.005598
-0.906448   -0.349653
-1.194267   -0.220743
-0.997098   -0.295054
-1.037071   -0.047073
-1.106696   -0.195185
-1.305861   0.000000
-0.475106   -0.995270
-0.403093   -0.848338
-0.244525   -0.645289
-0.228806   -0.498356
-0.180195   -0.214145
-0.162957   -0.564127
-0.160030   -0.797784
-0.155267   -0.571382
-0.151784   -0.286308
-0.143083   -0.433241
-1.141730   -0.213096
-0.233741   -0.001049
-0.855181   -0.285260
-1.136261   -0.432192
-1.279944   -0.563078
-1.328446   -0.570333
-1.569854   -0.796736
-1.534589   0.000000
