-3.036797   -5.202885
-3.005161   -3.339970
-2.864546   -2.817966
-2.799221   -3.582494
-2.753577   -1.912722
-2.681978   -1.121421
-2.641045   -2.434726
-2.588434   -2.677249
-2.583799   -3.220890
-2.537461   -4.297641
-4.681637   -1.804634
-4.720054   -3.112802
-4.779205   -4.189553
-4.678954   -2.569161
-4.599963   -2.326638
-4.106186   -1.013333
-3.564549   -0.108088
-3.945215   0.000000
-2.660370   -5.309899
-2.652529   -5.128740
-2.593914   -4.708835
-2.522371   -3.772232
-2.140386   -2.372407
-2.091169   -3.153668
-1.987037   -2.972509
-1.979376   -2.552605
-1.974155   -2.215240
-1.935562   -1.616001
-4.230044   -2.444517
-4.182376   -1.507913
-4.377516   -2.864421
-4.328712   -3.045580
-4.210306   -2.107152
-3.790879   -2.264319
-2.838189   -0.108088
-3.570071   0.000000
-2.804603   -4.632485
-2.769504   -3.381500
-2.755942   -4.245167
-2.733429   -4.336344
-2.724143   -4.982601
-2.654493   -3.731615
-2.584498   -2.994182
-2.545044   -3.085359
-2.507075   -4.730935
-2.495079   -3.479949
-4.308484   -2.718282
-4.317115   -2.368167
-4.241787   -2.466616
-4.329842   -2.072026
-4.181796   -1.980849
-3.811565   -2.264319
-3.527643   -1.013333
-3.551266   0.000000
-2.925502   -5.803603
-2.866596   -3.975928
-2.603396   -3.047747
-2.597056   -5.402351
-2.596075   -5.621837
-2.595136   -5.276048
-2.571298   -3.189133
-2.497504   -2.787880
-2.453295   -3.007366
-2.252182   -2.661578
-4.205451   -2.508404
-4.610442   -2.367018
-3.613290   -3.295199
-3.262778   -0.680729
-4.629736   -1.980849
-4.556596   -2.107152
-4.607081   -2.326638
-3.874857   0.000000
-2.264995   -2.752755
-2.144671   -3.862024
-2.105829   -2.812464
-1.775795   -2.411017
-1.425707   -1.742473
-1.415807   -2.143920
-1.187042   -2.581345
-1.173879   -3.057764
-1.151285   -0.692913
-1.121796   -2.084210
-3.620203   -1.730288
-4.453598   -2.131735
-1.757999   -0.012184
-3.080371   -0.680729
-4.623036   -2.072026
-4.709321   -3.045580
-4.762696   -2.569161
-4.111854   0.000000
-2.590766   -5.761816
-2.111480   -3.341978
-1.814806   -3.423879
-1.658364   -0.175459
-1.462177   -3.307383
-1.248495   -4.201737
-1.218202   -2.876605
-1.137322   -2.478800
-1.074834   -0.140864
-0.922757   -0.058963
-3.442876   -0.128680
-4.262359   -0.046779
-1.775219   -0.012184
-3.523060   -3.295199
-4.730544   -2.466616
-4.834489   -2.864421
-4.924910   -4.189553
-4.198373   0.000000
-2.098098   -5.189926
-2.068613   -4.499902
-2.002274   -5.244537
-1.848146   -3.639649
-1.342281   -3.104970
-1.296898   -2.178515
-1.280971   -2.413797
-0.981028   -2.414946
-0.947794   -3.159581
-0.645076   -1.554693
-3.503516   -3.058191
-1.591587   -0.046779
-3.240799   -2.131735
-3.974203   -2.367018
-4.191581   -2.368167
-3.934328   -1.507913
-4.142135   -3.112802
-3.749362   0.000000
-1.959477   -4.448571
-1.923042   -4.788479
-1.892661   -3.534922
-1.884565   -4.174805
-1.722696   -3.186871
-1.698991   -1.858968
-1.575450   -2.637084
-1.455009   -2.573197
-1.443012   -1.933313
-1.415614   -2.846962
-3.790523   -3.058191
-2.145671   -0.128680
-2.870413   -1.730288
-3.727426   -2.508404
-4.083820   -2.718282
-4.034274   -2.444517
-3.992764   -1.804634
-3.500763   0.000000
-3.150762   -4.020243
-3.124601   -3.896236
-3.121105   -4.288473
-3.060140   -3.187938
-3.047306   -3.038706
-3.025350   -3.747003
-3.014713   -3.311946
-2.934918   -1.389281
-2.891022   -3.599862
-2.852606   -3.580175
-4.679287   -2.698214
-4.627402   -2.971454
-4.693609   -2.847446
-4.674022   -3.259371
-4.709347   -3.239683
-4.221882   -1.048789
-3.967545   -0.340492
-3.919438   0.000000
-2.882516   -5.798695
-2.864939   -5.082967
-2.778331   -5.842646
-2.774597   -5.463378
-2.739500   -3.015403
-2.695354   -3.464276
-2.655573   -3.508227
-2.593758   -2.551978
-2.587247   -3.128958
-2.346812   -2.748548
-4.282803   -2.788466
-4.263675   -2.211486
-4.413894   -3.167735
-4.447553   -3.123784
-4.417271   -2.408056
-4.047059   -2.674911
-3.512495   -0.340492
-3.721699   0.000000
-3.050596   -3.723700
-3.048147   -5.215647
-3.003737   -5.726546
-2.963495   -5.132168
-2.935393   -6.595059
-2.884922   -4.968937
-2.877208   -4.140725
-2.813039   -4.100423
-2.795062   -3.807180
-2.768238   -3.506046
-4.399072   -2.758391
-4.403422   -3.091936
-4.385212   -3.051634
-4.405115   -3.920147
-4.373930   -2.457257
-4.138421   -2.674911
-3.841881   -1.048789
-3.701033   0.000000
-2.700331   -4.637244
-2.656368   -3.446044
-2.590646   -3.208054
-2.464309   -3.024891
-2.386613   -5.768882
-2.310385   -4.986455
-2.228453   -3.324902
-2.227441   -4.156529
-2.219698   -3.374102
-2.155071   -4.937255
-4.085286   -2.291208
-4.409613   -2.108046
-3.254538   -2.529199
-3.172124   -0.916846
-4.571848   -2.457257
-4.470381   -2.408056
-4.636272   -3.239683
-3.746364   0.000000
-2.253106   -4.040629
-2.118822   -7.406060
-1.932108   -4.428463
-1.841750   -4.811288
-1.365913   -3.902271
-1.361524   -3.519446
-1.231582   -3.131613
-1.100544   -0.924674
-1.084586   -3.267199
-1.065390   -3.927976
-3.560668   -3.894442
-4.396430   -3.511617
-1.562332   -0.007829
-3.150298   -0.916846
-4.840908   -3.920147
-4.849859   -3.123784
-4.822960   -3.259371
-4.143426   0.000000
-2.319317   -5.696934
-1.723682   -2.565181
-1.548856   -2.589438
-1.389213   -0.096221
-1.229326   -2.537028
-1.190499   -3.175564
-1.110580   -2.855275
-1.051596   -3.059463
-0.841895   -0.068068
-0.750545   -0.043810
-3.102854   -0.060239
-4.144643   -0.035982
-1.566399   -0.007829
-3.355366   -2.529199
-4.731400   -3.051634
-4.797887   -3.167735
-4.792519   -2.847446
-4.073915   0.000000
-1.928686   -6.603554
-1.868533   -6.483072
-1.815548   -5.723104
-1.732365   -4.665902
-1.042108   -3.547599
-0.991304   -1.190267
-0.933456   -2.144027
-0.841899   -3.127918
-0.770066   -3.007436
-0.544432   -2.247468
-3.216181   -1.154285
-1.153314   -0.035982
-2.867447   -3.511617
-3.722166   -2.108046
-4.161503   -3.091936
-4.171945   -2.211486
-4.239028   -2.971454
-3.783260   0.000000
-1.723666   -6.592657
-1.665433   -3.445494
-1.644753   -6.652833
-1.400941   -5.048728
-1.225924   -1.214525
-1.198842   -2.351448
-1.191128   -3.954682
-1.114819   -2.818630
-1.057821   -2.758454
-1.038863   -2.848706
-3.227219   -1.154285
-1.498658   -0.060239
-2.454411   -3.894442
-3.397397   -2.291208
-3.981803   -2.758391
-3.964358   -2.788466
-4.042870   -2.698214
-3.488063   0.000000
-2.870670   -2.606410
-2.857833   -3.006948
-2.783357   -2.777948
-2.709158   -2.443798
-2.707304   -2.601576
-2.689399   -3.002115
-2.647324   -2.773115
-2.563532   -2.438965
-2.427451   -3.709348
-2.350458   -0.317269
-4.469506   -2.445358
-4.461399   -2.845897
-4.695577   -3.553130
-4.719683   -2.616896
-4.647477   -2.282747
-3.777365   -0.161051
-3.471102   -0.156218
-4.124750   0.000000
-3.160668   -6.145528
-3.152712   -5.266890
-3.113761   -4.315390
-3.053151   -5.358971
-2.978394   -2.895253
-2.847458   -2.803172
-2.686644   -2.642658
-2.634787   -3.562711
-2.596387   -1.732574
-2.576612   -2.776154
-4.570268   -2.646954
-4.400362   -1.576356
-4.687344   -2.486440
-4.681537   -3.406493
-4.576178   -2.619936
-4.304875   -2.739034
-3.659666   -0.156218
-3.722818   0.000000
-2.998501   -5.899754
-2.992340   -4.552485
-2.826724   -4.696169
-2.732564   -4.682303
-2.306120   -2.900086
-2.226397   -1.965961
-2.152627   -3.321770
-2.111490   -1.974502
-2.091328   -2.118185
-2.047356   -2.104320
-4.306904   -1.813451
-4.420147   -1.804910
-4.354136   -1.957134
-4.506727   -1.943269
-4.539643   -3.160719
-4.021542   -2.739034
-2.877812   -0.161051
-3.893946   0.000000
-3.028061   -5.608520
-2.942065   -2.861930
-2.858601   -4.899721
-2.850208   -2.693915
-2.844150   -5.440505
-2.715101   -4.562532
-2.707798   -3.091455
-2.533948   -3.574849
-2.496654   -2.696876
-2.443694   -3.034066
-4.614669   -2.677325
-3.950345   -2.447800
-3.824925   -2.279785
-3.408617   -0.414129
-4.688248   -3.160719
-4.684331   -2.619936
-4.454436   -2.282747
-3.950037   0.000000
-2.504919   -3.112535
-2.425270   -2.357398
-2.422968   -3.820623
-2.277811   -3.172409
-2.160186   -4.179653
-2.117686   -2.650513
-2.067932   -3.880497
-2.022162   -3.090900
-1.760718   -0.888133
-1.682287   -2.417273
-4.489675   -2.698405
-3.099362   -2.236384
-2.721576   -0.474004
-3.448845   -0.414129
-4.663759   -1.943269
-4.766316   -3.406493
-4.661637   -2.616896
-4.199616   0.000000
-1.918134   -2.960444
-1.790848   -4.027134
-1.531119   -2.431138
-1.229483   -0.495677
-1.091530   -2.282558
-1.006431   -3.555902
-0.966273   -0.476776
-0.942717   -2.489212
-0.731545   -1.959907
-0.320715   -0.024445
-3.609323   -0.021673
-1.314725   -0.002772
-2.600889   -0.474004
-3.729114   -2.279785
-4.511483   -1.957134
-4.488920   -2.486440
-4.447113   -3.553130
-3.879471   0.000000
-1.314430   -3.812740
-1.246161   -5.082281
-1.124429   -4.041294
-1.107091   -4.726628
-0.225372   -2.493017
-0.192522   -2.450573
-0.186658   -2.239156
-0.167312   -1.807682
-0.160049   -2.848670
-0.105674   -1.579128
-3.278742   -2.490244
-0.255104   -0.002772
-1.816235   -2.236384
-2.860021   -2.447800
-3.546710   -1.804910
-3.493972   -1.576356
-3.512703   -2.845897
-3.320902   0.000000
-1.648521   -4.511856
-1.591580   -4.935602
-1.587735   -5.137198
-1.299509   -4.303695
-0.931629   -2.511917
-0.824518   -2.720078
-0.793057   -2.698998
-0.771324   -2.668627
-0.747444   -1.835124
-0.724381   -2.467031
-2.181803   -2.490244
-1.016598   -0.021673
-2.899900   -2.698405
-3.652472   -2.677325
-3.567800   -1.813451
-3.677715   -2.646954
-3.550740   -2.445358
-3.485088   0.000000
-2.983850   -3.220970
-2.886541   -2.818274
-2.863685   -3.033882
-2.835767   -2.656313
-2.777151   -3.222448
-2.776974   -3.067990
-2.614324   -2.880902
-2.564284   -2.503332
-2.515604   -0.752599
-2.409300   -2.665294
-4.501540   -2.922639
-4.223166   -2.768180
-4.362739   -2.365485
-4.577428   -2.581092
-4.573874   -2.203523
-3.776819   -0.452790
-3.556263   -0.299809
-3.710071   0.000000
-3.264498   -4.760707
-3.234287   -4.285554
-3.112276   -5.379646
-3.018626   -4.714433
-2.896367   -2.520742
-2.859829   -3.520034
-2.837416   -2.364431
-2.722696   -3.458523
-2.639183   -2.793310
-2.499132   -2.839584
-4.662285   -3.220225
-4.475834   -2.064622
-4.588951   -2.539775
-4.673749   -2.493500
-4.697369   -3.158714
-4.237578   -2.220933
-3.680645   -0.299809
-4.032025   0.000000
-2.678350   -4.530895
-2.664525   -4.855656
-2.468007   -4.580305
-2.371487   -4.179823
-2.350506   -2.673722
-2.330487   -3.087513
-2.283677   -2.991636
-2.172356   -2.762752
-2.160124   -2.812162
-2.076154   -2.411680
-4.087609   -2.309963
-3.950252   -2.538846
-3.815112   -1.958890
-4.304606   -2.634724
-4.242256   -2.359372
-3.719550   -2.220933
-3.045098   -0.452790
-3.680899   0.000000
-3.057068   -3.459614
-2.978419   -5.067434
-2.925340   -4.149473
-2.822686   -5.913142
-2.803172   -2.384447
-2.781955   -6.712484
-2.641368   -5.757293
-2.567547   -3.754416
-2.556972   -2.955074
-2.554541   -2.799225
-4.405918   -1.788744
-3.814169   -2.863911
-3.767576   -3.553770
-3.481394   -0.595702
-4.535005   -2.359372
-4.720663   -3.158714
-4.585564   -2.203523
-3.939606   0.000000
-2.425231   -3.230426
-2.384753   -1.887021
-2.331918   -4.784082
-2.313859   -2.798692
-2.308356   -4.696490
-2.280754   -4.837713
-2.059031   -2.901572
-1.982902   -2.989164
-1.923179   -1.003775
-1.750417   -3.042796
-4.248208   -1.478949
-2.982756   -2.202990
-2.701408   -0.408072
-3.431395   -0.595702
-4.576799   -2.634724
-4.629712   -2.493500
-4.541266   -2.581092
-3.795409   0.000000
-1.670541   -2.947847
-1.501944   -2.773557
-1.218066   -2.366962
-1.102962   -3.558741
-1.035163   -2.544745
-1.000958   -2.370455
-0.998018   -0.413043
-0.997831   -0.425607
-0.863768   -1.963861
-0.304213   -0.022506
-3.175405   -0.017535
-1.219296   -0.004971
-2.347774   -0.408072
-3.473018   -3.553770
-3.939854   -1.958890
-4.201776   -2.539775
-4.060456   -2.365485
-3.575803   0.000000
-0.924462   -4.267611
-0.886681   -4.971170
-0.772393   -4.859120
-0.748475   -4.741836
-0.180719   -2.661101
-0.174408   -2.207960
-0.153942   -2.868882
-0.134050   -2.773151
-0.124119   -2.543817
-0.110761   -2.069592
-2.628400   -2.656130
-0.196082   -0.004971
-1.404275   -2.202990
-2.197694   -2.863911
-2.841680   -2.538846
-2.967365   -2.064622
-2.875208   -2.768180
-2.763280   0.000000
-1.628798   -5.578769
-1.617617   -5.876355
-1.476105   -3.788912
-1.420573   -4.966093
-0.728824   -2.673666
-0.621002   -2.940174
-0.619748   -3.237760
-0.617830   -1.496484
-0.610608   -2.327498
-0.591284   -1.806279
-1.937107   -2.656130
-0.781132   -0.017535
-2.787525   -1.478949
-3.192284   -1.788744
-3.241443   -2.309963
-3.536608   -3.220225
-3.438764   -2.922639
-3.057307   0.000000
-2.921866   -2.746174
-2.919041   -3.173892
-2.760693   -3.332615
-2.647720   -3.201070
-2.185658   -2.034684
-2.051402   -1.579788
-1.988012   -2.007506
-1.969584   -2.745014
-1.867544   -1.230080
-1.862221   -2.166228
-4.415169   -2.134382
-4.145080   -1.547941
-4.231303   -2.002837
-4.659458   -2.713168
-4.630737   -1.975659
-2.636891   -0.031847
-4.071267   -1.198234
-3.923952   0.000000
-2.954844   -4.319165
-2.936057   -4.371722
-2.891870   -5.534739
-2.865685   -4.010320
-2.088797   -3.284066
-2.059285   -2.833229
-1.996559   -2.922664
-1.972213   -3.135322
-1.952630   -1.308811
-1.680002   -3.231509
-4.504200   -3.173488
-2.928047   -0.110577
-4.551307   -3.120931
-4.558401   -3.024744
-4.496209   -2.812087
-4.177268   -2.722652
-4.031650   -1.198234
-3.742260   0.000000
-2.734723   -4.771677
-2.530734   -3.345936
-2.392372   -3.361893
-2.168238   -3.490332
-2.015267   -2.754499
-1.924644   -2.770456
-1.910317   -2.224238
-1.892703   -2.898895
-1.734380   -2.064915
-1.645839   -0.655131
-4.049911   -2.033068
-4.181507   -2.192391
-3.676326   -0.623284
-4.548049   -2.867048
-4.601871   -2.738609
-4.242079   -2.722652
-2.633866   -0.031847
-3.582058   0.000000
-3.138668   -6.256978
-3.001929   -4.237436
-2.904128   -5.981858
-2.882741   -5.908380
-2.847192   -3.776853
-2.813060   -5.145430
-2.739952   -3.694288
-2.641321   -3.345690
-2.507595   -3.419168
-2.308348   -2.582740
-4.409713   -3.087207
-4.456504   -3.630355
-4.037341   -3.169771
-3.585438   -0.607081
-4.636416   -2.738609
-4.656877   -2.812087
-4.527714   -1.975659
-3.797376   0.000000
-2.384368   -2.355424
-2.314407   -3.292113
-2.262250   -2.980537
-2.170471   -3.474129
-2.150595   -2.926828
-2.112784   -3.631826
-2.065677   -2.695137
-1.945871   -3.320249
-1.895835   -0.874450
-1.631475   -3.134417
-4.028039   -2.088055
-4.171404   -2.319746
-3.202660   -0.267369
-2.984529   -0.607081
-4.481848   -2.867048
-4.463665   -3.024744
-4.455347   -2.713168
-3.873373   0.000000
-2.143201   -3.388300
-2.104148   -2.165373
-1.950439   -0.742572
-1.845447   -3.332307
-1.835287   -0.785820
-1.733437   -2.270206
-1.567510   -3.793055
-1.489752   -0.637739
-1.465174   -0.429905
-0.901352   -0.890653
-3.073933   -0.162536
-3.451160   -0.475203
-3.069688   -0.267369
-3.644722   -3.169771
-3.364779   -0.623284
-4.459031   -3.120931
-3.952411   -2.002837
-3.716330   0.000000
-1.631380   -1.658518
-1.603464   -3.867687
-1.559376   -5.822746
-1.545406   -2.667594
-1.500911   -4.512138
-1.411163   -3.740932
-1.397100   -2.302969
-1.273127   -2.023144
-1.204660   -2.430324
-0.318166   -0.585780
-3.244725   -2.431910
-2.180349   -0.475203
-2.877978   -2.319746
-2.989427   -3.630355
-2.713035   -2.192391
-2.620453   -0.110577
-2.918473   -1.547941
-2.667477   0.000000
-2.843060   -5.221588
-2.750743   -4.222437
-2.439935   -2.594446
-2.381694   -5.120275
-2.276609   -4.121124
-2.182865   -2.296918
-2.096353   -2.195604
-2.068550   -3.249743
-2.064543   -2.250591
-2.046590   -3.336024
-4.304151   -2.431910
-2.798028   -0.162536
-4.165815   -2.088055
-4.316261   -3.087207
-3.940182   -2.033068
-4.413096   -3.173488
-4.239101   -2.134382
-3.917048   0.000000
-2.836813   -4.156341
-2.704740   -4.524913
-2.598591   -3.828640
-2.432353   -3.518206
-1.974041   -2.470863
-1.934225   -2.160428
-1.904607   -2.385817
-1.872982   -2.798563
-1.829643   -3.167136
-1.693566   -1.440803
-4.123545   -2.429350
-4.029751   -2.344305
-4.226919   -2.118915
-4.506686   -2.757051
-4.514932   -3.125623
-2.550089   -0.041512
-3.670373   -1.399290
-3.728223   0.000000
-2.799695   -4.193631
-2.739279   -3.621816
-2.612431   -3.600197
-2.612193   -2.808571
-2.570646   -3.283639
-2.514713   -2.916947
-2.501917   -3.140824
-2.388987   -2.125321
-2.312741   -2.006954
-1.799003   -2.830190
-4.396417   -2.533160
-3.315408   -0.607664
-4.448332   -2.222526
-4.335416   -1.517657
-4.388779   -2.200907
-4.133189   -2.675975
-3.667411   -1.399290
-3.659805   0.000000
-3.011265   -5.185629
-2.845610   -5.436527
-2.684619   -3.838101
-2.575699   -4.107618
-2.119527   -2.387600
-2.114957   -2.717487
-1.906310   -2.802065
-1.905234   -2.987004
-1.887897   -1.203639
-1.788040   -2.551167
-4.277867   -2.760552
-4.292603   -2.346088
-4.216649   -1.162126
-4.585328   -2.945491
-4.603437   -2.509654
-4.119027   -2.675975
-2.562605   -0.041512
-3.883584   0.000000
-3.006333   -5.231604
-2.841591   -3.611623
-2.810653   -5.115156
-2.717079   -2.632716
-2.694200   -3.673880
-2.645000   -3.768806
-2.591241   -4.499187
-2.527421   -4.190440
-2.478254   -3.152837
-2.401913   -2.844090
-4.215062   -3.030697
-3.980249   -2.968439
-3.590501   -1.989533
-3.238023   -0.643183
-4.548230   -2.509654
-4.373607   -2.200907
-4.578187   -3.125623
-3.605518   0.000000
-2.134589   -3.593460
-2.089742   -2.383563
-1.996797   -3.588674
-1.983214   -3.400234
-1.953162   -2.160840
-1.883198   -2.910520
-1.787527   -1.633883
-1.599652   -0.759409
-1.571703   -2.873277
-1.083062   -3.061717
-3.557178   -2.267337
-3.685105   -3.477233
-2.466116   -0.116226
-2.670574   -0.643183
-4.278029   -2.945491
-4.114061   -1.517657
-4.274863   -2.757051
-3.533619   0.000000
-1.677347   -2.338752
-1.597985   -2.105759
-1.489830   -4.108448
-1.445865   -3.151659
-1.383258   -2.016376
-1.318981   -0.205128
-1.179980   -0.143070
-1.057478   -0.115746
-0.995300   -2.235142
-0.628411   -1.278353
-2.897907   -0.026844
-2.904358   -0.088902
-2.123442   -0.116226
-2.794003   -1.989533
-3.463228   -1.162126
-4.025526   -2.222526
-3.778052   -2.118915
-3.559857   0.000000
-0.847382   -5.312744
-0.837418   -3.566136
-0.822717   -3.604100
-0.810834   -3.057342
-0.734577   -4.084897
-0.682975   -5.821538
-0.627375   -5.823321
-0.500085   -2.434990
-0.427456   -2.433207
-0.104396   -0.696566
-2.096356   -3.515197
-0.952321   -0.088902
-1.549742   -3.477233
-1.702632   -2.968439
-2.018756   -2.346088
-1.991666   -0.607664
-2.033581   -2.344305
-1.902909   0.000000
-2.280398   -4.800497
-2.206098   -5.791250
-2.053220   -4.696687
-1.780992   -5.027889
-1.609016   -3.542041
-1.474932   -2.294180
-1.466596   -3.057541
-1.386706   -2.787396
-1.278334   -2.560004
-1.186569   -2.456194
-3.555449   -3.515197
-1.778645   -0.026844
-3.086876   -2.267337
-3.443021   -3.030697
-3.637775   -2.760552
-3.827647   -2.533160
-3.732917   -2.429350
-3.345241   0.000000
-0.197261   -1.734295
-0.195206   -1.113323
-0.186072   -0.939322
-0.181829   -1.194165
-0.178864   -0.637574
-0.174213   -0.373807
-0.171554   -0.811575
-0.168137   -0.892416
-0.167836   -1.073630
-0.164826   -1.432547
-0.304105   -0.601545
-0.306600   -1.037601
-0.310443   -1.396518
-0.303931   -0.856387
-0.298800   -0.775546
-0.266725   -0.337778
-0.231542   -0.036029
-0.256269   0.000000
-0.172810   -1.769966
-0.172300   -1.709580
-0.168493   -1.569612
-0.163846   -1.257411
-0.139033   -0.790802
-0.135836   -1.051223
-0.129072   -0.990836
-0.128574   -0.850868
-0.128235   -0.738413
-0.125728   -0.538667
-0.274771   -0.814839
-0.271674   -0.502638
-0.284350   -0.954807
-0.281180   -1.015193
-0.273489   -0.702384
-0.246244   -0.754773
-0.184360   -0.036029
-0.231901   0.000000
-0.182179   -1.544162
-0.179899   -1.127167
-0.179018   -1.415056
-0.177555   -1.445448
-0.176952   -1.660867
-0.172428   -1.243872
-0.167881   -0.998061
-0.165318   -1.028453
-0.162852   -1.576978
-0.162073   -1.159983
-0.279866   -0.906094
-0.280427   -0.789389
-0.275534   -0.822205
-0.281253   -0.690675
-0.271637   -0.660283
-0.247588   -0.754773
-0.229145   -0.337778
-0.230680   0.000000
-0.190032   -1.934534
-0.186205   -1.325309
-0.169109   -1.015916
-0.168697   -1.800784
-0.168633   -1.873946
-0.168572   -1.758683
-0.167024   -1.063044
-0.162230   -0.929293
-0.159359   -1.002455
-0.146295   -0.887193
-0.273173   -0.836135
-0.299480   -0.789006
-0.234708   -1.098400
-0.211940   -0.226910
-0.300734   -0.660283
-0.295983   -0.702384
-0.299262   -0.775546
-0.251699   0.000000
-0.147127   -0.917585
-0.139311   -1.287341
-0.136788   -0.937488
-0.115350   -0.803672
-0.092610   -0.580824
-0.091967   -0.714640
-0.077107   -0.860448
-0.076252   -1.019255
-0.074784   -0.230971
-0.072869   -0.694737
-0.235157   -0.576763
-0.289292   -0.710578
-0.114194   -0.004061
-0.200092   -0.226910
-0.300298   -0.690675
-0.305903   -1.015193
-0.309370   -0.856387
-0.267094   0.000000
-0.168288   -1.920605
-0.137155   -1.113993
-0.117884   -1.141293
-0.107722   -0.058486
-0.094979   -1.102461
-0.081098   -1.400579
-0.079131   -0.958868
-0.073877   -0.826267
-0.069818   -0.046955
-0.059939   -0.019654
-0.223639   -0.042893
-0.276870   -0.015593
-0.115313   -0.004061
-0.228847   -1.098400
-0.307282   -0.822205
-0.314034   -0.954807
-0.319907   -1.396518
-0.272714   0.000000
-0.136286   -1.729975
-0.134371   -1.499967
-0.130062   -1.748179
-0.120050   -1.213216
-0.087191   -1.034990
-0.084243   -0.726172
-0.083208   -0.804599
-0.063725   -0.804982
-0.061566   -1.053194
-0.041902   -0.518231
-0.227578   -1.019397
-0.103385   -0.015593
-0.210513   -0.710578
-0.258152   -0.789006
-0.272272   -0.789389
-0.255562   -0.502638
-0.269061   -1.037601
-0.243547   0.000000
-0.127282   -1.482857
-0.124915   -1.596160
-0.122942   -1.178307
-0.122416   -1.391602
-0.111901   -1.062290
-0.110361   -0.619656
-0.102336   -0.879028
-0.094513   -0.857732
-0.093734   -0.644438
-0.091954   -0.948987
-0.246221   -1.019397
-0.139376   -0.042893
-0.186453   -0.576763
-0.242122   -0.836135
-0.265273   -0.906094
-0.262054   -0.814839
-0.259358   -0.601545
-0.227399   0.000000
-0.203806   -1.340081
-0.202114   -1.298745
-0.201888   -1.429491
-0.197944   -1.062646
-0.197114   -1.012902
-0.195694   -1.249001
-0.195006   -1.103982
-0.189844   -0.463094
-0.187005   -1.199954
-0.184520   -1.193392
-0.302678   -0.899405
-0.299322   -0.990485
-0.303604   -0.949149
-0.302337   -1.086457
-0.304622   -1.079894
-0.273091   -0.349596
-0.256639   -0.113497
-0.253527   0.000000
-0.186454   -1.932898
-0.185317   -1.694322
-0.179715   -1.947549
-0.179474   -1.821126
-0.177203   -1.005134
-0.174348   -1.154759
-0.171775   -1.169409
-0.167776   -0.850659
-0.167355   -1.042986
-0.151803   -0.916183
-0.277031   -0.929489
-0.275794   -0.737162
-0.285511   -1.055912
-0.287688   -1.041261
-0.285729   -0.802685
-0.261782   -0.891637
-0.227204   -0.113497
-0.240737   0.000000
-0.197327   -1.241233
-0.197168   -1.738549
-0.194296   -1.908849
-0.191693   -1.710723
-0.189875   -2.198353
-0.186610   -1.656312
-0.186111   -1.380242
-0.181960   -1.366808
-0.180798   -1.269060
-0.179062   -1.168682
-0.284552   -0.919464
-0.284834   -1.030645
-0.283656   -1.017211
-0.284943   -1.306716
-0.282926   -0.819086
-0.267692   -0.891637
-0.248511   -0.349596
-0.239400   0.000000
-0.174670   -1.545748
-0.171826   -1.148681
-0.167575   -1.069351
-0.159403   -1.008297
-0.154377   -1.922961
-0.149446   -1.662152
-0.144147   -1.108301
-0.144081   -1.385510
-0.143580   -1.124701
-0.139400   -1.645752
-0.264255   -0.763736
-0.285234   -0.702682
-0.210519   -0.843066
-0.205188   -0.305615
-0.295728   -0.819086
-0.289165   -0.802685
-0.299896   -1.079894
-0.242332   0.000000
-0.145741   -1.346876
-0.137055   -2.468687
-0.124978   -1.476154
-0.119133   -1.603763
-0.088354   -1.300757
-0.088070   -1.173149
-0.079664   -1.043871
-0.071188   -0.308225
-0.070156   -1.089066
-0.068914   -1.309325
-0.230320   -1.298147
-0.284381   -1.170539
-0.101059   -0.002610
-0.203776   -0.305615
-0.313132   -1.306716
-0.313711   -1.041261
-0.311971   -1.086457
-0.268016   0.000000
-0.150024   -1.898978
-0.111496   -0.855060
-0.100187   -0.863146
-0.089861   -0.032074
-0.079518   -0.845676
-0.077007   -1.058521
-0.071837   -0.951758
-0.068022   -1.019821
-0.054458   -0.022689
-0.048549   -0.014603
-0.200707   -0.020080
-0.268095   -0.011994
-0.101322   -0.002610
-0.217041   -0.843066
-0.306049   -1.017211
-0.310350   -1.055912
-0.310002   -0.949149
-0.263520   0.000000
-0.124756   -2.201185
-0.120865   -2.161024
-0.117438   -1.907701
-0.112057   -1.555301
-0.067408   -1.182533
-0.064122   -0.396756
-0.060380   -0.714676
-0.054458   -1.042639
-0.049811   -1.002479
-0.035216   -0.749156
-0.208037   -0.384762
-0.074602   -0.011994
-0.185480   -1.170539
-0.240767   -0.702682
-0.269185   -1.030645
-0.269861   -0.737162
-0.274200   -0.990485
-0.244719   0.000000
-0.111495   -2.197552
-0.107728   -1.148498
-0.106390   -2.217611
-0.090619   -1.682909
-0.079298   -0.404842
-0.077547   -0.783816
-0.077048   -1.318227
-0.072112   -0.939543
-0.068425   -0.919485
-0.067198   -0.949569
-0.208751   -0.384762
-0.096940   -0.020080
-0.158763   -1.298147
-0.219759   -0.763736
-0.257561   -0.919464
-0.256433   -0.929489
-0.261512   -0.899405
-0.225624   0.000000
-0.185301   -0.868803
-0.184472   -1.002316
-0.179665   -0.925983
-0.174875   -0.814599
-0.174756   -0.867192
-0.173600   -1.000705
-0.170884   -0.924372
-0.165475   -0.812988
-0.156691   -1.236449
-0.151721   -0.105756
-0.288505   -0.815119
-0.287982   -0.948632
-0.303098   -1.184377
-0.304654   -0.872299
-0.299993   -0.760916
-0.243828   -0.053684
-0.224059   -0.052073
-0.266251   0.000000
-0.204020   -2.048509
-0.203507   -1.755630
-0.200992   -1.438463
-0.197080   -1.786324
-0.192255   -0.965084
-0.183803   -0.934391
-0.173422   -0.880886
-0.170075   -1.187570
-0.167596   -0.577525
-0.166320   -0.925385
-0.295010   -0.882318
-0.284042   -0.525452
-0.302567   -0.828813
-0.302192   -1.135498
-0.295391   -0.873312
-0.277878   -0.913011
-0.236230   -0.052073
-0.240307   0.000000
-0.193552   -1.966585
-0.193155   -1.517495
-0.182464   -1.565390
-0.176386   -1.560768
-0.148859   -0.966695
-0.143713   -0.655320
-0.138952   -1.107257
-0.136296   -0.658167
-0.134995   -0.706062
-0.132156   -0.701440
-0.278009   -0.604484
-0.285319   -0.601637
-0.281058   -0.652378
-0.290908   -0.647756
-0.293033   -1.053573
-0.259589   -0.913011
-0.185762   -0.053684
-0.251353   0.000000
-0.195460   -1.869507
-0.189909   -0.953977
-0.184522   -1.633240
-0.183980   -0.897972
-0.183589   -1.813502
-0.175259   -1.520844
-0.174788   -1.030485
-0.163566   -1.191616
-0.161158   -0.898959
-0.157740   -1.011355
-0.297876   -0.892442
-0.254994   -0.815933
-0.246898   -0.759928
-0.220025   -0.138043
-0.302625   -1.053573
-0.302372   -0.873312
-0.287533   -0.760916
-0.254974   0.000000
-0.161692   -1.037512
-0.156550   -0.785799
-0.156402   -1.273541
-0.147032   -1.057470
-0.139439   -1.393218
-0.136696   -0.883504
-0.133484   -1.293499
-0.130530   -1.030300
-0.113654   -0.296044
-0.108591   -0.805758
-0.289807   -0.899468
-0.200063   -0.745461
-0.175677   -0.158001
-0.222622   -0.138043
-0.301044   -0.647756
-0.307664   -1.135498
-0.300907   -0.872299
-0.271084   0.000000
-0.123815   -0.986815
-0.115599   -1.342378
-0.098833   -0.810379
-0.079363   -0.165226
-0.070458   -0.760853
-0.064965   -1.185301
-0.062373   -0.158925
-0.060852   -0.829737
-0.047221   -0.653302
-0.020702   -0.008148
-0.232981   -0.007224
-0.084865   -0.000924
-0.167887   -0.158001
-0.240713   -0.759928
-0.291215   -0.652378
-0.289759   -0.828813
-0.287060   -1.184377
-0.250419   0.000000
-0.084846   -1.270913
-0.080439   -1.694094
-0.072582   -1.347098
-0.071462   -1.575543
-0.014548   -0.831006
-0.012427   -0.816858
-0.012049   -0.746385
-0.010800   -0.602561
-0.010331   -0.949557
-0.006821   -0.526376
-0.211642   -0.830081
-0.016467   -0.000924
-0.117237   -0.745461
-0.184614   -0.815933
-0.228939   -0.601637
-0.225535   -0.525452
-0.226744   -0.948632
-0.214363   0.000000
-0.106412   -1.503952
-0.102736   -1.645201
-0.102488   -1.712399
-0.083883   -1.434565
-0.060136   -0.837306
-0.053222   -0.906693
-0.051192   -0.899666
-0.049789   -0.889542
-0.048247   -0.611708
-0.046759   -0.822344
-0.140835   -0.830081
-0.065621   -0.007224
-0.187188   -0.899468
-0.235766   -0.892442
-0.230301   -0.604484
-0.237395   -0.882318
-0.229199   -0.815119
-0.224961   0.000000
-0.191414   -1.073657
-0.185172   -0.939425
-0.183705   -1.011294
-0.181915   -0.885438
-0.178154   -1.074149
-0.178143   -1.022663
-0.167709   -0.960301
-0.164499   -0.834444
-0.161376   -0.250866
-0.154557   -0.888431
-0.288774   -0.974213
-0.270916   -0.922727
-0.279870   -0.788495
-0.293642   -0.860364
-0.293414   -0.734508
-0.242283   -0.150930
-0.228134   -0.099936
-0.238001   0.000000
-0.209418   -1.586902
-0.207480   -1.428518
-0.199653   -1.793215
-0.193645   -1.571478
-0.185802   -0.840247
-0.183458   -1.173345
-0.182020   -0.788144
-0.174661   -1.152841
-0.169304   -0.931103
-0.160319   -0.946528
-0.299086   -1.073408
-0.287125   -0.688207
-0.294381   -0.846592
-0.299821   -0.831167
-0.301336   -1.052905
-0.271841   -0.740311
-0.236113   -0.099936
-0.258655   0.000000
-0.171816   -1.510298
-0.170929   -1.618552
-0.158323   -1.526768
-0.152131   -1.393274
-0.150785   -0.891241
-0.149501   -1.029171
-0.146498   -0.997212
-0.139357   -0.920917
-0.138572   -0.937387
-0.133185   -0.803893
-0.262220   -0.769988
-0.253409   -0.846282
-0.244740   -0.652963
-0.276141   -0.878241
-0.272141   -0.786457
-0.238609   -0.740311
-0.195343   -0.150930
-0.236130   0.000000
-0.196111   -1.153205
-0.191066   -1.689145
-0.187661   -1.383158
-0.181075   -1.971047
-0.179824   -0.794816
-0.178463   -2.237495
-0.169444   -1.919098
-0.164708   -1.251472
-0.164030   -0.985025
-0.163874   -0.933075
-0.282640   -0.596248
-0.244679   -0.954637
-0.241690   -1.184590
-0.223332   -0.198567
-0.290921   -0.786457
-0.302831   -1.052905
-0.294164   -0.734508
-0.252726   0.000000
-0.155579   -1.076809
-0.152982   -0.629007
-0.149593   -1.594694
-0.148434   -0.932897
-0.148081   -1.565497
-0.146310   -1.612571
-0.132087   -0.967191
-0.127203   -0.996388
-0.123372   -0.334592
-0.112289   -1.014265
-0.272523   -0.492983
-0.191344   -0.734330
-0.173295   -0.136024
-0.220124   -0.198567
-0.293602   -0.878241
-0.296996   -0.831167
-0.291322   -0.860364
-0.243476   0.000000
-0.107165   -0.982616
-0.096350   -0.924519
-0.078139   -0.788987
-0.070755   -1.186247
-0.066406   -0.848248
-0.064211   -0.790152
-0.064023   -0.137681
-0.064011   -0.141869
-0.055411   -0.654620
-0.019515   -0.007502
-0.203702   -0.005845
-0.078218   -0.001657
-0.150610   -0.136024
-0.222794   -1.184590
-0.252742   -0.652963
-0.269544   -0.846592
-0.260478   -0.788495
-0.229388   0.000000
-0.059304   -1.422537
-0.056881   -1.657057
-0.049549   -1.619707
-0.048015   -1.580612
-0.011593   -0.887034
-0.011188   -0.735987
-0.009875   -0.956294
-0.008599   -0.924384
-0.007962   -0.847939
-0.007105   -0.689864
-0.168612   -0.885377
-0.012579   -0.001657
-0.090084   -0.734330
-0.140982   -0.954637
-0.182294   -0.846282
-0.190357   -0.688207
-0.184445   -0.922727
-0.177265   0.000000
-0.104487   -1.859590
-0.103770   -1.958785
-0.094692   -1.262971
-0.091130   -1.655364
-0.046754   -0.891222
-0.039837   -0.980058
-0.039757   -1.079253
-0.039634   -0.498828
-0.039171   -0.775833
-0.037931   -0.602093
-0.124265   -0.885377
-0.050110   -0.005845
-0.178820   -0.492983
-0.204785   -0.596248
-0.207939   -0.769988
-0.226873   -1.073408
-0.220597   -0.974213
-0.196126   0.000000
-0.188606   -0.915391
-0.188423   -1.057964
-0.178202   -1.110872
-0.170910   -1.067023
-0.141084   -0.678228
-0.132417   -0.526596
-0.128326   -0.669169
-0.127136   -0.915005
-0.120549   -0.410027
-0.120206   -0.722076
-0.284998   -0.711461
-0.267564   -0.515980
-0.273129   -0.667612
-0.300767   -0.904389
-0.298913   -0.658553
-0.170211   -0.010616
-0.262799   -0.399411
-0.253290   0.000000
-0.190734   -1.439722
-0.189522   -1.457241
-0.186669   -1.844913
-0.184979   -1.336773
-0.134831   -1.094689
-0.132926   -0.944410
-0.128877   -0.974221
-0.127306   -1.045107
-0.126042   -0.436270
-0.108444   -1.077170
-0.290745   -1.057829
-0.189005   -0.036859
-0.293786   -1.040310
-0.294244   -1.008248
-0.290229   -0.937362
-0.269642   -0.907551
-0.260242   -0.399411
-0.241562   0.000000
-0.176526   -1.590559
-0.163358   -1.115312
-0.154427   -1.120631
-0.139959   -1.163444
-0.130085   -0.918166
-0.124235   -0.923485
-0.123310   -0.741413
-0.122173   -0.966298
-0.111954   -0.688305
-0.106238   -0.218377
-0.261421   -0.677689
-0.269915   -0.730797
-0.237306   -0.207761
-0.293575   -0.955683
-0.297050   -0.912870
-0.273825   -0.907551
-0.170015   -0.010616
-0.231221   0.000000
-0.202600   -2.085659
-0.193774   -1.412479
-0.187461   -1.993953
-0.186080   -1.969460
-0.183785   -1.258951
-0.181582   -1.715143
-0.176863   -1.231429
-0.170497   -1.115230
-0.161865   -1.139723
-0.149003   -0.860913
-0.284646   -1.029069
-0.287666   -1.210118
-0.260609   -1.056590
-0.231439   -0.202360
-0.299279   -0.912870
-0.300600   -0.937362
-0.292263   -0.658553
-0.245120   0.000000
-0.153910   -0.785141
-0.149394   -1.097371
-0.146028   -0.993512
-0.140103   -1.158043
-0.138820   -0.975609
-0.136380   -1.210609
-0.133339   -0.898379
-0.125605   -1.106750
-0.122376   -0.291483
-0.105311   -1.044806
-0.260009   -0.696018
-0.269263   -0.773249
-0.206731   -0.089123
-0.192650   -0.202360
-0.289302   -0.955683
-0.288128   -1.008248
-0.287591   -0.904389
-0.250025   0.000000
-0.138343   -1.129433
-0.135822   -0.721791
-0.125900   -0.247524
-0.119123   -1.110769
-0.118467   -0.261940
-0.111893   -0.756735
-0.101182   -1.264352
-0.096163   -0.212580
-0.094577   -0.143302
-0.058182   -0.296884
-0.198421   -0.054179
-0.222771   -0.158401
-0.198147   -0.089123
-0.235266   -1.056590
-0.217196   -0.207761
-0.287829   -1.040310
-0.255127   -0.667612
-0.239888   0.000000
-0.105305   -0.552839
-0.103503   -1.289229
-0.100657   -1.940915
-0.099756   -0.889198
-0.096883   -1.504046
-0.091090   -1.246977
-0.090182   -0.767656
-0.082180   -0.674381
-0.077760   -0.810108
-0.020538   -0.195260
-0.209446   -0.810637
-0.140741   -0.158401
-0.185773   -0.773249
-0.192967   -1.210118
-0.175126   -0.730797
-0.169150   -0.036859
-0.188387   -0.515980
-0.172185   0.000000
-0.183519   -1.740529
-0.177560   -1.407479
-0.157497   -0.864815
-0.153738   -1.706758
-0.146955   -1.373708
-0.140903   -0.765639
-0.135319   -0.731868
-0.133524   -1.083248
-0.133266   -0.750197
-0.132107   -1.112008
-0.277832   -0.810637
-0.180612   -0.054179
-0.268902   -0.696018
-0.278613   -1.029069
-0.254338   -0.677689
-0.284864   -1.057829
-0.273633   -0.711461
-0.252844   0.000000
-0.183498   -1.385447
-0.174955   -1.508304
-0.168089   -1.276213
-0.157336   -1.172735
-0.127690   -0.823621
-0.125115   -0.720143
-0.123199   -0.795272
-0.121153   -0.932854
-0.118350   -1.055712
-0.109548   -0.480268
-0.266730   -0.809783
-0.260663   -0.781435
-0.273417   -0.706305
-0.291513   -0.919017
-0.292047   -1.041874
-0.164952   -0.013837
-0.237417   -0.466430
-0.241159   0.000000
-0.181097   -1.397877
-0.177189   -1.207272
-0.168984   -1.200066
-0.168969   -0.936190
-0.166281   -1.094546
-0.162663   -0.972316
-0.161836   -1.046941
-0.154531   -0.708440
-0.149599   -0.668985
-0.116368   -0.943397
-0.284381   -0.844387
-0.214456   -0.202555
-0.287739   -0.740842
-0.280435   -0.505886
-0.283886   -0.733636
-0.267354   -0.891992
-0.237225   -0.466430
-0.236733   0.000000
-0.194783   -1.728543
-0.184067   -1.812176
-0.173654   -1.279367
-0.166608   -1.369206
-0.137101   -0.795867
-0.136805   -0.905829
-0.123309   -0.934022
-0.123239   -0.995668
-0.122118   -0.401213
-0.115659   -0.850389
-0.276712   -0.920184
-0.277665   -0.782029
-0.272752   -0.387375
-0.296600   -0.981830
-0.297772   -0.836551
-0.266438   -0.891992
-0.165761   -0.013837
-0.251208   0.000000
-0.194464   -1.743868
-0.183807   -1.203874
-0.181806   -1.705052
-0.175753   -0.877572
-0.174273   -1.224627
-0.171091   -1.256269
-0.167613   -1.499729
-0.163485   -1.396813
-0.160305   -1.050946
-0.155367   -0.948030
-0.272650   -1.010232
-0.257461   -0.989480
-0.232250   -0.663178
-0.209450   -0.214394
-0.294201   -0.836551
-0.282905   -0.733636
-0.296138   -1.041874
-0.233222   0.000000
-0.138075   -1.197820
-0.135174   -0.794521
-0.129162   -1.196225
-0.128283   -1.133411
-0.126340   -0.720280
-0.121814   -0.970173
-0.115626   -0.544628
-0.103473   -0.253136
-0.101665   -0.957759
-0.070057   -1.020572
-0.230095   -0.755779
-0.238370   -1.159078
-0.159520   -0.038742
-0.172745   -0.214394
-0.276723   -0.981830
-0.266117   -0.505886
-0.276518   -0.919017
-0.228571   0.000000
-0.108499   -0.779584
-0.103365   -0.701920
-0.096369   -1.369483
-0.093525   -1.050553
-0.089475   -0.672125
-0.085318   -0.068376
-0.076327   -0.047690
-0.068403   -0.038582
-0.064381   -0.745047
-0.040649   -0.426118
-0.187450   -0.008948
-0.187867   -0.029634
-0.137354   -0.038742
-0.180729   -0.663178
-0.224018   -0.387375
-0.260390   -0.740842
-0.244382   -0.706305
-0.230268   0.000000
-0.054813   -1.770915
-0.054168   -1.188712
-0.053217   -1.201367
-0.052448   -1.019114
-0.047516   -1.361632
-0.044178   -1.940513
-0.040581   -1.941107
-0.032348   -0.811663
-0.027650   -0.811069
-0.006753   -0.232189
-0.135602   -1.171732
-0.061601   -0.029634
-0.100244   -1.159078
-0.110134   -0.989480
-0.130582   -0.782029
-0.128830   -0.202555
-0.131541   -0.781435
-0.123089   0.000000
-0.147507   -1.600166
-0.142701   -1.930417
-0.132812   -1.565562
-0.115203   -1.675963
-0.104079   -1.180680
-0.095405   -0.764727
-0.094866   -1.019180
-0.089699   -0.929132
-0.082689   -0.853335
-0.076753   -0.818731
-0.229983   -1.171732
-0.115051   -0.008948
-0.199673   -0.755779
-0.222710   -1.010232
-0.235308   -0.920184
-0.247590   -0.844387
-0.241462   -0.809783
-0.216386   0.000000
-8.549814   -1.734295
-8.460746   -1.113323
-8.064856   -0.939322
-7.880941   -1.194165
-7.752435   -0.637574
-7.550854   -0.373807
-7.435613   -0.811575
-7.287489   -0.892416
-7.274441   -1.073630
-7.143979   -1.432547
-13.180704   -0.601545
-13.288865   -1.037601
-13.455397   -1.396518
-13.173152   -0.856387
-12.950758   -0.775546
-11.560578   -0.337778
-10.035649   -0.036029
-11.107377   0.000000
-7.490019   -1.769966
-7.467944   -1.709580
-7.302918   -1.569612
-7.101496   -1.257411
-6.026054   -0.790802
-5.887487   -1.051223
-5.594314   -0.990836
-5.572746   -0.850868
-5.558047   -0.738413
-5.449391   -0.538667
-11.909286   -0.814839
-11.775082   -0.502638
-12.324482   -0.954807
-12.187078   -1.015193
-11.853717   -0.702384
-10.672859   -0.754773
-7.990651   -0.036029
-10.051196   0.000000
-7.896092   -1.544162
-7.797275   -1.127167
-7.759094   -1.415056
-7.695710   -1.445448
-7.669566   -1.660867
-7.473473   -1.243872
-7.276410   -0.998061
-7.165329   -1.028453
-7.058430   -1.576978
-7.024657   -1.159983
-12.130129   -0.906094
-12.154429   -0.789389
-11.942349   -0.822205
-12.190260   -0.690675
-11.773449   -0.660283
-10.731099   -0.754773
-9.931744   -0.337778
-9.998253   0.000000
-8.236474   -1.934534
-8.070628   -1.325309
-7.329615   -1.015916
-7.311766   -1.800784
-7.309003   -1.873946
-7.306359   -1.758683
-7.239245   -1.063044
-7.031485   -0.929293
-6.907019   -1.002455
-6.340805   -0.887193
-11.840048   -0.836135
-12.980262   -0.789006
-10.172874   -1.098400
-9.186042   -0.226910
-13.034582   -0.660283
-12.828664   -0.702384
-12.970800   -0.775546
-10.909292   0.000000
-6.376879   -0.917585
-6.038119   -1.287341
-5.928762   -0.937488
-4.999581   -0.803672
-4.013943   -0.580824
-3.986071   -0.714640
-3.342004   -0.860448
-3.304945   -1.019255
-3.241334   -0.230971
-3.158311   -0.694737
-10.192339   -0.576763
-12.538682   -0.710578
-4.949478   -0.004061
-8.672493   -0.226910
-13.015720   -0.690675
-13.258647   -1.015193
-13.408918   -0.856387
-11.576534   0.000000
-7.294055   -1.920605
-5.944672   -1.113993
-5.109415   -1.141293
-4.668966   -0.058486
-4.116619   -1.102461
-3.515019   -1.400579
-3.429732   -0.958868
-3.202021   -0.826267
-3.026093   -0.046955
-2.597934   -0.019654
-9.693092   -0.042893
-12.000268   -0.015593
-4.997962   -0.004061
-9.918841   -1.098400
-13.318398   -0.822205
-13.611044   -0.954807
-13.865618   -1.396518
-11.820122   0.000000
-5.906995   -1.729975
-5.823983   -1.499967
-5.637211   -1.748179
-5.203280   -1.213216
-3.779066   -1.034990
-3.651294   -0.726172
-3.606453   -0.804599
-2.761991   -0.804982
-2.668425   -1.053194
-1.816149   -0.518231
-9.863816   -1.019397
-4.480963   -0.015593
-9.124161   -0.710578
-11.188991   -0.789006
-11.800999   -0.789389
-11.076727   -0.502638
-11.661787   -1.037601
-10.555972   0.000000
-5.516722   -1.482857
-5.414143   -1.596160
-5.328609   -1.178307
-5.305815   -1.391602
-4.850086   -1.062290
-4.783349   -0.619656
-4.435531   -0.879028
-4.096438   -0.857732
-4.062665   -0.644438
-3.985528   -0.948987
-10.671857   -1.019397
-6.040933   -0.042893
-8.081375   -0.576763
-10.494213   -0.836135
-11.497609   -0.906094
-11.358117   -0.814839
-11.241249   -0.601545
-9.856067   0.000000
-8.894352   -1.340081
-8.820502   -1.298745
-8.810634   -1.429491
-8.638534   -1.062646
-8.602304   -1.012902
-8.540323   -1.249001
-8.510296   -1.103982
-8.285041   -0.463094
-8.161127   -1.199954
-8.052681   -1.193392
-13.209258   -0.899405
-13.062790   -0.990485
-13.249690   -0.949149
-13.194396   -1.086457
-13.294115   -1.079894
-11.918040   -0.349596
-11.200067   -0.113497
-11.064265   0.000000
-8.137115   -1.932898
-8.087497   -1.694322
-7.843008   -1.947549
-7.832468   -1.821126
-7.733391   -1.005134
-7.608771   -1.154759
-7.496474   -1.169409
-7.321973   -0.850659
-7.303593   -1.042986
-6.624866   -0.916183
-12.090015   -0.929489
-12.036018   -0.737162
-12.460076   -1.055912
-12.555091   -1.041261
-12.469607   -0.802685
-11.424527   -0.891637
-9.915496   -0.113497
-10.506062   0.000000
-8.611592   -1.241233
-8.604680   -1.738549
-8.479314   -1.908849
-8.365714   -1.710723
-8.286383   -2.198353
-8.143908   -1.656312
-8.122133   -1.380242
-7.940986   -1.366808
-7.890238   -1.269060
-7.814518   -1.168682
-12.418234   -0.919464
-12.430513   -1.030645
-12.379108   -1.017211
-12.435291   -1.306716
-12.347261   -0.819086
-11.682437   -0.891637
-10.845327   -0.349596
-10.447726   0.000000
-7.622823   -1.545748
-7.498718   -1.148681
-7.313189   -1.069351
-6.956551   -1.008297
-6.737220   -1.922961
-6.522035   -1.662152
-6.290746   -1.108301
-6.287889   -1.385510
-6.266033   -1.124701
-6.083594   -1.645752
-11.532441   -0.763736
-12.447989   -0.702682
-9.187304   -0.843066
-8.954655   -0.305615
-12.905965   -0.819086
-12.619533   -0.802685
-13.087831   -1.079894
-10.575691   0.000000
-6.360342   -1.346876
-5.981269   -2.468687
-5.454188   -1.476154
-5.199115   -1.603763
-3.855864   -1.300757
-3.843475   -1.173149
-3.476659   -1.043871
-3.106748   -0.308225
-3.061701   -1.089066
-3.007511   -1.309325
-10.051484   -1.298147
-12.410775   -1.170539
-4.410340   -0.002610
-8.893044   -0.305615
-13.665503   -1.306716
-13.690770   -1.041261
-13.614837   -1.086457
-11.696564   0.000000
-6.547248   -1.898978
-4.865819   -0.855060
-4.372297   -0.863146
-3.921639   -0.032074
-3.470289   -0.845676
-3.360686   -1.058521
-3.135079   -0.951758
-2.968573   -1.019821
-2.376603   -0.022689
-2.118729   -0.014603
-8.759112   -0.020080
-11.700000   -0.011994
-4.421821   -0.002610
-9.471934   -0.843066
-13.356370   -1.017211
-13.544056   -1.055912
-13.528904   -0.949149
-11.500340   0.000000
-5.444529   -2.201185
-5.274721   -2.161024
-5.125148   -1.907701
-4.890330   -1.555301
-2.941790   -1.182533
-2.798372   -0.396756
-2.635073   -0.714676
-2.376615   -1.042639
-2.173834   -1.002479
-1.536890   -0.749156
-9.079026   -0.384762
-3.255715   -0.011994
-8.094576   -1.170539
-10.507381   -0.702682
-11.747593   -1.030645
-11.777073   -0.737162
-11.966442   -0.990485
-10.679845   0.000000
-4.865774   -2.197552
-4.701387   -1.148498
-4.643008   -2.217611
-3.954747   -1.682909
-3.460686   -0.404842
-3.384237   -0.783816
-3.362462   -1.318227
-3.147047   -0.939543
-2.986145   -0.919485
-2.932627   -0.949569
-9.110185   -0.384762
-4.230595   -0.020080
-6.928610   -1.298147
-9.590583   -0.763736
-11.240317   -0.919464
-11.191071   -0.929489
-11.412703   -0.899405
-9.846526   0.000000
-8.114424   -0.868803
-8.078138   -1.002316
-7.867620   -0.925983
-7.657883   -0.814599
-7.652643   -0.867192
-7.602031   -1.000705
-7.483100   -0.924372
-7.246247   -0.812988
-6.861591   -1.236449
-6.643958   -0.105756
-12.633798   -0.815119
-12.610883   -0.948632
-13.272825   -1.184377
-13.340965   -0.872299
-13.136863   -0.760916
-10.677346   -0.053684
-9.811645   -0.052073
-11.659288   0.000000
-8.934151   -2.048509
-8.911663   -1.755630
-8.801560   -1.438463
-8.630236   -1.786324
-8.418924   -0.965084
-8.048813   -0.934391
-7.594245   -0.880886
-7.447661   -1.187570
-7.339117   -0.577525
-7.283220   -0.925385
-12.918620   -0.882318
-12.438351   -0.525452
-13.249554   -0.828813
-13.233139   -1.135498
-12.935324   -0.873312
-12.168442   -0.913011
-10.344651   -0.052073
-10.523162   0.000000
-8.475760   -1.966585
-8.458345   -1.517495
-7.990204   -1.565390
-7.724046   -1.560768
-6.518630   -0.966695
-6.293281   -0.655320
-6.084758   -1.107257
-5.968477   -0.658167
-5.911484   -0.706062
-5.787191   -0.701440
-12.174177   -0.604484
-12.494278   -0.601637
-12.307686   -0.652378
-12.739009   -0.647756
-12.832054   -1.053573
-11.367555   -0.913011
-8.134612   -0.053684
-11.006883   0.000000
-8.559315   -1.869507
-8.316232   -0.953977
-8.080308   -1.633240
-8.056585   -0.897972
-8.039460   -1.813502
-7.674684   -1.520844
-7.654039   -1.030485
-7.162624   -1.191616
-7.057207   -0.898959
-6.907505   -1.011355
-13.044125   -0.892442
-11.166303   -0.815933
-10.811784   -0.759928
-9.635021   -0.138043
-13.252110   -1.053573
-13.241036   -0.873312
-12.591201   -0.760916
-11.165433   0.000000
-7.080568   -1.037512
-6.855426   -0.785799
-6.848921   -1.273541
-6.438609   -1.057470
-6.106122   -1.393218
-5.985992   -0.883504
-5.845351   -1.293499
-5.715977   -1.030300
-4.976961   -0.296044
-4.755262   -0.805758
-12.690809   -0.899468
-8.760861   -0.745461
-7.692986   -0.158001
-9.748731   -0.138043
-13.182886   -0.647756
-13.472781   -1.135498
-13.176890   -0.872299
-11.870911   0.000000
-5.421923   -0.986815
-5.062129   -1.342378
-4.327961   -0.810379
-3.475336   -0.165226
-3.085392   -0.760853
-2.844844   -1.185301
-2.731330   -0.158925
-2.664745   -0.829737
-2.067833   -0.653302
-0.906554   -0.008148
-10.202349   -0.007224
-3.716287   -0.000924
-7.351843   -0.158001
-10.540957   -0.759928
-12.752454   -0.652378
-12.688675   -0.828813
-12.570501   -1.184377
-10.965968   0.000000
-3.715453   -1.270913
-3.522481   -1.694094
-3.178385   -1.347098
-3.129376   -1.575543
-0.637050   -0.831006
-0.544194   -0.816858
-0.527620   -0.746385
-0.472934   -0.602561
-0.452406   -0.949557
-0.298705   -0.526376
-9.267908   -0.830081
-0.721095   -0.000924
-5.133890   -0.745461
-8.084323   -0.815933
-10.025362   -0.601637
-9.876290   -0.525452
-9.929238   -0.948632
-9.387081   0.000000
-4.659819   -1.503952
-4.498865   -1.645201
-4.487995   -1.712399
-3.673278   -1.434565
-2.633404   -0.837306
-2.330638   -0.906693
-2.241706   -0.899666
-2.180274   -0.889542
-2.112774   -0.611708
-2.047584   -0.822344
-6.167227   -0.830081
-2.873581   -0.007224
-8.197047   -0.899468
-10.324317   -0.892442
-10.084978   -0.604484
-10.395670   -0.882318
-10.036754   -0.815119
-9.851178   0.000000
-8.467703   -1.073657
-8.191557   -0.939425
-8.126695   -1.011294
-8.047469   -0.885438
-7.881125   -1.074149
-7.880622   -1.022663
-7.419045   -0.960301
-7.277039   -0.834444
-7.138894   -0.250866
-6.837220   -0.888431
-12.774674   -0.974213
-11.984691   -0.922727
-12.380776   -0.788495
-12.990032   -0.860364
-12.979945   -0.734508
-10.718026   -0.150930
-10.092124   -0.099936
-10.528606   0.000000
-9.264140   -1.586902
-9.178406   -1.428518
-8.832157   -1.793215
-8.566392   -1.571478
-8.219441   -0.840247
-8.115751   -1.173345
-8.052148   -0.788144
-7.726589   -1.152841
-7.489594   -0.931103
-7.092149   -0.946528
-13.230843   -1.073408
-12.701723   -0.688207
-13.022731   -0.846592
-13.263376   -0.831167
-13.330405   -1.052905
-12.025590   -0.740311
-10.445100   -0.099936
-11.442262   0.000000
-7.600742   -1.510298
-7.561509   -1.618552
-7.003821   -1.526768
-6.729913   -1.393274
-6.670373   -0.891241
-6.613562   -1.029171
-6.480721   -0.997212
-6.164810   -0.920917
-6.130098   -0.937387
-5.891803   -0.803893
-11.600002   -0.769988
-11.210204   -0.846282
-10.826696   -0.652963
-12.215804   -0.878241
-12.038864   -0.786457
-10.555506   -0.740311
-8.641515   -0.150930
-10.445820   0.000000
-8.675486   -1.153205
-8.452291   -1.689145
-8.301661   -1.383158
-8.010347   -1.971047
-7.954967   -0.794816
-7.894759   -2.237495
-7.495794   -1.919098
-7.286299   -1.251472
-7.256289   -0.985025
-7.249393   -0.933075
-12.503312   -0.596248
-10.824022   -0.954637
-10.691798   -1.184590
-9.879656   -0.198567
-12.869642   -0.786457
-13.396509   -1.052905
-13.013119   -0.734508
-11.179992   0.000000
-6.882431   -1.076809
-6.767558   -0.629007
-6.617623   -1.594694
-6.566375   -0.932897
-6.550758   -1.565497
-6.472425   -1.612571
-5.843210   -0.967191
-5.627169   -0.996388
-5.457684   -0.334592
-4.967413   -1.014265
-12.055755   -0.492983
-8.464598   -0.734330
-7.666178   -0.136024
-9.737767   -0.198567
-12.988247   -0.878241
-13.138406   -0.831167
-12.887408   -0.860364
-10.770784   0.000000
-4.740737   -0.982616
-4.262284   -0.924519
-3.456683   -0.788987
-3.130034   -1.186247
-2.937632   -0.848248
-2.840564   -0.790152
-2.832220   -0.137681
-2.831690   -0.141869
-2.451239   -0.654620
-0.863309   -0.007502
-9.011308   -0.005845
-3.460173   -0.001657
-6.662620   -0.136024
-9.855887   -1.184590
-11.180694   -0.652963
-11.923989   -0.846592
-11.522945   -0.788495
-10.147576   0.000000
-2.623480   -1.422537
-2.516263   -1.657057
-2.191933   -1.619707
-2.124056   -1.580612
-0.512853   -0.887034
-0.494944   -0.735987
-0.436864   -0.956294
-0.380414   -0.924384
-0.352231   -0.847939
-0.314322   -0.689864
-7.458992   -0.885377
-0.556452   -0.001657
-3.985115   -0.734330
-6.236715   -0.954637
-8.064246   -0.846282
-8.420921   -0.688207
-8.159395   -0.922727
-7.841761   0.000000
-4.622276   -1.859590
-4.590546   -1.958785
-4.188956   -1.262971
-4.031365   -1.655364
-2.068288   -0.891222
-1.762308   -0.980058
-1.758749   -1.079253
-1.753305   -0.498828
-1.732810   -0.775833
-1.677971   -0.602093
-5.497209   -0.885377
-2.216733   -0.005845
-7.910564   -0.492983
-9.059206   -0.596248
-9.198713   -0.769988
-10.036344   -1.073408
-9.758680   -0.974213
-8.676163   0.000000
-8.259137   -0.915391
-8.251152   -1.057964
-7.803556   -1.110872
-7.484218   -1.067023
-6.178124   -0.678228
-5.798627   -0.526596
-5.619445   -0.669169
-5.567356   -0.915005
-5.278924   -0.410027
-5.263877   -0.722076
-12.480208   -0.711461
-11.716754   -0.515980
-11.960480   -0.667612
-13.170729   -0.904389
-13.089544   -0.658553
-7.453609   -0.010616
-11.508111   -0.399411
-11.091700   0.000000
-8.352355   -1.439722
-8.299252   -1.457241
-8.174350   -1.844913
-8.100333   -1.336773
-5.904330   -1.094689
-5.820909   -0.944410
-5.643604   -0.974221
-5.574787   -1.045107
-5.519433   -0.436270
-4.748804   -1.077170
-12.731867   -1.057829
-8.276609   -0.036859
-12.865022   -1.040310
-12.885076   -1.008248
-12.709278   -0.937362
-11.807740   -0.907551
-11.396127   -0.399411
-10.578118   0.000000
-7.730147   -1.590559
-7.153540   -1.115312
-6.762435   -1.120631
-6.128884   -1.163444
-5.696486   -0.918166
-5.440325   -0.923485
-5.399827   -0.741413
-5.350038   -0.966298
-4.902512   -0.688305
-4.652235   -0.218377
-11.447743   -0.677689
-11.819723   -0.730797
-10.391745   -0.207761
-12.855813   -0.955683
-13.007951   -0.912870
-11.990940   -0.907551
-7.445058   -0.010616
-10.125279   0.000000
-8.871966   -2.085659
-8.485450   -1.412479
-8.208998   -1.993953
-8.148544   -1.969460
-8.048060   -1.258951
-7.951579   -1.715143
-7.744929   -1.231429
-7.466130   -1.115230
-7.088132   -1.139723
-6.524929   -0.860913
-12.464783   -1.029069
-12.597047   -1.210118
-11.412214   -1.056590
-10.134836   -0.202360
-13.105598   -0.912870
-13.163435   -0.937362
-12.798334   -0.658553
-10.733913   0.000000
-6.739811   -0.785141
-6.542055   -1.097371
-6.394624   -0.993512
-6.135195   -1.158043
-6.079013   -0.975609
-5.972134   -1.210609
-5.838979   -0.898379
-5.500326   -1.106750
-5.358891   -0.291483
-4.611633   -1.044806
-11.385920   -0.696018
-11.791165   -0.773249
-9.052849   -0.089123
-8.436264   -0.202360
-12.668686   -0.955683
-12.617288   -1.008248
-12.593775   -0.904389
-10.948730   0.000000
-6.058112   -1.129433
-5.947722   -0.721791
-5.513238   -0.247524
-5.216462   -1.110769
-5.187743   -0.261940
-4.899846   -0.756735
-4.430826   -1.264352
-4.211030   -0.212580
-4.141556   -0.143302
-2.547821   -0.296884
-8.688979   -0.054179
-9.755275   -0.158401
-8.676981   -0.089123
-10.302410   -1.056590
-9.511104   -0.207761
-12.604191   -1.040310
-11.172145   -0.667612
-10.504823   0.000000
-4.611366   -0.552839
-4.532456   -1.289229
-4.407834   -1.940915
-4.368347   -0.889198
-4.242572   -1.504046
-3.988885   -1.246977
-3.949136   -0.767656
-3.598704   -0.674381
-3.405171   -0.810108
-0.899348   -0.195260
-9.171752   -0.810637
-6.163119   -0.158401
-8.135081   -0.773249
-8.450111   -1.210118
-7.668843   -0.730797
-7.407145   -0.036859
-8.249549   -0.515980
-7.540065   0.000000
-8.036381   -1.740529
-7.775431   -1.407479
-6.896881   -0.864815
-6.732253   -1.706758
-6.435214   -1.373708
-6.170230   -0.765639
-5.925689   -0.731868
-5.847100   -1.083248
-5.835774   -0.750197
-5.785027   -1.112008
-12.166395   -0.810637
-7.909090   -0.054179
-11.775366   -0.696018
-12.200626   -1.029069
-11.137577   -0.677689
-12.474347   -1.057829
-11.982522   -0.711461
-11.072185   0.000000
-8.008100   -1.385447
-7.635267   -1.508304
-7.335617   -1.276213
-6.866341   -1.172735
-5.572561   -0.823621
-5.460165   -0.720143
-5.376555   -0.795272
-5.287280   -0.932854
-5.164939   -1.055712
-4.780804   -0.480268
-11.640443   -0.809783
-11.375670   -0.781435
-11.932259   -0.706305
-12.722019   -0.919017
-12.745296   -1.041874
-7.198700   -0.013837
-10.361174   -0.466430
-10.524480   0.000000
-7.903318   -1.397877
-7.732768   -1.207272
-7.374687   -1.200066
-7.374014   -0.936190
-7.256731   -1.094546
-7.098837   -0.972316
-7.062715   -1.046941
-6.743922   -0.708440
-6.528686   -0.668985
-5.078444   -0.943397
-12.410740   -0.844387
-9.359134   -0.202555
-12.557291   -0.740842
-12.238538   -0.505886
-12.389176   -0.733636
-11.667666   -0.891992
-10.352812   -0.466430
-10.331340   0.000000
-8.500564   -1.728543
-8.032933   -1.812176
-7.578468   -1.279367
-7.270995   -1.369206
-5.983258   -0.795867
-5.970356   -0.905829
-5.381363   -0.934022
-5.378326   -0.995668
-5.329385   -0.401213
-5.047497   -0.850389
-12.076081   -0.920184
-12.117679   -0.782029
-11.903267   -0.387375
-12.944018   -0.981830
-12.995138   -0.836551
-11.627689   -0.891992
-7.234032   -0.013837
-10.963051   0.000000
-8.486641   -1.743868
-8.021588   -1.203874
-7.934252   -1.705052
-7.670100   -0.877572
-7.605513   -1.224627
-7.466627   -1.256269
-7.314870   -1.499729
-7.134711   -1.396813
-6.995916   -1.050946
-6.780410   -0.948030
-11.898787   -1.010232
-11.235930   -0.989480
-10.135701   -0.663178
-9.140684   -0.214394
-12.839294   -0.836551
-12.346349   -0.733636
-12.923861   -1.041874
-10.178094   0.000000
-6.025777   -1.197820
-5.899177   -0.794521
-5.636801   -1.196225
-5.598458   -1.133411
-5.513623   -0.720280
-5.316121   -0.970173
-5.046048   -0.544628
-4.515693   -0.253136
-4.436794   -0.957759
-3.057397   -1.020572
-10.041634   -0.755779
-10.402760   -1.159078
-6.961651   -0.038742
-7.538819   -0.214394
-12.076538   -0.981830
-11.613671   -0.505886
-12.067600   -0.919017
-9.975127   0.000000
-4.735019   -0.779584
-4.510985   -0.701920
-4.205674   -1.369483
-4.081563   -1.050553
-3.904827   -0.672125
-3.723380   -0.068376
-3.330989   -0.047690
-2.985177   -0.038582
-2.809654   -0.745047
-1.773955   -0.426118
-8.180564   -0.008948
-8.198773   -0.029634
-5.994309   -0.038742
-7.887251   -0.663178
-9.776419   -0.387375
-11.363742   -0.740842
-10.665142   -0.706305
-10.049196   0.000000
-2.392092   -1.770915
-2.363966   -1.188712
-2.322466   -1.201367
-2.288920   -1.019114
-2.073653   -1.361632
-1.927985   -1.940513
-1.771029   -1.941107
-1.411702   -0.811663
-1.206673   -0.811069
-0.294701   -0.232189
-5.917847   -1.171732
-2.688327   -0.029634
-4.374799   -1.159078
-4.806395   -0.989480
-5.698789   -0.782029
-5.622316   -0.202555
-5.740638   -0.781435
-5.371761   0.000000
-6.437385   -1.600166
-6.227639   -1.930417
-5.796079   -1.565562
-5.027600   -1.675963
-4.542124   -1.180680
-4.163617   -0.764727
-4.140085   -1.019180
-3.914561   -0.929132
-3.608637   -0.853335
-3.349591   -0.818731
-10.036753   -1.171732
-5.020973   -0.008948
-8.714009   -0.755779
-9.719376   -1.010232
-10.269153   -0.920184
-10.805145   -0.844387
-10.537732   -0.809783
-9.443351   0.000000
-3.036797   -1.734295
-3.005161   -1.113323
-2.864546   -0.939322
-2.799221   -1.194165
-2.753577   -0.637574
-2.681978   -0.373807
-2.641045   -0.811575
-2.588434   -0.892416
-2.583799   -1.073630
-2.537461   -1.432547
-4.681637   -0.601545
-4.720054   -1.037601
-4.779205   -1.396518
-4.678954   -0.856387
-4.599963   -0.775546
-4.106186   -0.337778
-3.564549   -0.036029
-3.945215   0.000000
-2.660370   -1.769966
-2.652529   -1.709580
-2.593914   -1.569612
-2.522371   -1.257411
-2.140386   -0.790802
-2.091169   -1.051223
-1.987037   -0.990836
-1.979376   -0.850868
-1.974155   -0.738413
-1.935562   -0.538667
-4.230044   -0.814839
-4.182376   -0.502638
-4.377516   -0.954807
-4.328712   -1.015193
-4.210306   -0.702384
-3.790879   -0.754773
-2.838189   -0.036029
-3.570071   0.000000
-2.804603   -1.544162
-2.769504   -1.127167
-2.755942   -1.415056
-2.733429   -1.445448
-2.724143   -1.660867
-2.654493   -1.243872
-2.584498   -0.998061
-2.545044   -1.028453
-2.507075   -1.576978
-2.495079   -1.159983
-4.308484   -0.906094
-4.317115   -0.789389
-4.241787   -0.822205
-4.329842   -0.690675
-4.181796   -0.660283
-3.811565   -0.754773
-3.527643   -0.337778
-3.551266   0.000000
-2.925502   -1.934534
-2.866596   -1.325309
-2.603396   -1.015916
-2.597056   -1.800784
-2.596075   -1.873946
-2.595136   -1.758683
-2.571298   -1.063044
-2.497504   -0.929293
-2.453295   -1.002455
-2.252182   -0.887193
-4.205451   -0.836135
-4.610442   -0.789006
-3.613290   -1.098400
-3.262778   -0.226910
-4.629736   -0.660283
-4.556596   -0.702384
-4.607081   -0.775546
-3.874857   0.000000
-2.264995   -0.917585
-2.144671   -1.287341
-2.105829   -0.937488
-1.775795   -0.803672
-1.425707   -0.580824
-1.415807   -0.714640
-1.187042   -0.860448
-1.173879   -1.019255
-1.151285   -0.230971
-1.121796   -0.694737
-3.620203   -0.576763
-4.453598   -0.710578
-1.757999   -0.004061
-3.080371   -0.226910
-4.623036   -0.690675
-4.709321   -1.015193
-4.762696   -0.856387
-4.111854   0.000000
-2.590766   -1.920605
-2.111480   -1.113993
-1.814806   -1.141293
-1.658364   -0.058486
-1.462177   -1.102461
-1.248495   -1.400579
-1.218202   -0.958868
-1.137322   -0.826267
-1.074834   -0.046955
-0.922757   -0.019654
-3.442876   -0.042893
-4.262359   -0.015593
-1.775219   -0.004061
-3.523060   -1.098400
-4.730544   -0.822205
-4.834489   -0.954807
-4.924910   -1.396518
-4.198373   0.000000
-2.098098   -1.729975
-2.068613   -1.499967
-2.002274   -1.748179
-1.848146   -1.213216
-1.342281   -1.034990
-1.296898   -0.726172
-1.280971   -0.804599
-0.981028   -0.804982
-0.947794   -1.053194
-0.645076   -0.518231
-3.503516   -1.019397
-1.591587   -0.015593
-3.240799   -0.710578
-3.974203   -0.789006
-4.191581   -0.789389
-3.934328   -0.502638
-4.142135   -1.037601
-3.749362   0.000000
-1.959477   -1.482857
-1.923042   -1.596160
-1.892661   -1.178307
-1.884565   -1.391602
-1.722696   -1.062290
-1.698991   -0.619656
-1.575450   -0.879028
-1.455009   -0.857732
-1.443012   -0.644438
-1.415614   -0.948987
-3.790523   -1.019397
-2.145671   -0.042893
-2.870413   -0.576763
-3.727426   -0.836135
-4.083820   -0.906094
-4.034274   -0.814839
-3.992764   -0.601545
-3.500763   0.000000
-3.036797   -1.734295
-3.005161   -1.113323
-2.864546   -0.939322
-2.799221   -1.194165
-2.753577   -0.637574
-2.681978   -0.373807
-2.641045   -0.811575
-2.588434   -0.892416
-2.583799   -1.073630
-2.537461   -1.432547
-4.681637   -0.601545
-4.720054   -1.037601
-4.779205   -1.396518
-4.678954   -0.856387
-4.599963   -0.775546
-4.106186   -0.337778
-3.564549   -0.036029
-3.945215   0.000000
-2.660370   -1.769966
-2.652529   -1.709580
-2.593914   -1.569612
-2.522371   -1.257411
-2.140386   -0.790802
-2.091169   -1.051223
-1.987037   -0.990836
-1.979376   -0.850868
-1.974155   -0.738413
-1.935562   -0.538667
-4.230044   -0.814839
-4.182376   -0.502638
-4.377516   -0.954807
-4.328712   -1.015193
-4.210306   -0.702384
-3.790879   -0.754773
-2.838189   -0.036029
-3.570071   0.000000
-2.804603   -1.544162
-2.769504   -1.127167
-2.755942   -1.415056
-2.733429   -1.445448
-2.724143   -1.660867
-2.654493   -1.243872
-2.584498   -0.998061
-2.545044   -1.028453
-2.507075   -1.576978
-2.495079   -1.159983
-4.308484   -0.906094
-4.317115   -0.789389
-4.241787   -0.822205
-4.329842   -0.690675
-4.181796   -0.660283
-3.811565   -0.754773
-3.527643   -0.337778
-3.551266   0.000000
-2.925502   -1.934534
-2.866596   -1.325309
-2.603396   -1.015916
-2.597056   -1.800784
-2.596075   -1.873946
-2.595136   -1.758683
-2.571298   -1.063044
-2.497504   -0.929293
-2.453295   -1.002455
-2.252182   -0.887193
-4.205451   -0.836135
-4.610442   -0.789006
-3.613290   -1.098400
-3.262778   -0.226910
-4.629736   -0.660283
-4.556596   -0.702384
-4.607081   -0.775546
-3.874857   0.000000
-2.264995   -0.917585
-2.144671   -1.287341
-2.105829   -0.937488
-1.775795   -0.803672
-1.425707   -0.580824
-1.415807   -0.714640
-1.187042   -0.860448
-1.173879   -1.019255
-1.151285   -0.230971
-1.121796   -0.694737
-3.620203   -0.576763
-4.453598   -0.710578
-1.757999   -0.004061
-3.080371   -0.226910
-4.623036   -0.690675
-4.709321   -1.015193
-4.762696   -0.856387
-4.111854   0.000000
-2.590766   -1.920605
-2.111480   -1.113993
-1.814806   -1.141293
-1.658364   -0.058486
-1.462177   -1.102461
-1.248495   -1.400579
-1.218202   -0.958868
-1.137322   -0.826267
-1.074834   -0.046955
-0.922757   -0.019654
-3.442876   -0.042893
-4.262359   -0.015593
-1.775219   -0.004061
-3.523060   -1.098400
-4.730544   -0.822205
-4.834489   -0.954807
-4.924910   -1.396518
-4.198373   0.000000
-2.098098   -1.729975
-2.068613   -1.499967
-2.002274   -1.748179
-1.848146   -1.213216
-1.342281   -1.034990
-1.296898   -0.726172
-1.280971   -0.804599
-0.981028   -0.804982
-0.947794   -1.053194
-0.645076   -0.518231
-3.503516   -1.019397
-1.591587   -0.015593
-3.240799   -0.710578
-3.974203   -0.789006
-4.191581   -0.789389
-3.934328   -0.502638
-4.142135   -1.037601
-3.749362   0.000000
-1.959477   -1.482857
-1.923042   -1.596160
-1.892661   -1.178307
-1.884565   -1.391602
-1.722696   -1.062290
-1.698991   -0.619656
-1.575450   -0.879028
-1.455009   -0.857732
-1.443012   -0.644438
-1.415614   -0.948987
-3.790523   -1.019397
-2.145671   -0.042893
-2.870413   -0.576763
-3.727426   -0.836135
-4.083820   -0.906094
-4.034274   -0.814839
-3.992764   -0.601545
-3.500763   0.000000
