1  -83.000000 0.000000
1 2 -54.869833 -81.238136
1 3 -66.044260 -Inf
1 4 -69.936716 -Inf
1 5 -60.887691 -653.311748
1 6 -64.852057 -Inf
1 7 -64.833339 -651.585712
1 8 -79.958859 -Inf
1 9 -79.216076 -Inf
1 10 -59.326569 -737.166979
1 11 -68.825994 -Inf
1 12 -60.334134 -726.726137
1 13 -77.556633 -Inf
1 14 -64.588208 -654.047064
1 15 -73.166713 -Inf
1 16 -63.774182 -734.394738
1 17 -62.629237 -Inf
1 18 -77.253124 -Inf
1 19 -76.477685 -Inf
1 20 -76.531074 -Inf
1 2  3 -46.974462 -Inf
1 2  4 -47.087513 -Inf
1 2  5 -51.818470 -734.549883
1 2  6 -51.746485 -Inf
1 2  7 -48.301783 -732.823847
1 2  8 -49.948317 -Inf
1 2  9 -48.234797 -Inf
1 2  10 -44.985458 -818.405115
1 2  11 -45.954379 -Inf
1 2  12 -52.237703 -807.964273
1 2  13 -45.768306 -Inf
1 2  14 -42.028865 -735.285200
1 2  15 -47.722316 -Inf
1 2  16 -47.242768 -815.632873
1 2  17 -50.695735 -Inf
1 2  18 -50.180728 -Inf
1 2  19 -45.095307 -Inf
1 2  20 -45.628524 -Inf
1 3  4 -53.394497 -Inf
1 3  5 -46.467022 -Inf
1 3  6 -55.194655 -Inf
1 3  7 -54.960801 -Inf
1 3  8 -58.430681 -Inf
1 3  9 -60.997432 -Inf
1 3  10 -52.075088 -Inf
1 3  11 -54.415123 -Inf
1 3  12 -51.611010 -Inf
1 3  13 -55.571720 -Inf
1 3  14 -50.900678 -Inf
1 3  15 -53.748950 -Inf
1 3  16 -52.255439 -Inf
1 3  17 -51.540713 -Inf
1 3  18 -57.621345 -Inf
1 3  19 -55.872782 -Inf
1 3  20 -57.746164 -Inf
1 4  5 -51.432134 -Inf
1 4  6 -53.519287 -Inf
1 4  7 -56.120495 -Inf
1 4  8 -63.887749 -Inf
1 4  9 -61.293714 -Inf
1 4  10 -52.224467 -Inf
1 4  11 -55.366243 -Inf
1 4  12 -50.052674 -Inf
1 4  13 -53.719552 -Inf
1 4  14 -54.933701 -Inf
1 4  15 -55.506025 -Inf
1 4  16 -53.087332 -Inf
1 4  17 -54.316367 -Inf
1 4  18 -57.627445 -Inf
1 4  19 -56.717431 -Inf
1 4  20 -61.849978 -Inf
1 5  6 -50.937568 -Inf
1 5  7 -52.250300 -1304.897459
1 5  8 -52.872782 -Inf
1 5  9 -54.856846 -Inf
1 5  10 -43.273307 -1390.478727
1 5  11 -50.409256 -Inf
1 5  12 -54.054527 -1380.037885
1 5  13 -53.057613 -Inf
1 5  14 -47.474014 -1307.358811
1 5  15 -41.488755 -Inf
1 5  16 -47.430938 -1387.706485
1 5  17 -55.987505 -Inf
1 5  18 -55.142119 -Inf
1 5  19 -48.949833 -Inf
1 5  20 -52.204705 -Inf
1 6  7 -57.492259 -Inf
1 6  8 -59.231084 -Inf
1 6  9 -53.812200 -Inf
1 6  10 -54.587465 -Inf
1 6  11 -56.451548 -Inf
1 6  12 -56.691034 -Inf
1 6  13 -56.066295 -Inf
1 6  14 -54.165280 -Inf
1 6  15 -55.835552 -Inf
1 6  16 -52.616832 -Inf
1 6  17 -56.463421 -Inf
1 6  18 -59.228490 -Inf
1 6  19 -55.308314 -Inf
1 6  20 -56.754394 -Inf
1 7  8 -56.959411 -Inf
1 7  9 -58.590262 -Inf
1 7  10 -53.374626 -1388.752691
1 7  11 -57.589532 -Inf
1 7  12 -53.835569 -1378.311849
1 7  13 -51.804546 -Inf
1 7  14 -53.119191 -1305.632775
1 7  15 -54.114748 -Inf
1 7  16 -50.211272 -1385.980449
1 7  17 -55.060289 -Inf
1 7  18 -59.025950 -Inf
1 7  19 -51.190457 -Inf
1 7  20 -57.913255 -Inf
1 8  9 -67.803507 -Inf
1 8  10 -55.095091 -Inf
1 8  11 -61.343139 -Inf
1 8  12 -51.362474 -Inf
1 8  13 -68.447150 -Inf
1 8  14 -57.766728 -Inf
1 8  15 -67.391996 -Inf
1 8  16 -58.255280 -Inf
1 8  17 -57.547959 -Inf
1 8  18 -65.267153 -Inf
1 8  19 -68.383082 -Inf
1 8  20 -66.495338 -Inf
1 9  10 -52.500302 -Inf
1 9  11 -64.468600 -Inf
1 9  12 -51.965670 -Inf
1 9  13 -65.042309 -Inf
1 9  14 -57.304409 -Inf
1 9  15 -63.610297 -Inf
1 9  16 -55.151266 -Inf
1 9  17 -55.387239 -Inf
1 9  18 -65.209876 -Inf
1 9  19 -64.619183 -Inf
1 9  20 -68.448663 -Inf
1 10  11 -50.602331 -Inf
1 10  12 -48.923473 -1463.893117
1 10  13 -44.467470 -Inf
1 10  14 -49.852297 -1391.214043
1 10  15 -48.941089 -Inf
1 10  16 -56.707029 -1471.561717
1 10  17 -49.608531 -Inf
1 10  18 -55.738203 -Inf
1 10  19 -49.348235 -Inf
1 10  20 -52.854262 -Inf
1 11  12 -51.133518 -Inf
1 11  13 -54.158452 -Inf
1 11  14 -55.408082 -Inf
1 11  15 -52.294944 -Inf
1 11  16 -52.190765 -Inf
1 11  17 -53.721973 -Inf
1 11  18 -55.981122 -Inf
1 11  19 -56.903516 -Inf
1 11  20 -61.883484 -Inf
1 12  13 -49.573834 -Inf
1 12  14 -46.959351 -1380.773201
1 12  15 -47.527817 -Inf
1 12  16 -47.080979 -1461.120875
1 12  17 -55.438977 -Inf
1 12  18 -56.535647 -Inf
1 12  19 -48.532829 -Inf
1 12  20 -53.235567 -Inf
1 13  14 -55.118163 -Inf
1 13  15 -65.446731 -Inf
1 13  16 -55.190299 -Inf
1 13  17 -54.987187 -Inf
1 13  18 -66.510368 -Inf
1 13  19 -72.442561 -Inf
1 13  20 -63.357110 -Inf
1 14  15 -55.069046 -Inf
1 14  16 -52.716918 -1388.441801
1 14  17 -51.197824 -Inf
1 14  18 -55.497959 -Inf
1 14  19 -54.991488 -Inf
1 14  20 -56.776291 -Inf
1 15  16 -51.534815 -Inf
1 15  17 -51.506847 -Inf
1 15  18 -60.148351 -Inf
1 15  19 -63.975900 -Inf
1 15  20 -62.887483 -Inf
1 16  17 -48.357141 -Inf
1 16  18 -55.731788 -Inf
1 16  19 -56.180320 -Inf
1 16  20 -56.750037 -Inf
1 17  18 -59.431200 -Inf
1 17  19 -51.854983 -Inf
1 17  20 -53.850656 -Inf
1 18  19 -66.868608 -Inf
1 18  20 -64.681429 -Inf
1 19  20 -66.862039 -Inf
2  -83.000000 0.000000
2 1 -54.526316 -81.238136
2 3 -31.925708 -220.298009
2 4 -51.655254 -674.742755
2 5 -36.489124 -487.686127
2 6 -23.006074 -396.565715
2 7 -24.132294 -0.040552
2 8 -57.399115 -604.158394
2 9 -62.781082 -590.702118
2 10 -23.216611 -404.494566
2 11 -42.525208 -655.487205
2 12 -23.231009 -Inf
2 13 -59.957417 -Inf
2 14 -31.783476 -191.231415
2 15 -64.630011 -Inf
2 16 -51.396211 -Inf
2 17 -23.701990 -Inf
2 18 -64.136221 -529.804737
2 19 -59.734600 -Inf
2 20 -54.788003 -Inf
2 1  3 -22.152776 -301.536145
2 1  4 -35.776049 -755.980890
2 1  5 -31.071208 -568.924263
2 1  6 -17.522139 -477.803851
2 1  7 -17.040949 -81.278688
2 1  8 -34.231181 -685.396529
2 1  9 -35.946730 -671.940254
2 1  10 -17.055410 -485.732702
2 1  11 -31.250620 -736.725340
2 1  12 -18.282259 -Inf
2 1  13 -37.740208 -Inf
2 1  14 -20.998371 -272.469550
2 1  15 -39.232364 -Inf
2 1  16 -33.938175 -Inf
2 1  17 -17.679181 -Inf
2 1  18 -39.401176 -611.042873
2 1  19 -39.258997 -Inf
2 1  20 -33.831417 -Inf
2 3  4 -21.745532 -895.040763
2 3  5 -14.067398 -707.984136
2 3  6 -12.690941 -616.863724
2 3  7 -13.126880 -220.338561
2 3  8 -24.696237 -824.456403
2 3  9 -27.470536 -811.000127
2 3  10 -18.369866 -624.792575
2 3  11 -19.002570 -875.785213
2 3  12 -15.521245 -Inf
2 3  13 -19.680789 -Inf
2 3  14 -13.449909 -411.529424
2 3  15 -26.250403 -Inf
2 3  16 -19.964936 -Inf
2 3  17 -13.783909 -Inf
2 3  18 -20.443754 -750.102746
2 3  19 -20.510156 -Inf
2 3  20 -23.697358 -Inf
2 4  5 -29.353086 -1162.428882
2 4  6 -15.145940 -1071.308470
2 4  7 -19.214210 -674.783307
2 4  8 -38.815171 -1278.901148
2 4  9 -33.524804 -1265.444873
2 4  10 -14.844791 -1079.237321
2 4  11 -37.593439 -1330.229959
2 4  12 -18.885366 -Inf
2 4  13 -39.978982 -Inf
2 4  14 -24.047409 -865.974169
2 4  15 -42.247306 -Inf
2 4  16 -31.653146 -Inf
2 4  17 -21.914957 -Inf
2 4  18 -34.649423 -1204.547492
2 4  19 -38.477354 -Inf
2 4  20 -39.110780 -Inf
2 5  6 -12.487188 -884.251842
2 5  7 -16.311353 -487.726679
2 5  8 -24.798531 -1091.844521
2 5  9 -21.364338 -1078.388245
2 5  10 -12.782608 -892.180693
2 5  11 -30.739552 -1143.173332
2 5  12 -19.993776 -Inf
2 5  13 -30.478493 -Inf
2 5  14 -19.225749 -678.917542
2 5  15 -26.031700 -Inf
2 5  16 -29.700576 -Inf
2 5  17 -21.089973 -Inf
2 5  18 -21.227724 -1017.490864
2 5  19 -31.791355 -Inf
2 5  20 -26.889005 -Inf
2 6  7 -12.467207 -396.606267
2 6  8 -15.919734 -1000.724109
2 6  9 -16.449492 -987.267833
2 6  10 -18.388956 -801.060281
2 6  11 -14.855306 -1052.052920
2 6  12 -16.419024 -Inf
2 6  13 -21.346868 -Inf
2 6  14 -14.895887 -587.797130
2 6  15 -20.029111 -Inf
2 6  16 -19.925822 -Inf
2 6  17 -15.215060 -Inf
2 6  18 -17.320934 -926.370452
2 6  19 -21.210561 -Inf
2 6  20 -18.673229 -Inf
2 7  8 -19.471007 -604.198946
2 7  9 -17.603459 -590.742670
2 7  10 -13.052115 -404.535118
2 7  11 -19.208970 -655.527756
2 7  12 -13.674368 -Inf
2 7  13 -19.057162 -Inf
2 7  14 -19.550445 -191.271967
2 7  15 -20.491803 -Inf
2 7  16 -17.026000 -Inf
2 7  17 -13.397911 -Inf
2 7  18 -15.444984 -529.845289
2 7  19 -18.504948 -Inf
2 7  20 -22.386473 -Inf
2 8  9 -45.661270 -1194.860512
2 8  10 -14.929391 -1008.652960
2 8  11 -29.318714 -1259.645598
2 8  12 -16.315764 -Inf
2 8  13 -36.750792 -Inf
2 8  14 -24.100690 -795.389808
2 8  15 -49.232451 -Inf
2 8  16 -31.294523 -Inf
2 8  17 -17.341624 -Inf
2 8  18 -34.263665 -1133.963131
2 8  19 -35.206786 -Inf
2 8  20 -40.423537 -Inf
2 9  10 -18.023380 -995.196684
2 9  11 -30.917386 -1246.189323
2 9  12 -17.983729 -Inf
2 9  13 -38.377577 -Inf
2 9  14 -22.143155 -781.933533
2 9  15 -44.753582 -Inf
2 9  16 -30.652365 -Inf
2 9  17 -19.071230 -Inf
2 9  18 -44.876693 -1120.506855
2 9  19 -37.018937 -Inf
2 9  20 -39.559888 -Inf
2 10  11 -14.279558 -1059.981771
2 10  12 -14.103436 -Inf
2 10  13 -18.642972 -Inf
2 10  14 -14.539934 -595.725981
2 10  15 -18.850627 -Inf
2 10  16 -21.726060 -Inf
2 10  17 -12.874945 -Inf
2 10  18 -14.074792 -934.299303
2 10  19 -19.425492 -Inf
2 10  20 -18.995543 -Inf
2 11  12 -19.670442 -Inf
2 11  13 -32.128507 -Inf
2 11  14 -21.453081 -846.718619
2 11  15 -32.264742 -Inf
2 11  16 -28.068854 -Inf
2 11  17 -20.553122 -Inf
2 11  18 -25.847149 -1185.291942
2 11  19 -32.982833 -Inf
2 11  20 -31.888503 -Inf
2 12  13 -18.542918 -Inf
2 12  14 -14.605826 -Inf
2 12  15 -19.348513 -Inf
2 12  16 -16.245654 -Inf
2 12  17 -20.618782 -Inf
2 12  18 -20.493860 -Inf
2 12  19 -18.841808 -Inf
2 12  20 -19.734411 -Inf
2 13  14 -26.272254 -Inf
2 13  15 -44.001053 -Inf
2 13  16 -45.472209 -Inf
2 13  17 -18.598834 -Inf
2 13  18 -47.253431 -Inf
2 13  19 -57.739048 -Inf
2 13  20 -36.363079 -Inf
2 14  15 -26.810040 -Inf
2 14  16 -22.278666 -Inf
2 14  17 -14.320466 -Inf
2 14  18 -23.216678 -721.036152
2 14  19 -26.090270 -Inf
2 14  20 -26.865872 -Inf
2 15  16 -40.140609 -Inf
2 15  17 -20.258144 -Inf
2 15  18 -37.049279 -Inf
2 15  19 -44.927480 -Inf
2 15  20 -43.173412 -Inf
2 16  17 -16.200104 -Inf
2 16  18 -28.292525 -Inf
2 16  19 -45.153758 -Inf
2 16  20 -31.626769 -Inf
2 17  18 -19.691618 -Inf
2 17  19 -18.628594 -Inf
2 17  20 -18.657539 -Inf
2 18  19 -47.497916 -Inf
2 18  20 -32.935766 -Inf
2 19  20 -36.718040 -Inf
3  -83.000000 0.000000
3 1 -67.265648 -Inf
3 2 -30.739122 -220.298009
3 4 -67.234857 -Inf
3 5 -60.565626 -Inf
3 6 -38.502483 -655.160183
3 7 -49.506841 -Inf
3 8 -64.621164 -Inf
3 9 -57.777718 -0.040560
3 10 -24.373836 -0.004520
3 11 -62.031511 -Inf
3 12 -39.240402 -620.741491
3 13 -71.841309 -Inf
3 14 -59.131741 -Inf
3 15 -73.565927 -Inf
3 16 -62.996392 -Inf
3 17 -44.908271 -676.158117
3 18 -71.198286 -Inf
3 19 -71.020008 -Inf
3 20 -64.089049 -Inf
3 1  2 -28.293959 -Inf
3 1  4 -57.304661 -Inf
3 1  5 -50.951657 -Inf
3 1  6 -32.990053 -Inf
3 1  7 -39.732361 -Inf
3 1  8 -48.600828 -Inf
3 1  9 -37.628744 -Inf
3 1  10 -21.975588 -Inf
3 1  11 -50.896954 -Inf
3 1  12 -34.819478 -Inf
3 1  13 -56.192007 -Inf
3 1  14 -48.890950 -Inf
3 1  15 -56.425389 -Inf
3 1  16 -53.763675 -Inf
3 1  17 -38.233398 -Inf
3 1  18 -55.678129 -Inf
3 1  19 -56.856266 -Inf
3 1  20 -50.239517 -Inf
3 2  4 -28.863182 -Inf
3 2  5 -24.991812 -Inf
3 2  6 -24.801937 -875.458192
3 2  7 -28.762544 -Inf
3 2  8 -27.588543 -Inf
3 2  9 -18.410641 -220.338568
3 2  10 -20.157597 -220.302529
3 2  11 -25.395483 -Inf
3 2  12 -25.221169 -841.039500
3 2  13 -25.882120 -Inf
3 2  14 -28.668220 -Inf
3 2  15 -27.209292 -Inf
3 2  16 -27.749102 -Inf
3 2  17 -26.753541 -896.456126
3 2  18 -29.092441 -Inf
3 2  19 -26.661576 -Inf
3 2  20 -27.960299 -Inf
3 4  5 -54.395076 -Inf
3 4  6 -32.523097 -Inf
3 4  7 -44.285856 -Inf
3 4  8 -54.807182 -Inf
3 4  9 -44.850012 -Inf
3 4  10 -21.029060 -Inf
3 4  11 -57.793461 -Inf
3 4  12 -35.828785 -Inf
3 4  13 -59.899587 -Inf
3 4  14 -50.408247 -Inf
3 4  15 -59.784726 -Inf
3 4  16 -50.905936 -Inf
3 4  17 -42.354481 -Inf
3 4  18 -49.043812 -Inf
3 4  19 -59.150621 -Inf
3 4  20 -53.808208 -Inf
3 5  6 -29.158736 -Inf
3 5  7 -40.514864 -Inf
3 5  8 -45.428268 -Inf
3 5  9 -35.517459 -Inf
3 5  10 -18.651450 -Inf
3 5  11 -49.209503 -Inf
3 5  12 -34.510292 -Inf
3 5  13 -56.415598 -Inf
3 5  14 -46.467055 -Inf
3 5  15 -47.279812 -Inf
3 5  16 -49.923490 -Inf
3 5  17 -40.005434 -Inf
3 5  18 -41.237703 -Inf
3 5  19 -56.341872 -Inf
3 5  20 -46.906492 -Inf
3 6  7 -32.633017 -Inf
3 6  8 -33.646799 -Inf
3 6  9 -25.949749 -655.200742
3 6  10 -17.252390 -655.164703
3 6  11 -27.930284 -Inf
3 6  12 -31.021688 -1275.901674
3 6  13 -33.200301 -Inf
3 6  14 -35.611994 -Inf
3 6  15 -36.311404 -Inf
3 6  16 -27.462274 -Inf
3 6  17 -29.803409 -1331.318300
3 6  18 -34.771780 -Inf
3 6  19 -34.560859 -Inf
3 6  20 -33.601438 -Inf
3 7  8 -41.108389 -Inf
3 7  9 -27.960518 -Inf
3 7  10 -21.461148 -Inf
3 7  11 -43.127612 -Inf
3 7  12 -32.045054 -Inf
3 7  13 -43.339409 -Inf
3 7  14 -43.341864 -Inf
3 7  15 -44.308976 -Inf
3 7  16 -40.509833 -Inf
3 7  17 -34.331311 -Inf
3 7  18 -40.208983 -Inf
3 7  19 -41.156785 -Inf
3 7  20 -45.124442 -Inf
3 8  9 -49.566697 -Inf
3 8  10 -20.020604 -Inf
3 8  11 -48.501884 -Inf
3 8  12 -33.248557 -Inf
3 8  13 -49.268001 -Inf
3 8  14 -50.157759 -Inf
3 8  15 -55.989017 -Inf
3 8  16 -45.193653 -Inf
3 8  17 -36.819470 -Inf
3 8  18 -49.287321 -Inf
3 8  19 -48.495718 -Inf
3 8  20 -55.024984 -Inf
3 9  10 -15.063392 -0.045080
3 9  11 -38.771300 -Inf
3 9  12 -28.717984 -620.782050
3 9  13 -44.223611 -Inf
3 9  14 -38.453155 -Inf
3 9  15 -44.366372 -Inf
3 9  16 -33.427545 -Inf
3 9  17 -33.430139 -676.198677
3 9  18 -49.615116 -Inf
3 9  19 -42.121251 -Inf
3 9  20 -42.650873 -Inf
3 10  11 -18.767251 -Inf
3 10  12 -17.073690 -620.746011
3 10  13 -22.604672 -Inf
3 10  14 -22.381829 -Inf
3 10  15 -22.701378 -Inf
3 10  16 -23.367364 -Inf
3 10  17 -18.077459 -676.162637
3 10  18 -18.023159 -Inf
3 10  19 -21.189135 -Inf
3 10  20 -21.539306 -Inf
3 11  12 -30.366881 -Inf
3 11  13 -56.777130 -Inf
3 11  14 -50.057480 -Inf
3 11  15 -48.443500 -Inf
3 11  16 -47.642322 -Inf
3 11  17 -33.140581 -Inf
3 11  18 -39.087578 -Inf
3 11  19 -55.524688 -Inf
3 11  20 -49.278972 -Inf
3 12  13 -33.696043 -Inf
3 12  14 -34.854939 -Inf
3 12  15 -34.367634 -Inf
3 12  16 -28.390398 -Inf
3 12  17 -32.350795 -1296.899608
3 12  18 -37.926437 -Inf
3 12  19 -35.181039 -Inf
3 12  20 -34.299666 -Inf
3 13  14 -51.202880 -Inf
3 13  15 -54.520002 -Inf
3 13  16 -56.643536 -Inf
3 13  17 -40.209093 -Inf
3 13  18 -56.954701 -Inf
3 13  19 -67.660070 -Inf
3 13  20 -53.256811 -Inf
3 14  15 -53.030077 -Inf
3 14  16 -48.502027 -Inf
3 14  17 -38.033572 -Inf
3 14  18 -48.979300 -Inf
3 14  19 -50.943901 -Inf
3 14  20 -54.104221 -Inf
3 15  16 -54.813109 -Inf
3 15  17 -41.013448 -Inf
3 15  18 -48.734617 -Inf
3 15  19 -54.614000 -Inf
3 15  20 -54.834622 -Inf
3 16  17 -34.649052 -Inf
3 16  18 -44.264267 -Inf
3 16  19 -56.773663 -Inf
3 16  20 -48.118010 -Inf
3 17  18 -41.592370 -Inf
3 17  19 -39.934166 -Inf
3 17  20 -35.500192 -Inf
3 18  19 -59.192831 -Inf
3 18  20 -49.925876 -Inf
3 19  20 -52.255554 -Inf
4  -83.000000 0.000000
4 1 -69.101780 -Inf
4 2 -50.497748 -674.742755
4 3 -66.433123 -Inf
4 5 -56.729401 -536.975063
4 6 -57.637086 -Inf
4 7 -53.278861 -Inf
4 8 -69.467703 -Inf
4 9 -78.490281 -Inf
4 10 -64.111846 -Inf
4 11 -34.058102 -0.040560
4 12 -52.086505 -Inf
4 13 -73.809571 -Inf
4 14 -63.340153 -Inf
4 15 -71.974625 -703.492046
4 16 -72.595034 -Inf
4 17 -43.358239 -Inf
4 18 -77.830231 -Inf
4 19 -74.409949 -Inf
4 20 -69.305513 -Inf
4 1  2 -45.870919 -Inf
4 1  3 -59.366585 -Inf
4 1  5 -50.210903 -Inf
4 1  6 -48.911851 -Inf
4 1  7 -45.807055 -Inf
4 1  8 -56.023489 -Inf
4 1  9 -59.490727 -Inf
4 1  10 -58.093565 -Inf
4 1  11 -29.080559 -Inf
4 1  12 -46.605063 -Inf
4 1  13 -57.891840 -Inf
4 1  14 -54.692630 -Inf
4 1  15 -57.865471 -Inf
4 1  16 -57.947005 -Inf
4 1  17 -37.309905 -Inf
4 1  18 -57.133849 -Inf
4 1  19 -61.876538 -Inf
4 1  20 -55.451220 -Inf
4 2  3 -46.451758 -Inf
4 2  5 -41.500504 -1211.717818
4 2  6 -43.107979 -Inf
4 2  7 -43.977854 -Inf
4 2  8 -46.871529 -Inf
4 2  9 -42.966610 -Inf
4 2  10 -43.572783 -Inf
4 2  11 -27.789263 -674.783314
4 2  12 -44.247902 -Inf
4 2  13 -47.672809 -Inf
4 2  14 -48.081317 -Inf
4 2  15 -46.352993 -1378.234801
4 2  16 -46.018445 -Inf
4 2  17 -38.892456 -Inf
4 2  18 -47.385308 -Inf
4 2  19 -48.476043 -Inf
4 2  20 -46.916628 -Inf
4 3  5 -44.393899 -Inf
4 3  6 -51.198212 -Inf
4 3  7 -49.831417 -Inf
4 3  8 -54.744264 -Inf
4 3  9 -61.707634 -Inf
4 3  10 -60.637649 -Inf
4 3  11 -26.775794 -Inf
4 3  12 -46.717495 -Inf
4 3  13 -59.679616 -Inf
4 3  14 -54.427896 -Inf
4 3  15 -55.454968 -Inf
4 3  16 -58.534747 -Inf
4 3  17 -37.212797 -Inf
4 3  18 -55.230200 -Inf
4 3  19 -61.618121 -Inf
4 3  20 -59.374225 -Inf
4 5  6 -38.738277 -Inf
4 5  7 -45.127466 -Inf
4 5  8 -49.696945 -Inf
4 5  9 -49.363591 -Inf
4 5  10 -48.190161 -Inf
4 5  11 -28.974148 -537.015623
4 5  12 -40.364953 -Inf
4 5  13 -49.217590 -Inf
4 5  14 -48.262614 -Inf
4 5  15 -46.380674 -1240.467109
4 5  16 -53.194667 -Inf
4 5  17 -32.594634 -Inf
4 5  18 -45.575567 -Inf
4 5  19 -50.418364 -Inf
4 5  20 -50.781899 -Inf
4 6  7 -42.757572 -Inf
4 6  8 -48.143198 -Inf
4 6  9 -53.393193 -Inf
4 6  10 -52.948008 -Inf
4 6  11 -29.356911 -Inf
4 6  12 -44.248870 -Inf
4 6  13 -53.150281 -Inf
4 6  14 -43.352173 -Inf
4 6  15 -51.953139 -Inf
4 6  16 -52.797328 -Inf
4 6  17 -38.958927 -Inf
4 6  18 -49.405737 -Inf
4 6  19 -53.437970 -Inf
4 6  20 -49.537152 -Inf
4 7  8 -44.818274 -Inf
4 7  9 -49.029894 -Inf
4 7  10 -43.638917 -Inf
4 7  11 -27.132068 -Inf
4 7  12 -43.758638 -Inf
4 7  13 -47.445549 -Inf
4 7  14 -48.976110 -Inf
4 7  15 -44.164416 -Inf
4 7  16 -46.253036 -Inf
4 7  17 -36.430116 -Inf
4 7  18 -47.079877 -Inf
4 7  19 -46.765362 -Inf
4 7  20 -48.178367 -Inf
4 8  9 -65.115496 -Inf
4 8  10 -53.580349 -Inf
4 8  11 -27.919632 -Inf
4 8  12 -45.527904 -Inf
4 8  13 -56.379108 -Inf
4 8  14 -55.580877 -Inf
4 8  15 -65.199773 -Inf
4 8  16 -57.904791 -Inf
4 8  17 -38.451494 -Inf
4 8  18 -58.374464 -Inf
4 8  19 -56.301369 -Inf
4 8  20 -57.627907 -Inf
4 9  10 -60.419422 -Inf
4 9  11 -28.230247 -Inf
4 9  12 -46.471888 -Inf
4 9  13 -66.145560 -Inf
4 9  14 -58.283075 -Inf
4 9  15 -60.298810 -Inf
4 9  16 -66.593894 -Inf
4 9  17 -37.780649 -Inf
4 9  18 -70.929915 -Inf
4 9  19 -67.205001 -Inf
4 9  20 -65.390893 -Inf
4 10  11 -27.577050 -Inf
4 10  12 -45.891705 -Inf
4 10  13 -56.165654 -Inf
4 10  14 -53.924375 -Inf
4 10  15 -56.010963 -Inf
4 10  16 -59.581894 -Inf
4 10  17 -37.842445 -Inf
4 10  18 -55.908883 -Inf
4 10  19 -57.733733 -Inf
4 10  20 -57.455167 -Inf
4 11  12 -30.462079 -Inf
4 11  13 -29.897168 -Inf
4 11  14 -30.695498 -Inf
4 11  15 -25.922581 -703.532606
4 11  16 -31.871940 -Inf
4 11  17 -30.213981 -Inf
4 11  18 -31.586362 -Inf
4 11  19 -31.147546 -Inf
4 11  20 -30.664943 -Inf
4 12  13 -47.333708 -Inf
4 12  14 -47.669115 -Inf
4 12  15 -45.919417 -Inf
4 12  16 -46.880322 -Inf
4 12  17 -35.229423 -Inf
4 12  18 -49.505566 -Inf
4 12  19 -47.971080 -Inf
4 12  20 -47.783451 -Inf
4 13  14 -59.499081 -Inf
4 13  15 -61.942739 -Inf
4 13  16 -66.564257 -Inf
4 13  17 -39.586524 -Inf
4 13  18 -61.005289 -Inf
4 13  19 -71.910830 -Inf
4 13  20 -56.590348 -Inf
4 14  15 -53.915552 -Inf
4 14  16 -55.073436 -Inf
4 14  17 -40.383916 -Inf
4 14  18 -51.810292 -Inf
4 14  19 -58.897428 -Inf
4 14  20 -58.072839 -Inf
4 15  16 -58.327287 -Inf
4 15  17 -36.591799 -Inf
4 15  18 -62.150559 -Inf
4 15  19 -63.464659 -Inf
4 15  20 -54.352152 -Inf
4 16  17 -38.113900 -Inf
4 16  18 -58.637916 -Inf
4 16  19 -67.921410 -Inf
4 16  20 -57.480663 -Inf
4 17  18 -37.785927 -Inf
4 17  19 -40.549714 -Inf
4 17  20 -38.348654 -Inf
4 18  19 -63.980436 -Inf
4 18  20 -57.952336 -Inf
4 19  20 -59.560886 -Inf
5  -83.000000 0.000000
5 1 -58.350594 -653.311748
5 2 -33.860003 -487.686127
5 3 -59.999477 -Inf
5 4 -50.970027 -536.975063
5 6 -50.849732 -Inf
5 7 -48.267869 -Inf
5 8 -68.112583 -538.674943
5 9 -76.260648 -Inf
5 10 -50.404910 -Inf
5 11 -28.363477 -177.092420
5 12 -25.050386 -519.038971
5 13 -63.944951 -Inf
5 14 -52.056558 -733.383184
5 15 -69.023302 -Inf
5 16 -58.116646 -Inf
5 17 -21.809475 -512.303366
5 18 -64.557164 -Inf
5 19 -62.855837 -Inf
5 20 -68.659065 -Inf
5 1  2 -28.960886 -1140.997875
5 1  3 -40.665122 -Inf
5 1  4 -37.319897 -1190.286811
5 1  6 -39.604179 -Inf
5 1  7 -35.871829 -Inf
5 1  8 -42.780508 -1191.986691
5 1  9 -49.033189 -Inf
5 1  10 -35.954822 -Inf
5 1  11 -20.715645 -830.404168
5 1  12 -20.687639 -1172.350719
5 1  13 -39.959699 -Inf
5 1  14 -38.022138 -1386.694932
5 1  15 -41.593189 -Inf
5 1  16 -40.472392 -Inf
5 1  17 -18.877963 -1165.615114
5 1  18 -40.230025 -Inf
5 1  19 -39.355888 -Inf
5 1  20 -43.246232 -Inf
5 2  3 -27.890520 -Inf
5 2  4 -27.982925 -1024.661191
5 2  6 -30.757061 -Inf
5 2  7 -32.001810 -Inf
5 2  8 -28.503990 -1026.361070
5 2  9 -30.696278 -Inf
5 2  10 -29.754257 -Inf
5 2  11 -18.965514 -664.778547
5 2  12 -21.941734 -1006.725098
5 2  13 -29.174695 -Inf
5 2  14 -29.615848 -1221.069311
5 2  15 -26.004177 -Inf
5 2  16 -30.898600 -Inf
5 2  17 -19.216281 -999.989493
5 2  18 -25.311327 -Inf
5 2  19 -31.469399 -Inf
5 2  20 -29.474467 -Inf
5 3  4 -35.494221 -Inf
5 3  6 -39.076111 -Inf
5 3  7 -41.739013 -Inf
5 3  8 -47.891807 -Inf
5 3  9 -51.749617 -Inf
5 3  10 -43.324132 -Inf
5 3  11 -23.485215 -Inf
5 3  12 -22.161890 -Inf
5 3  13 -44.914292 -Inf
5 3  14 -37.233012 -Inf
5 3  15 -45.407720 -Inf
5 3  16 -43.652630 -Inf
5 3  17 -19.550614 -Inf
5 3  18 -32.964726 -Inf
5 3  19 -46.181320 -Inf
5 3  20 -49.771460 -Inf
5 4  6 -36.909588 -Inf
5 4  7 -31.957475 -Inf
5 4  8 -42.745590 -1075.650007
5 4  9 -41.348799 -Inf
5 4  10 -32.277223 -Inf
5 4  11 -22.212805 -714.067483
5 4  12 -21.912665 -1056.014035
5 4  13 -38.164497 -Inf
5 4  14 -36.570340 -1270.358248
5 4  15 -41.174047 -Inf
5 4  16 -36.559607 -Inf
5 4  17 -18.092092 -1049.278430
5 4  18 -34.878120 -Inf
5 4  19 -37.512379 -Inf
5 4  20 -44.717888 -Inf
5 6  7 -39.316323 -Inf
5 6  8 -37.107259 -Inf
5 6  9 -44.067556 -Inf
5 6  10 -44.472125 -Inf
5 6  11 -22.741972 -Inf
5 6  12 -14.976286 -Inf
5 6  13 -47.203370 -Inf
5 6  14 -42.913932 -Inf
5 6  15 -39.429006 -Inf
5 6  16 -43.111240 -Inf
5 6  17 -15.045671 -Inf
5 6  18 -28.177203 -Inf
5 6  19 -47.275461 -Inf
5 6  20 -45.689939 -Inf
5 7  8 -41.195037 -Inf
5 7  9 -43.366554 -Inf
5 7  10 -38.279933 -Inf
5 7  11 -24.375124 -Inf
5 7  12 -20.795179 -Inf
5 7  13 -38.329194 -Inf
5 7  14 -40.551718 -Inf
5 7  15 -34.786016 -Inf
5 7  16 -37.791915 -Inf
5 7  17 -19.565300 -Inf
5 7  18 -32.961427 -Inf
5 7  19 -38.110671 -Inf
5 7  20 -43.401863 -Inf
5 8  9 -59.575616 -Inf
5 8  10 -37.712134 -Inf
5 8  11 -24.204714 -715.767363
5 8  12 -20.026672 -1057.713914
5 8  13 -47.794032 -Inf
5 8  14 -39.927619 -1272.058127
5 8  15 -58.314423 -Inf
5 8  16 -42.767608 -Inf
5 8  17 -18.167554 -1050.978309
5 8  18 -45.270961 -Inf
5 8  19 -44.936137 -Inf
5 8  20 -49.642374 -Inf
5 9  10 -44.035667 -Inf
5 9  11 -26.481752 -Inf
5 9  12 -23.101000 -Inf
5 9  13 -53.245557 -Inf
5 9  14 -43.649733 -Inf
5 9  15 -58.343707 -Inf
5 9  16 -47.667233 -Inf
5 9  17 -19.296553 -Inf
5 9  18 -53.571055 -Inf
5 9  19 -53.418158 -Inf
5 9  20 -60.991787 -Inf
5 10  11 -20.973892 -Inf
5 10  12 -21.088855 -Inf
5 10  13 -43.660275 -Inf
5 10  14 -42.366906 -Inf
5 10  15 -38.769786 -Inf
5 10  16 -47.123893 -Inf
5 10  17 -18.346284 -Inf
5 10  18 -31.612436 -Inf
5 10  19 -44.335333 -Inf
5 10  20 -41.092070 -Inf
5 11  12 -16.430789 -696.131391
5 11  13 -18.957026 -Inf
5 11  14 -20.508444 -910.475604
5 11  15 -25.287041 -Inf
5 11  16 -21.081442 -Inf
5 11  17 -17.592954 -689.395786
5 11  18 -18.602203 -Inf
5 11  19 -21.739153 -Inf
5 11  20 -22.859237 -Inf
5 12  13 -21.592910 -Inf
5 12  14 -20.461701 -1252.422155
5 12  15 -19.571741 -Inf
5 12  16 -23.844368 -Inf
5 12  17 -18.613718 -1031.342338
5 12  18 -24.161628 -Inf
5 12  19 -21.931303 -Inf
5 12  20 -20.980031 -Inf
5 13  14 -43.904746 -Inf
5 13  15 -49.404624 -Inf
5 13  16 -49.590556 -Inf
5 13  17 -18.276374 -Inf
5 13  18 -48.991905 -Inf
5 13  19 -57.701236 -Inf
5 13  20 -47.205184 -Inf
5 14  15 -36.690164 -Inf
5 14  16 -43.634791 -Inf
5 14  17 -18.147400 -1245.686550
5 14  18 -38.283399 -Inf
5 14  19 -42.078656 -Inf
5 14  20 -43.628858 -Inf
5 15  16 -44.371253 -Inf
5 15  17 -18.205322 -Inf
5 15  18 -47.686293 -Inf
5 15  19 -48.147645 -Inf
5 15  20 -49.904686 -Inf
5 16  17 -20.253471 -Inf
5 16  18 -37.479536 -Inf
5 16  19 -49.631331 -Inf
5 16  20 -43.498635 -Inf
5 17  18 -19.653380 -Inf
5 17  19 -18.400142 -Inf
5 17  20 -16.746366 -Inf
5 18  19 -50.641764 -Inf
5 18  20 -44.002384 -Inf
5 19  20 -46.316761 -Inf
6  -83.000000 0.000000
6 1 -63.053389 -Inf
6 2 -22.963520 -396.565715
6 3 -42.269574 -655.160183
6 4 -57.135512 -Inf
6 5 -52.076605 -Inf
6 7 -36.919780 -Inf
6 8 -68.143044 -Inf
6 9 -69.984166 -Inf
6 10 -14.838420 -0.002448
6 11 -52.386842 -615.743883
6 12 -19.400121 -455.061595
6 13 -50.835111 -Inf
6 14 -42.070946 -Inf
6 15 -69.418013 -Inf
6 16 -49.032524 -Inf
6 17 -25.113905 -Inf
6 18 -54.765341 -Inf
6 19 -50.322414 -Inf
6 20 -61.841131 -Inf
6 1  2 -21.690050 -Inf
6 1  3 -36.231833 -Inf
6 1  4 -43.660261 -Inf
6 1  5 -45.612086 -Inf
6 1  7 -31.486345 -Inf
6 1  8 -51.169207 -Inf
6 1  9 -48.275115 -Inf
6 1  10 -12.583152 -Inf
6 1  11 -44.214045 -Inf
6 1  12 -17.768986 -Inf
6 1  13 -36.600095 -Inf
6 1  14 -35.759108 -Inf
6 1  15 -51.939433 -Inf
6 1  16 -35.979833 -Inf
6 1  17 -22.331168 -Inf
6 1  18 -39.852745 -Inf
6 1  19 -37.530532 -Inf
6 1  20 -45.513299 -Inf
6 2  3 -20.963528 -1051.725898
6 2  4 -20.444952 -Inf
6 2  5 -22.101818 -Inf
6 2  7 -19.504292 -Inf
6 2  8 -20.059129 -Inf
6 2  9 -20.013353 -Inf
6 2  10 -11.334825 -396.568163
6 2  11 -19.590387 -1012.309599
6 2  12 -13.750780 -851.627311
6 2  13 -18.035392 -Inf
6 2  14 -20.417602 -Inf
6 2  15 -21.376470 -Inf
6 2  16 -15.637513 -Inf
6 2  17 -16.967290 -Inf
6 2  18 -16.120181 -Inf
6 2  19 -17.627395 -Inf
6 2  20 -20.989977 -Inf
6 3  4 -31.915071 -Inf
6 3  5 -29.956999 -Inf
6 3  7 -27.483817 -Inf
6 3  8 -37.572806 -Inf
6 3  9 -37.427422 -Inf
6 3  10 -11.059247 -655.162630
6 3  11 -31.837685 -1270.904066
6 3  12 -16.549905 -1110.221778
6 3  13 -24.571028 -Inf
6 3  14 -27.326322 -Inf
6 3  15 -37.747966 -Inf
6 3  16 -19.557275 -Inf
6 3  17 -20.375900 -Inf
6 3  18 -23.039346 -Inf
6 3  19 -24.231497 -Inf
6 3  20 -36.167521 -Inf
6 4  5 -42.866215 -Inf
6 4  7 -31.206520 -Inf
6 4  8 -48.229413 -Inf
6 4  9 -41.801600 -Inf
6 4  10 -11.783386 -Inf
6 4  11 -47.061132 -Inf
6 4  12 -15.419569 -Inf
6 4  13 -37.005642 -Inf
6 4  14 -33.030042 -Inf
6 4  15 -50.056557 -Inf
6 4  16 -27.522251 -Inf
6 4  17 -23.963847 -Inf
6 4  18 -31.852583 -Inf
6 4  19 -36.359058 -Inf
6 4  20 -47.255476 -Inf
6 5  7 -31.493341 -Inf
6 5  8 -41.395653 -Inf
6 5  9 -36.886975 -Inf
6 5  10 -12.222969 -Inf
6 5  11 -42.535340 -Inf
6 5  12 -13.917442 -Inf
6 5  13 -38.161080 -Inf
6 5  14 -34.690605 -Inf
6 5  15 -42.525656 -Inf
6 5  16 -32.350415 -Inf
6 5  17 -18.573192 -Inf
6 5  18 -20.894352 -Inf
6 5  19 -37.999753 -Inf
6 5  20 -43.171796 -Inf
6 7  8 -34.201646 -Inf
6 7  9 -29.310764 -Inf
6 7  10 -11.360138 -Inf
6 7  11 -31.721839 -Inf
6 7  12 -14.153958 -Inf
6 7  13 -24.259203 -Inf
6 7  14 -30.226776 -Inf
6 7  15 -33.530137 -Inf
6 7  16 -21.103099 -Inf
6 7  17 -19.123411 -Inf
6 7  18 -22.415681 -Inf
6 7  19 -23.710899 -Inf
6 7  20 -35.526395 -Inf
6 8  9 -60.669112 -Inf
6 8  10 -12.477964 -Inf
6 8  11 -39.101209 -Inf
6 8  12 -17.118581 -Inf
6 8  13 -38.660043 -Inf
6 8  14 -37.159327 -Inf
6 8  15 -60.695867 -Inf
6 8  16 -38.525453 -Inf
6 8  17 -20.789484 -Inf
6 8  18 -35.455606 -Inf
6 8  19 -37.321468 -Inf
6 8  20 -51.687741 -Inf
6 9  10 -12.417573 -Inf
6 9  11 -40.747416 -Inf
6 9  12 -16.322324 -Inf
6 9  13 -36.228493 -Inf
6 9  14 -33.709737 -Inf
6 9  15 -55.541209 -Inf
6 9  16 -32.908584 -Inf
6 9  17 -22.107016 -Inf
6 9  18 -41.032125 -Inf
6 9  19 -33.953370 -Inf
6 9  20 -51.359149 -Inf
6 10  11 -11.415915 -615.746331
6 10  12 -8.549190 -455.064043
6 10  13 -9.824898 -Inf
6 10  14 -12.158811 -Inf
6 10  15 -12.098025 -Inf
6 10  16 -14.453286 -Inf
6 10  17 -8.628025 -Inf
6 10  18 -9.842841 -Inf
6 10  19 -10.215006 -Inf
6 10  20 -13.598256 -Inf
6 11  12 -16.680577 -1070.805479
6 11  13 -35.523883 -Inf
6 11  14 -33.596448 -Inf
6 11  15 -42.634657 -Inf
6 11  16 -29.119345 -Inf
6 11  17 -19.327821 -Inf
6 11  18 -27.335456 -Inf
6 11  19 -33.907180 -Inf
6 11  20 -43.864043 -Inf
6 12  13 -13.075865 -Inf
6 12  14 -13.938988 -Inf
6 12  15 -15.665717 -Inf
6 12  16 -11.531170 -Inf
6 12  17 -18.023347 -Inf
6 12  18 -18.335780 -Inf
6 12  19 -13.179658 -Inf
6 12  20 -16.720043 -Inf
6 13  14 -30.161245 -Inf
6 13  15 -39.138382 -Inf
6 13  16 -42.116913 -Inf
6 13  17 -16.706764 -Inf
6 13  18 -34.380016 -Inf
6 13  19 -49.220985 -Inf
6 13  20 -36.253569 -Inf
6 14  15 -37.598821 -Inf
6 14  16 -26.466763 -Inf
6 14  17 -17.726830 -Inf
6 14  18 -23.860201 -Inf
6 14  19 -29.949430 -Inf
6 14  20 -36.256120 -Inf
6 15  16 -40.689249 -Inf
6 15  17 -21.079641 -Inf
6 15  18 -33.444277 -Inf
6 15  19 -39.793158 -Inf
6 15  20 -53.496016 -Inf
6 16  17 -13.657233 -Inf
6 16  18 -22.829849 -Inf
6 16  19 -41.720666 -Inf
6 16  20 -31.464768 -Inf
6 17  18 -20.884306 -Inf
6 17  19 -16.159288 -Inf
6 17  20 -22.167231 -Inf
6 18  19 -34.073898 -Inf
6 18  20 -30.150862 -Inf
6 19  20 -35.288810 -Inf
7  -83.000000 0.000000
7 1 -60.549281 -651.585712
7 2 -23.601751 -0.040552
7 3 -51.175688 -Inf
7 4 -55.552557 -Inf
7 5 -45.271273 -Inf
7 6 -38.184238 -Inf
7 8 -64.131793 -462.970908
7 9 -69.736771 -Inf
7 10 -37.282091 -Inf
7 11 -49.556732 -Inf
7 12 -35.805098 -Inf
7 13 -64.926233 -Inf
7 14 -26.452883 -238.283170
7 15 -68.944432 -Inf
7 16 -61.873731 -Inf
7 17 -34.167485 -702.584777
7 18 -69.213324 -Inf
7 19 -64.065681 -Inf
7 20 -46.664865 -Inf
7 1  2 -20.317243 -651.626264
7 1  3 -39.887263 -Inf
7 1  4 -42.988382 -Inf
7 1  5 -37.511946 -Inf
7 1  6 -31.567331 -Inf
7 1  8 -42.873064 -1114.556620
7 1  9 -45.963394 -Inf
7 1  10 -29.271249 -Inf
7 1  11 -38.405070 -Inf
7 1  12 -29.470193 -Inf
7 1  13 -43.562545 -Inf
7 1  14 -21.354013 -889.868882
7 1  15 -46.916380 -Inf
7 1  16 -44.460775 -Inf
7 1  17 -27.269992 -1354.170488
7 1  18 -46.645748 -Inf
7 1  19 -45.525034 -Inf
7 1  20 -34.561317 -Inf
7 2  3 -21.125645 -Inf
7 2  4 -20.800296 -Inf
7 2  5 -20.973204 -Inf
7 2  6 -20.764139 -Inf
7 2  8 -21.379432 -463.011460
7 2  9 -21.500021 -Inf
7 2  10 -20.796059 -Inf
7 2  11 -21.416653 -Inf
7 2  12 -21.266448 -Inf
7 2  13 -21.328012 -Inf
7 2  14 -16.206656 -238.323722
7 2  15 -20.874110 -Inf
7 2  16 -21.580617 -Inf
7 2  17 -20.896096 -702.625329
7 2  18 -19.713333 -Inf
7 2  19 -20.911598 -Inf
7 2  20 -16.919104 -Inf
7 3  4 -39.040840 -Inf
7 3  5 -30.661405 -Inf
7 3  6 -30.660703 -Inf
7 3  8 -42.156834 -Inf
7 3  9 -46.421114 -Inf
7 3  10 -33.532199 -Inf
7 3  11 -36.778010 -Inf
7 3  12 -32.104423 -Inf
7 3  13 -39.421242 -Inf
7 3  14 -21.352741 -Inf
7 3  15 -44.538354 -Inf
7 3  16 -38.166867 -Inf
7 3  17 -28.706474 -Inf
7 3  18 -40.508672 -Inf
7 3  19 -37.379767 -Inf
7 3  20 -34.083585 -Inf
7 4  5 -35.304838 -Inf
7 4  6 -26.206418 -Inf
7 4  8 -45.901061 -Inf
7 4  9 -42.739813 -Inf
7 4  10 -25.474484 -Inf
7 4  11 -42.276736 -Inf
7 4  12 -29.891772 -Inf
7 4  13 -43.417255 -Inf
7 4  14 -20.104260 -Inf
7 4  15 -46.580713 -Inf
7 4  16 -37.745475 -Inf
7 4  17 -29.480509 -Inf
7 4  18 -45.650837 -Inf
7 4  19 -42.450374 -Inf
7 4  20 -36.360638 -Inf
7 5  6 -24.026338 -Inf
7 5  8 -35.515493 -Inf
7 5  9 -37.630279 -Inf
7 5  10 -27.224617 -Inf
7 5  11 -41.304379 -Inf
7 5  12 -27.313496 -Inf
7 5  13 -37.915627 -Inf
7 5  14 -18.962124 -Inf
7 5  15 -32.159565 -Inf
7 5  16 -39.877026 -Inf
7 5  17 -28.125659 -Inf
7 5  18 -30.878312 -Inf
7 5  19 -38.991285 -Inf
7 5  20 -28.433906 -Inf
7 6  8 -32.119094 -Inf
7 6  9 -33.261107 -Inf
7 6  10 -33.519917 -Inf
7 6  11 -27.902448 -Inf
7 6  12 -25.805901 -Inf
7 6  13 -34.951271 -Inf
7 6  14 -19.984808 -Inf
7 6  15 -33.556761 -Inf
7 6  16 -34.793178 -Inf
7 6  17 -25.288278 -Inf
7 6  18 -30.868801 -Inf
7 6  19 -34.024153 -Inf
7 6  20 -27.295465 -Inf
7 8  9 -56.056277 -Inf
7 8  10 -30.719241 -Inf
7 8  11 -39.261804 -Inf
7 8  12 -28.219007 -Inf
7 8  13 -46.293834 -Inf
7 8  14 -23.312411 -701.254078
7 8  15 -55.833176 -Inf
7 8  16 -45.139657 -Inf
7 8  17 -27.059956 -1165.555685
7 8  18 -46.009723 -Inf
7 8  19 -46.328490 -Inf
7 8  20 -39.165149 -Inf
7 9  10 -32.604404 -Inf
7 9  11 -40.807223 -Inf
7 9  12 -31.545883 -Inf
7 9  13 -51.317789 -Inf
7 9  14 -22.202831 -Inf
7 9  15 -56.994012 -Inf
7 9  16 -43.235147 -Inf
7 9  17 -29.477761 -Inf
7 9  18 -52.605599 -Inf
7 9  19 -48.951671 -Inf
7 9  20 -38.515143 -Inf
7 10  11 -27.853056 -Inf
7 10  12 -27.952551 -Inf
7 10  13 -32.621927 -Inf
7 10  14 -18.737315 -Inf
7 10  15 -31.534813 -Inf
7 10  16 -34.916329 -Inf
7 10  17 -26.733165 -Inf
7 10  18 -30.848884 -Inf
7 10  19 -31.988984 -Inf
7 10  20 -26.833474 -Inf
7 11  12 -29.187391 -Inf
7 11  13 -39.563772 -Inf
7 11  14 -19.369574 -Inf
7 11  15 -36.745987 -Inf
7 11  16 -37.814230 -Inf
7 11  17 -28.409651 -Inf
7 11  18 -40.140578 -Inf
7 11  19 -37.844809 -Inf
7 11  20 -32.991510 -Inf
7 12  13 -28.506899 -Inf
7 12  14 -17.875411 -Inf
7 12  15 -28.750899 -Inf
7 12  16 -29.744716 -Inf
7 12  17 -31.497151 -Inf
7 12  18 -33.937312 -Inf
7 12  19 -28.357866 -Inf
7 12  20 -25.760401 -Inf
7 13  14 -23.403411 -Inf
7 13  15 -51.055669 -Inf
7 13  16 -55.409843 -Inf
7 13  17 -27.540194 -Inf
7 13  18 -54.610678 -Inf
7 13  19 -61.496424 -Inf
7 13  20 -32.697403 -Inf
7 14  15 -23.674705 -Inf
7 14  16 -21.160009 -Inf
7 14  17 -17.680609 -940.867947
7 14  18 -20.933786 -Inf
7 14  19 -21.209471 -Inf
7 14  20 -21.415265 -Inf
7 15  16 -50.603369 -Inf
7 15  17 -26.581263 -Inf
7 15  18 -47.295189 -Inf
7 15  19 -50.593175 -Inf
7 15  20 -40.197425 -Inf
7 16  17 -28.825025 -Inf
7 16  18 -48.141425 -Inf
7 16  19 -54.230868 -Inf
7 16  20 -32.385151 -Inf
7 17  18 -29.949669 -Inf
7 17  19 -27.164968 -Inf
7 17  20 -24.341696 -Inf
7 18  19 -54.160474 -Inf
7 18  20 -32.781360 -Inf
7 19  20 -31.950445 -Inf
8  -83.000000 0.000000
8 1 -79.142630 -Inf
8 2 -55.297377 -604.158394
8 3 -64.617990 -Inf
8 4 -70.007693 -Inf
8 5 -70.208049 -538.674943
8 6 -65.950665 -Inf
8 7 -62.623156 -462.970908
8 9 -64.948081 -729.823949
8 10 -66.438530 -Inf
8 11 -72.704590 -Inf
8 12 -59.755680 -735.221565
8 13 -78.699971 -Inf
8 14 -63.138288 -Inf
8 15 -31.221887 -0.000684
8 16 -76.099675 -Inf
8 17 -63.253353 -Inf
8 18 -80.610629 -Inf
8 19 -79.216754 -Inf
8 20 -62.096207 -685.096801
8 1  2 -50.705930 -Inf
8 1  3 -57.215064 -Inf
8 1  4 -64.808007 -Inf
8 1  5 -63.970532 -Inf
8 1  6 -59.806855 -Inf
8 1  7 -57.248916 -Inf
8 1  9 -56.164702 -Inf
8 1  10 -61.016171 -Inf
8 1  11 -69.536841 -Inf
8 1  12 -54.896366 -Inf
8 1  13 -69.142032 -Inf
8 1  14 -58.724295 -Inf
8 1  15 -28.387583 -Inf
8 1  16 -69.884572 -Inf
8 1  17 -57.901507 -Inf
8 1  18 -67.667833 -Inf
8 1  19 -70.498896 -Inf
8 1  20 -54.983561 -Inf
8 2  3 -51.606919 -Inf
8 2  4 -51.287973 -Inf
8 2  5 -51.153086 -1142.833337
8 2  6 -46.610918 -Inf
8 2  7 -50.016299 -1067.129302
8 2  9 -45.764790 -1333.982342
8 2  10 -48.664879 -Inf
8 2  11 -47.786587 -Inf
8 2  12 -49.540981 -1339.379959
8 2  13 -48.905659 -Inf
8 2  14 -48.266236 -Inf
8 2  15 -23.265059 -604.159078
8 2  16 -49.434041 -Inf
8 2  17 -50.354058 -Inf
8 2  18 -48.195058 -Inf
8 2  19 -48.117743 -Inf
8 2  20 -45.188695 -1289.255195
8 3  4 -55.569409 -Inf
8 3  5 -54.997865 -Inf
8 3  6 -56.732284 -Inf
8 3  7 -53.220229 -Inf
8 3  9 -56.517817 -Inf
8 3  10 -58.777779 -Inf
8 3  11 -59.611097 -Inf
8 3  12 -56.296730 -Inf
8 3  13 -54.052586 -Inf
8 3  14 -53.024019 -Inf
8 3  15 -24.380462 -Inf
8 3  16 -56.938752 -Inf
8 3  17 -57.519626 -Inf
8 3  18 -56.894130 -Inf
8 3  19 -54.090402 -Inf
8 3  20 -51.687861 -Inf
8 4  5 -62.502548 -Inf
8 4  6 -56.481930 -Inf
8 4  7 -53.819466 -Inf
8 4  9 -52.244076 -Inf
8 4  10 -57.680324 -Inf
8 4  11 -64.522238 -Inf
8 4  12 -56.437198 -Inf
8 4  13 -58.003360 -Inf
8 4  14 -56.146333 -Inf
8 4  15 -26.001240 -Inf
8 4  16 -61.775733 -Inf
8 4  17 -60.042775 -Inf
8 4  18 -61.174227 -Inf
8 4  19 -56.815264 -Inf
8 4  20 -54.132377 -Inf
8 5  6 -54.064386 -Inf
8 5  7 -46.875068 -1001.645852
8 5  9 -47.452213 -1268.498892
8 5  10 -48.086959 -Inf
8 5  11 -64.307841 -Inf
8 5  12 -54.024113 -1273.896508
8 5  13 -63.097541 -Inf
8 5  14 -50.221169 -Inf
8 5  15 -23.996197 -538.675627
8 5  16 -59.246454 -Inf
8 5  17 -60.122008 -Inf
8 5  18 -59.186366 -Inf
8 5  19 -64.064889 -Inf
8 5  20 -45.159907 -1223.771744
8 6  7 -56.955139 -Inf
8 6  9 -54.917197 -Inf
8 6  10 -55.836500 -Inf
8 6  11 -54.673781 -Inf
8 6  12 -55.447048 -Inf
8 6  13 -62.746705 -Inf
8 6  14 -55.059870 -Inf
8 6  15 -27.545655 -Inf
8 6  16 -56.961906 -Inf
8 6  17 -54.355754 -Inf
8 6  18 -55.625658 -Inf
8 6  19 -61.929009 -Inf
8 6  20 -50.545669 -Inf
8 7  9 -49.361155 -1192.794857
8 7  10 -54.243289 -Inf
8 7  11 -56.079989 -Inf
8 7  12 -52.612367 -1198.192473
8 7  13 -57.930328 -Inf
8 7  14 -56.274925 -Inf
8 7  15 -24.369651 -462.971592
8 7  16 -54.173006 -Inf
8 7  17 -53.576249 -Inf
8 7  18 -52.280098 -Inf
8 7  19 -55.862304 -Inf
8 7  20 -54.105202 -1148.067709
8 9  10 -57.397923 -Inf
8 9  11 -55.224840 -Inf
8 9  12 -50.657974 -1465.045514
8 9  13 -55.187347 -Inf
8 9  14 -53.247014 -Inf
8 9  15 -25.350791 -729.824633
8 9  16 -59.187085 -Inf
8 9  17 -51.076206 -Inf
8 9  18 -59.979534 -Inf
8 9  19 -55.246349 -Inf
8 9  20 -48.361488 -1414.920750
8 10  11 -54.421221 -Inf
8 10  12 -49.508631 -Inf
8 10  13 -59.481046 -Inf
8 10  14 -56.293737 -Inf
8 10  15 -26.263867 -Inf
8 10  16 -62.652698 -Inf
8 10  17 -50.002518 -Inf
8 10  18 -50.969533 -Inf
8 10  19 -58.064912 -Inf
8 10  20 -52.559056 -Inf
8 11  12 -51.788529 -Inf
8 11  13 -60.656544 -Inf
8 11  14 -55.261883 -Inf
8 11  15 -25.653261 -Inf
8 11  16 -61.406755 -Inf
8 11  17 -55.305633 -Inf
8 11  18 -63.231865 -Inf
8 11  19 -62.584236 -Inf
8 11  20 -49.246563 -Inf
8 12  13 -55.720608 -Inf
8 12  14 -51.005828 -Inf
8 12  15 -26.105384 -735.222249
8 12  16 -51.162062 -Inf
8 12  17 -55.199581 -Inf
8 12  18 -55.510473 -Inf
8 12  19 -54.865203 -Inf
8 12  20 -47.736713 -1420.318366
8 13  14 -51.763636 -Inf
8 13  15 -27.229890 -Inf
8 13  16 -68.695812 -Inf
8 13  17 -56.959668 -Inf
8 13  18 -72.743302 -Inf
8 13  19 -74.523011 -Inf
8 13  20 -56.464776 -Inf
8 14  15 -25.250945 -Inf
8 14  16 -54.970025 -Inf
8 14  17 -51.898798 -Inf
8 14  18 -52.715045 -Inf
8 14  19 -50.994815 -Inf
8 14  20 -55.341771 -Inf
8 15  16 -27.256364 -Inf
8 15  17 -27.176939 -Inf
8 15  18 -25.273912 -Inf
8 15  19 -27.282336 -Inf
8 15  20 -25.852905 -685.097485
8 16  17 -54.920650 -Inf
8 16  18 -57.341906 -Inf
8 16  19 -68.630275 -Inf
8 16  20 -56.206603 -Inf
8 17  18 -56.251433 -Inf
8 17  19 -55.495794 -Inf
8 17  20 -47.530736 -Inf
8 18  19 -73.590293 -Inf
8 18  20 -55.978352 -Inf
8 19  20 -55.914029 -Inf
9  -83.000000 0.000000
9 1 -81.244737 -Inf
9 2 -45.596911 -590.702118
9 3 -18.581361 -0.040560
9 4 -77.709272 -Inf
9 5 -73.844414 -Inf
9 6 -57.048258 -Inf
9 7 -67.802925 -Inf
9 8 -59.723956 -729.823949
9 10 -50.914066 -Inf
9 11 -70.185008 -Inf
9 12 -53.743731 -Inf
9 13 -79.477315 -Inf
9 14 -71.536241 -Inf
9 15 -73.438730 -Inf
9 16 -77.022869 -Inf
9 17 -56.803733 -Inf
9 18 -71.096369 -Inf
9 19 -80.145762 -Inf
9 20 -71.774925 -Inf
9 1  2 -34.054961 -Inf
9 1  3 -16.247605 -Inf
9 1  4 -73.747392 -Inf
9 1  5 -66.047857 -Inf
9 1  6 -48.049424 -Inf
9 1  7 -55.735756 -Inf
9 1  8 -56.416044 -Inf
9 1  10 -46.000493 -Inf
9 1  11 -64.492251 -Inf
9 1  12 -43.938127 -Inf
9 1  13 -67.645155 -Inf
9 1  14 -64.931223 -Inf
9 1  15 -68.038927 -Inf
9 1  16 -72.075236 -Inf
9 1  17 -46.957316 -Inf
9 1  18 -64.479031 -Inf
9 1  19 -71.427087 -Inf
9 1  20 -64.103497 -Inf
9 2  3 -17.098459 -590.742678
9 2  4 -42.290770 -Inf
9 2  5 -36.098758 -Inf
9 2  6 -38.190539 -Inf
9 2  7 -41.397348 -Inf
9 2  8 -35.248198 -1320.526067
9 2  10 -33.240802 -Inf
9 2  11 -39.236976 -Inf
9 2  12 -35.262364 -Inf
9 2  13 -37.951017 -Inf
9 2  14 -42.086611 -Inf
9 2  15 -38.413225 -Inf
9 2  16 -36.653446 -Inf
9 2  17 -36.345678 -Inf
9 2  18 -40.065119 -Inf
9 2  19 -37.463189 -Inf
9 2  20 -39.021749 -Inf
9 3  4 -16.193697 -Inf
9 3  5 -16.624268 -Inf
9 3  6 -15.996719 -Inf
9 3  7 -16.879892 -Inf
9 3  8 -15.067085 -729.864508
9 3  10 -16.881122 -Inf
9 3  11 -16.551738 -Inf
9 3  12 -17.496905 -Inf
9 3  13 -15.395161 -Inf
9 3  14 -16.466982 -Inf
9 3  15 -14.973919 -Inf
9 3  16 -16.156575 -Inf
9 3  17 -17.363211 -Inf
9 3  18 -16.217273 -Inf
9 3  19 -16.182406 -Inf
9 3  20 -16.941247 -Inf
9 4  5 -67.132306 -Inf
9 4  6 -50.917117 -Inf
9 4  7 -60.217643 -Inf
9 4  8 -56.185231 -Inf
9 4  10 -45.126831 -Inf
9 4  11 -55.972150 -Inf
9 4  12 -48.081199 -Inf
9 4  13 -69.434297 -Inf
9 4  14 -65.030717 -Inf
9 4  15 -64.331005 -Inf
9 4  16 -62.722879 -Inf
9 4  17 -51.206437 -Inf
9 4  18 -56.314805 -Inf
9 4  19 -68.971633 -Inf
9 4  20 -62.863419 -Inf
9 5  6 -44.418826 -Inf
9 5  7 -57.062166 -Inf
9 5  8 -46.975429 -Inf
9 5  10 -42.317215 -Inf
9 5  11 -62.860294 -Inf
9 5  12 -47.086702 -Inf
9 5  13 -65.345124 -Inf
9 5  14 -59.777133 -Inf
9 5  15 -57.224893 -Inf
9 5  16 -63.039961 -Inf
9 5  17 -48.189573 -Inf
9 5  18 -55.448141 -Inf
9 5  19 -68.003361 -Inf
9 5  20 -61.736091 -Inf
9 6  7 -49.353486 -Inf
9 6  8 -39.020577 -Inf
9 6  10 -34.980831 -Inf
9 6  11 -47.553849 -Inf
9 6  12 -45.622791 -Inf
9 6  13 -48.667919 -Inf
9 6  14 -52.881924 -Inf
9 6  15 -47.796518 -Inf
9 6  16 -39.872310 -Inf
9 6  17 -47.757004 -Inf
9 6  18 -45.827074 -Inf
9 6  19 -47.207660 -Inf
9 6  20 -47.943798 -Inf
9 7  8 -50.387328 -Inf
9 7  10 -41.990227 -Inf
9 7  11 -53.730656 -Inf
9 7  12 -45.679644 -Inf
9 7  13 -53.482754 -Inf
9 7  14 -60.879878 -Inf
9 7  15 -59.952026 -Inf
9 7  16 -52.930555 -Inf
9 7  17 -48.132710 -Inf
9 7  18 -48.438297 -Inf
9 7  19 -48.008392 -Inf
9 7  20 -61.855383 -Inf
9 8  10 -34.740248 -Inf
9 8  11 -45.708066 -Inf
9 8  12 -42.371165 -Inf
9 8  13 -49.093154 -Inf
9 8  14 -54.272457 -Inf
9 8  15 -50.849732 -Inf
9 8  16 -49.684719 -Inf
9 8  17 -41.048152 -Inf
9 8  18 -46.794505 -Inf
9 8  19 -50.817361 -Inf
9 8  20 -56.649852 -Inf
9 10  11 -38.248782 -Inf
9 10  12 -27.267972 -Inf
9 10  13 -44.964964 -Inf
9 10  14 -46.913527 -Inf
9 10  15 -42.541162 -Inf
9 10  16 -42.793258 -Inf
9 10  17 -27.730370 -Inf
9 10  18 -25.587752 -Inf
9 10  19 -41.301837 -Inf
9 10  20 -44.295997 -Inf
9 11  12 -46.223016 -Inf
9 11  13 -60.208526 -Inf
9 11  14 -57.205459 -Inf
9 11  15 -51.082991 -Inf
9 11  16 -58.231069 -Inf
9 11  17 -46.404717 -Inf
9 11  18 -53.385553 -Inf
9 11  19 -62.389282 -Inf
9 11  20 -56.102201 -Inf
9 12  13 -41.899042 -Inf
9 12  14 -48.051071 -Inf
9 12  15 -45.118703 -Inf
9 12  16 -31.029621 -Inf
9 12  17 -50.535707 -Inf
9 12  18 -51.909744 -Inf
9 12  19 -42.011097 -Inf
9 12  20 -46.067435 -Inf
9 13  14 -63.798149 -Inf
9 13  15 -66.298279 -Inf
9 13  16 -73.169679 -Inf
9 13  17 -47.127652 -Inf
9 13  18 -58.485544 -Inf
9 13  19 -71.708193 -Inf
9 13  20 -63.737940 -Inf
9 14  15 -65.130076 -Inf
9 14  16 -60.308781 -Inf
9 14  17 -48.729505 -Inf
9 14  18 -55.583839 -Inf
9 14  19 -59.569309 -Inf
9 14  20 -64.743361 -Inf
9 15  16 -61.931274 -Inf
9 15  17 -47.503933 -Inf
9 15  18 -50.295063 -Inf
9 15  19 -68.192028 -Inf
9 15  20 -63.803677 -Inf
9 16  17 -36.348972 -Inf
9 16  18 -53.940258 -Inf
9 16  19 -72.846141 -Inf
9 16  20 -61.669160 -Inf
9 17  18 -47.862449 -Inf
9 17  19 -46.162916 -Inf
9 17  20 -46.021430 -Inf
9 18  19 -59.732279 -Inf
9 18  20 -53.629371 -Inf
9 19  20 -63.227639 -Inf
10  -83.000000 0.000000
10 1 -59.642421 -737.166979
10 2 -23.101974 -404.494566
10 3 -29.992072 -0.004520
10 4 -63.409032 -Inf
10 5 -47.576624 -Inf
10 6 -14.784613 -0.002448
10 7 -39.187722 -Inf
10 8 -71.481922 -Inf
10 9 -73.762929 -Inf
10 11 -53.889239 -Inf
10 12 -29.678749 -480.670998
10 13 -52.371467 -Inf
10 14 -43.031049 -Inf
10 15 -73.382687 -Inf
10 16 -31.357951 -0.032626
10 17 -34.403071 -Inf
10 18 -61.295653 -669.133335
10 19 -52.121112 -Inf
10 20 -61.845908 -Inf
10 1  2 -20.707414 -1141.661546
10 1  3 -24.754865 -737.171499
10 1  4 -46.412136 -Inf
10 1  5 -38.268592 -Inf
10 1  6 -10.869979 -737.169427
10 1  7 -30.050945 -Inf
10 1  8 -48.668108 -Inf
10 1  9 -46.773021 -Inf
10 1  11 -42.349435 -Inf
10 1  12 -25.895178 -1217.837977
10 1  13 -32.143980 -Inf
10 1  14 -32.080514 -Inf
10 1  15 -48.895689 -Inf
10 1  16 -22.877151 -737.199605
10 1  17 -28.648645 -Inf
10 1  18 -41.586570 -1406.300314
10 1  19 -34.229381 -Inf
10 1  20 -41.692921 -Inf
10 2  3 -16.193073 -404.499086
10 2  4 -21.042876 -Inf
10 2  5 -20.839280 -Inf
10 2  6 -11.743322 -404.497014
10 2  7 -21.015055 -Inf
10 2  8 -18.465465 -Inf
10 2  9 -18.482254 -Inf
10 2  11 -19.208739 -Inf
10 2  12 -18.813419 -885.165564
10 2  13 -18.730491 -Inf
10 2  14 -21.595468 -Inf
10 2  15 -19.797148 -Inf
10 2  16 -8.104503 -404.527192
10 2  17 -19.707694 -Inf
10 2  18 -18.593235 -1073.627901
10 2  19 -18.988907 -Inf
10 2  20 -21.834850 -Inf
10 3  4 -24.661163 -Inf
10 3  5 -21.152366 -Inf
10 3  6 -6.123648 -0.006967
10 3  7 -19.501557 -Inf
10 3  8 -26.435844 -Inf
10 3  9 -26.703000 -Inf
10 3  11 -24.858436 -Inf
10 3  12 -14.752405 -480.675518
10 3  13 -18.340071 -Inf
10 3  14 -18.331384 -Inf
10 3  15 -27.802223 -Inf
10 3  16 -6.066495 -0.037146
10 3  17 -17.526683 -Inf
10 3  18 -15.405331 -669.137855
10 3  19 -17.642290 -Inf
10 3  20 -26.524614 -Inf
10 4  5 -43.791668 -Inf
10 4  6 -13.399915 -Inf
10 4  7 -36.158755 -Inf
10 4  8 -55.474846 -Inf
10 4  9 -49.999674 -Inf
10 4  11 -48.543242 -Inf
10 4  12 -25.997261 -Inf
10 4  13 -40.602337 -Inf
10 4  14 -36.612617 -Inf
10 4  15 -55.066850 -Inf
10 4  16 -19.088635 -Inf
10 4  17 -33.006985 -Inf
10 4  18 -39.917831 -Inf
10 4  19 -39.785611 -Inf
10 4  20 -52.709016 -Inf
10 5  6 -12.321830 -Inf
10 5  7 -31.413498 -Inf
10 5  8 -37.214206 -Inf
10 5  9 -36.061670 -Inf
10 5  11 -40.547008 -Inf
10 5  12 -24.487731 -Inf
10 5  13 -35.421007 -Inf
10 5  14 -35.117533 -Inf
10 5  15 -36.225560 -Inf
10 5  16 -19.866313 -Inf
10 5  17 -28.759040 -Inf
10 5  18 -27.665205 -Inf
10 5  19 -34.952844 -Inf
10 5  20 -39.951700 -Inf
10 6  7 -12.631240 -Inf
10 6  8 -12.653038 -Inf
10 6  9 -12.089545 -Inf
10 6  11 -11.079905 -Inf
10 6  12 -13.074694 -480.673446
10 6  13 -12.981176 -Inf
10 6  14 -13.601350 -Inf
10 6  15 -12.055535 -Inf
10 6  16 -4.679914 -0.035073
10 6  17 -11.424434 -Inf
10 6  18 -12.997715 -669.135783
10 6  19 -13.767816 -Inf
10 6  20 -13.178361 -Inf
10 7  8 -34.702532 -Inf
10 7  9 -27.591229 -Inf
10 7  11 -34.068402 -Inf
10 7  12 -23.371174 -Inf
10 7  13 -28.032962 -Inf
10 7  14 -30.530153 -Inf
10 7  15 -34.175919 -Inf
10 7  16 -12.537275 -Inf
10 7  17 -27.108098 -Inf
10 7  18 -27.735505 -Inf
10 7  19 -27.695879 -Inf
10 7  20 -36.353636 -Inf
10 8  9 -63.949458 -Inf
10 8  11 -42.775685 -Inf
10 8  12 -25.464842 -Inf
10 8  13 -39.541981 -Inf
10 8  14 -37.614115 -Inf
10 8  15 -60.260000 -Inf
10 8  16 -24.349155 -Inf
10 8  17 -28.803391 -Inf
10 8  18 -42.789720 -Inf
10 8  19 -38.836796 -Inf
10 8  20 -57.930742 -Inf
10 9  11 -42.040017 -Inf
10 9  12 -22.624274 -Inf
10 9  13 -40.414106 -Inf
10 9  14 -34.436639 -Inf
10 9  15 -56.987520 -Inf
10 9  16 -20.530554 -Inf
10 9  17 -27.506454 -Inf
10 9  18 -47.460501 -Inf
10 9  19 -38.510094 -Inf
10 9  20 -53.654432 -Inf
10 11  12 -23.779928 -Inf
10 11  13 -34.967863 -Inf
10 11  14 -33.647026 -Inf
10 11  15 -43.932124 -Inf
10 11  16 -19.956550 -Inf
10 11  17 -28.297108 -Inf
10 11  18 -31.459980 -Inf
10 11  19 -33.337935 -Inf
10 11  20 -45.662763 -Inf
10 12  13 -21.042022 -Inf
10 12  14 -23.882948 -Inf
10 12  15 -25.058580 -Inf
10 12  16 -8.403640 -480.703624
10 12  17 -23.510289 -Inf
10 12  18 -28.008475 -1149.804333
10 12  19 -21.794405 -Inf
10 12  20 -26.206873 -Inf
10 13  14 -31.690661 -Inf
10 13  15 -39.032077 -Inf
10 13  16 -27.617094 -Inf
10 13  17 -25.269158 -Inf
10 13  18 -41.715621 -Inf
10 13  19 -49.270771 -Inf
10 13  20 -37.055344 -Inf
10 14  15 -37.513946 -Inf
10 14  16 -17.607971 -Inf
10 14  17 -25.113551 -Inf
10 14  18 -32.180012 -Inf
10 14  19 -30.778349 -Inf
10 14  20 -36.879761 -Inf
10 15  16 -27.184741 -Inf
10 15  17 -31.657519 -Inf
10 15  18 -41.172705 -Inf
10 15  19 -39.986158 -Inf
10 15  20 -53.040664 -Inf
10 16  17 -10.601829 -Inf
10 16  18 -19.647306 -669.165961
10 16  19 -27.608715 -Inf
10 16  20 -17.044992 -Inf
10 17  18 -29.166792 -Inf
10 17  19 -24.870696 -Inf
10 17  20 -29.316095 -Inf
10 18  19 -43.255389 -Inf
10 18  20 -36.105318 -Inf
10 19  20 -36.965171 -Inf
11  -83.000000 0.000000
11 1 -68.178865 -Inf
11 2 -43.216577 -655.487205
11 3 -62.634630 -Inf
11 4 -33.241037 -0.040560
11 5 -29.004109 -177.092420
11 6 -52.943323 -615.743883
11 7 -51.680731 -Inf
11 8 -69.181668 -Inf
11 9 -72.179345 -Inf
11 10 -59.635501 -Inf
11 12 -34.832628 -Inf
11 13 -68.577497 -Inf
11 14 -59.264579 -Inf
11 15 -71.048818 -Inf
11 16 -67.855140 -Inf
11 17 -19.532576 -68.454448
11 18 -72.681178 -Inf
11 19 -71.712565 -Inf
11 20 -68.532503 -Inf
11 1  2 -34.276132 -Inf
11 1  3 -50.381685 -Inf
11 1  4 -26.771246 -Inf
11 1  5 -24.730060 -Inf
11 1  6 -44.143761 -Inf
11 1  7 -40.422033 -Inf
11 1  8 -50.172260 -Inf
11 1  9 -52.520605 -Inf
11 1  10 -49.205934 -Inf
11 1  12 -28.787599 -Inf
11 1  13 -48.360693 -Inf
11 1  14 -46.433691 -Inf
11 1  15 -50.533093 -Inf
11 1  16 -53.698746 -Inf
11 1  17 -16.209429 -Inf
11 1  18 -46.481331 -Inf
11 1  19 -53.051278 -Inf
11 1  20 -48.813651 -Inf
11 2  3 -35.947713 -Inf
11 2  4 -24.675022 -655.527764
11 2  5 -24.158111 -832.579624
11 2  6 -40.313733 -1271.231088
11 2  7 -40.536509 -Inf
11 2  8 -37.370117 -Inf
11 2  9 -38.815426 -Inf
11 2  10 -36.066487 -Inf
11 2  12 -30.436958 -Inf
11 2  13 -35.416543 -Inf
11 2  14 -40.567634 -Inf
11 2  15 -35.986519 -Inf
11 2  16 -35.593188 -Inf
11 2  17 -17.405656 -723.941653
11 2  18 -36.737741 -Inf
11 2  19 -39.629747 -Inf
11 2  20 -40.207420 -Inf
11 3  4 -19.544661 -Inf
11 3  5 -22.314163 -Inf
11 3  6 -44.255342 -Inf
11 3  7 -44.904518 -Inf
11 3  8 -49.962349 -Inf
11 3  9 -54.158498 -Inf
11 3  10 -54.977069 -Inf
11 3  12 -28.869231 -Inf
11 3  13 -49.390572 -Inf
11 3  14 -45.631168 -Inf
11 3  15 -46.462284 -Inf
11 3  16 -51.246442 -Inf
11 3  17 -15.437067 -Inf
11 3  18 -41.660584 -Inf
11 3  19 -54.723298 -Inf
11 3  20 -53.151930 -Inf
11 4  5 -13.462305 -177.132980
11 4  6 -27.325873 -615.784443
11 4  7 -23.754816 -Inf
11 4  8 -28.963229 -Inf
11 4  9 -23.338367 -Inf
11 4  10 -25.907169 -Inf
11 4  12 -20.889503 -Inf
11 4  13 -29.299171 -Inf
11 4  14 -29.377306 -Inf
11 4  15 -23.567836 -Inf
11 4  16 -28.066655 -Inf
11 4  17 -13.627142 -68.495008
11 4  18 -25.307268 -Inf
11 4  19 -28.573489 -Inf
11 4  20 -25.792086 -Inf
11 5  6 -21.272498 -792.836303
11 5  7 -25.904955 -Inf
11 5  8 -25.727353 -Inf
11 5  9 -25.502822 -Inf
11 5  10 -25.812210 -Inf
11 5  12 -20.308380 -Inf
11 5  13 -25.308898 -Inf
11 5  14 -26.059073 -Inf
11 5  15 -25.709449 -Inf
11 5  16 -27.008725 -Inf
11 5  17 -13.469601 -245.546868
11 5  18 -24.501906 -Inf
11 5  19 -25.618707 -Inf
11 5  20 -26.140812 -Inf
11 6  7 -42.652146 -Inf
11 6  8 -40.042959 -Inf
11 6  9 -44.152362 -Inf
11 6  10 -49.316335 -Inf
11 6  12 -28.476888 -Inf
11 6  13 -47.641940 -Inf
11 6  14 -44.679627 -Inf
11 6  15 -44.854937 -Inf
11 6  16 -47.221375 -Inf
11 6  17 -13.261098 -684.198332
11 6  18 -37.587103 -Inf
11 6  19 -49.269039 -Inf
11 6  20 -47.904337 -Inf
11 7  8 -41.708006 -Inf
11 7  9 -46.254827 -Inf
11 7  10 -44.121501 -Inf
11 7  12 -29.959892 -Inf
11 7  13 -42.873835 -Inf
11 7  14 -49.011148 -Inf
11 7  15 -39.299182 -Inf
11 7  16 -42.758702 -Inf
11 7  17 -17.154176 -Inf
11 7  18 -41.923908 -Inf
11 7  19 -42.978938 -Inf
11 7  20 -48.668731 -Inf
11 8  9 -60.002279 -Inf
11 8  10 -44.941819 -Inf
11 8  12 -30.236313 -Inf
11 8  13 -51.428411 -Inf
11 8  14 -48.080765 -Inf
11 8  15 -61.814931 -Inf
11 8  16 -53.760972 -Inf
11 8  17 -16.335358 -Inf
11 8  18 -53.413926 -Inf
11 8  19 -53.161264 -Inf
11 8  20 -49.198377 -Inf
11 9  10 -49.476105 -Inf
11 9  12 -32.396200 -Inf
11 9  13 -53.149686 -Inf
11 9  14 -48.735151 -Inf
11 9  15 -56.727952 -Inf
11 9  16 -53.299694 -Inf
11 9  17 -17.439288 -Inf
11 9  18 -59.112987 -Inf
11 9  19 -56.847077 -Inf
11 9  20 -57.571074 -Inf
11 10  12 -29.078430 -Inf
11 10  13 -48.667001 -Inf
11 10  14 -48.443234 -Inf
11 10  15 -48.969087 -Inf
11 10  16 -55.331862 -Inf
11 10  17 -15.113879 -Inf
11 10  18 -42.014955 -Inf
11 10  19 -51.076293 -Inf
11 10  20 -52.835060 -Inf
11 12  13 -30.434000 -Inf
11 12  14 -32.046271 -Inf
11 12  15 -31.290571 -Inf
11 12  16 -30.591078 -Inf
11 12  17 -9.355875 -Inf
11 12  18 -32.471398 -Inf
11 12  19 -31.967816 -Inf
11 12  20 -31.176944 -Inf
11 13  14 -49.431778 -Inf
11 13  15 -56.664649 -Inf
11 13  16 -57.082272 -Inf
11 13  17 -17.583042 -Inf
11 13  18 -52.536279 -Inf
11 13  19 -65.473210 -Inf
11 13  20 -49.117812 -Inf
11 14  15 -46.204966 -Inf
11 14  16 -49.088481 -Inf
11 14  17 -17.406978 -Inf
11 14  18 -48.422762 -Inf
11 14  19 -50.435868 -Inf
11 14  20 -51.847708 -Inf
11 15  16 -53.559843 -Inf
11 15  17 -17.111569 -Inf
11 15  18 -56.701297 -Inf
11 15  19 -59.186435 -Inf
11 15  20 -50.531807 -Inf
11 16  17 -17.402172 -Inf
11 16  18 -45.432444 -Inf
11 16  19 -58.422133 -Inf
11 16  20 -55.108089 -Inf
11 17  18 -16.733784 -Inf
11 17  19 -17.105498 -Inf
11 17  20 -16.502117 -Inf
11 18  19 -58.691791 -Inf
11 18  20 -53.084183 -Inf
11 19  20 -53.453814 -Inf
12  -83.000000 0.000000
12 1 -59.499290 -726.726137
12 2 -23.903685 -Inf
12 3 -39.236535 -620.741491
12 4 -50.040055 -Inf
12 5 -30.661931 -519.038971
12 6 -16.120787 -455.061595
12 7 -35.817939 -Inf
12 8 -62.850111 -735.221565
12 9 -63.290947 -Inf
12 10 -27.143965 -480.670998
12 11 -36.906878 -Inf
12 13 -63.356704 -Inf
12 14 -47.744716 -Inf
12 15 -70.449331 -Inf
12 16 -62.889036 -720.674435
12 17 -4.578281 -0.000866
12 18 -51.231612 -28.453742
12 19 -62.831700 -Inf
12 20 -59.299969 -Inf
12 1  2 -20.548948 -Inf
12 1  3 -30.090762 -1347.467628
12 1  4 -36.655284 -Inf
12 1  5 -27.026665 -1245.765109
12 1  6 -13.661321 -1181.787733
12 1  7 -28.573340 -Inf
12 1  8 -40.760594 -1461.947702
12 1  9 -40.057308 -Inf
12 1  10 -22.041232 -1207.397135
12 1  11 -28.822386 -Inf
12 1  13 -40.162525 -Inf
12 1  14 -37.771255 -Inf
12 1  15 -46.128262 -Inf
12 1  16 -45.018057 -1447.400572
12 1  17 -4.043142 -726.727003
12 1  18 -27.937424 -755.179880
12 1  19 -41.850215 -Inf
12 1  20 -39.949544 -Inf
12 2  3 -19.733490 -Inf
12 2  4 -20.609298 -Inf
12 2  5 -15.649641 -Inf
12 2  6 -12.398528 -Inf
12 2  7 -21.400494 -Inf
12 2  8 -20.223501 -Inf
12 2  9 -19.927165 -Inf
12 2  10 -17.565629 -Inf
12 2  11 -16.744700 -Inf
12 2  13 -19.787845 -Inf
12 2  14 -22.297993 -Inf
12 2  15 -20.226628 -Inf
12 2  16 -17.094554 -Inf
12 2  17 -3.937564 -Inf
12 2  18 -9.131556 -Inf
12 2  19 -20.637882 -Inf
12 2  20 -20.599429 -Inf
12 3  4 -23.472105 -Inf
12 3  5 -15.320384 -1139.780462
12 3  6 -13.453376 -1075.803086
12 3  7 -25.518798 -Inf
12 3  8 -31.921904 -1355.963056
12 3  9 -35.191648 -Inf
12 3  10 -22.195291 -1101.412489
12 3  11 -20.186206 -Inf
12 3  13 -27.313734 -Inf
12 3  14 -27.332893 -Inf
12 3  15 -32.613078 -Inf
12 3  16 -24.549870 -1341.415926
12 3  17 -4.065911 -620.742357
12 3  18 -13.444813 -649.195233
12 3  19 -27.761329 -Inf
12 3  20 -30.895941 -Inf
12 4  5 -23.963870 -Inf
12 4  6 -12.766903 -Inf
12 4  7 -28.227791 -Inf
12 4  8 -39.961262 -Inf
12 4  9 -32.677856 -Inf
12 4  10 -19.340947 -Inf
12 4  11 -32.634757 -Inf
12 4  13 -39.027447 -Inf
12 4  14 -34.981188 -Inf
12 4  15 -44.535102 -Inf
12 4  16 -34.976299 -Inf
12 4  17 -3.797986 -Inf
12 4  18 -21.077511 -Inf
12 4  19 -38.628385 -Inf
12 4  20 -40.438061 -Inf
12 5  6 -4.584098 -974.100567
12 5  7 -17.931161 -Inf
12 5  8 -23.478734 -1254.260536
12 5  9 -20.406389 -Inf
12 5  10 -11.470797 -999.709969
12 5  11 -24.161263 -Inf
12 5  13 -27.298836 -Inf
12 5  14 -21.353521 -Inf
12 5  15 -26.531823 -Inf
12 5  16 -23.190507 -1239.713406
12 5  17 -3.632470 -519.039837
12 5  18 -7.988772 -547.492714
12 5  19 -27.183318 -Inf
12 5  20 -23.551309 -Inf
12 6  7 -12.199646 -Inf
12 6  8 -11.900751 -1190.283160
12 6  9 -13.004798 -Inf
12 6  10 -13.536978 -935.732593
12 6  11 -9.078361 -Inf
12 6  13 -15.493335 -Inf
12 6  14 -14.069946 -Inf
12 6  15 -14.196974 -Inf
12 6  16 -13.638853 -1175.736030
12 6  17 -2.946306 -455.062461
12 6  18 -7.285668 -483.515338
12 6  19 -15.666685 -Inf
12 6  20 -14.408780 -Inf
12 7  8 -28.918353 -Inf
12 7  9 -27.364875 -Inf
12 7  10 -21.566899 -Inf
12 7  11 -23.081060 -Inf
12 7  13 -27.696076 -Inf
12 7  14 -31.866762 -Inf
12 7  15 -29.709776 -Inf
12 7  16 -26.868302 -Inf
12 7  17 -4.100126 -Inf
12 7  18 -15.947161 -Inf
12 7  19 -27.045978 -Inf
12 7  20 -34.268979 -Inf
12 8  9 -52.670044 -Inf
12 8  10 -20.409271 -1215.892563
12 8  11 -27.475588 -Inf
12 8  13 -46.235348 -Inf
12 8  14 -38.251362 -Inf
12 8  15 -54.924153 -Inf
12 8  16 -46.401246 -1455.896000
12 8  17 -3.463368 -735.222431
12 8  18 -26.504507 -763.675307
12 8  19 -44.669710 -Inf
12 8  20 -41.157924 -Inf
12 9  10 -20.159453 -Inf
12 9  11 -28.348698 -Inf
12 9  13 -41.748986 -Inf
12 9  14 -32.668178 -Inf
12 9  15 -50.555366 -Inf
12 9  16 -38.981118 -Inf
12 9  17 -4.151744 -Inf
12 9  18 -32.933569 -Inf
12 9  19 -40.193315 -Inf
12 9  20 -43.843009 -Inf
12 10  11 -13.017204 -Inf
12 10  13 -21.563973 -Inf
12 10  14 -23.678316 -Inf
12 10  15 -21.757741 -Inf
12 10  16 -25.505209 -1201.345433
12 10  17 -2.787651 -480.671864
12 10  18 -9.348741 -509.124740
12 10  19 -22.284005 -Inf
12 10  20 -22.801824 -Inf
12 11  13 -30.032717 -Inf
12 11  14 -26.715597 -Inf
12 11  15 -32.226792 -Inf
12 11  16 -24.364241 -Inf
12 11  17 -2.538085 -Inf
12 11  18 -10.539769 -Inf
12 11  19 -30.175490 -Inf
12 11  20 -29.743641 -Inf
12 13  14 -38.574441 -Inf
12 13  15 -52.196140 -Inf
12 13  16 -54.535836 -Inf
12 13  17 -3.712605 -Inf
12 13  18 -38.978661 -Inf
12 13  19 -60.776123 -Inf
12 13  20 -42.377119 -Inf
12 14  15 -40.813208 -Inf
12 14  16 -36.508027 -Inf
12 14  17 -4.056654 -Inf
12 14  18 -21.040624 -Inf
12 14  19 -36.870321 -Inf
12 14  20 -39.918508 -Inf
12 15  16 -51.917311 -Inf
12 15  17 -4.325649 -Inf
12 15  18 -28.327981 -Inf
12 15  19 -53.243058 -Inf
12 15  20 -49.521558 -Inf
12 16  17 -2.865395 -720.675301
12 16  18 -21.533324 -749.128177
12 16  19 -54.467143 -Inf
12 16  20 -38.693951 -Inf
12 17  18 -1.844249 -28.454608
12 17  19 -3.590387 -Inf
12 17  20 -4.311648 -Inf
12 18  19 -40.555759 -Inf
12 18  20 -25.555860 -Inf
12 19  20 -41.417839 -Inf
13  -83.000000 0.000000
13 1 -73.610643 -Inf
13 2 -49.337178 -Inf
13 3 -73.614104 -Inf
13 4 -70.861532 -Inf
13 5 -62.637300 -Inf
13 6 -34.275608 -Inf
13 7 -60.721550 -Inf
13 8 -78.627146 -Inf
13 9 -80.931318 -Inf
13 10 -49.881664 -Inf
13 11 -65.320823 -Inf
13 12 -56.235621 -Inf
13 14 -51.842144 -682.299276
13 15 -81.119283 -Inf
13 16 -46.736093 -Inf
13 17 -58.566115 -Inf
13 18 -68.182284 -Inf
13 19 -6.044456 -0.000685
13 20 -79.710257 -Inf
13 1  2 -43.717034 -Inf
13 1  3 -57.526932 -Inf
13 1  4 -56.903057 -Inf
13 1  5 -52.953393 -Inf
13 1  6 -29.288256 -Inf
13 1  7 -46.223102 -Inf
13 1  8 -63.636102 -Inf
13 1  9 -63.840244 -Inf
13 1  10 -34.602311 -Inf
13 1  11 -59.763320 -Inf
13 1  12 -44.773683 -Inf
13 1  14 -42.567219 -Inf
13 1  15 -68.427220 -Inf
13 1  16 -34.362912 -Inf
13 1  17 -48.431137 -Inf
13 1  18 -56.955740 -Inf
13 1  19 -5.340232 -Inf
13 1  20 -61.955181 -Inf
13 2  3 -45.571012 -Inf
13 2  4 -45.836992 -Inf
13 2  5 -46.431258 -Inf
13 2  6 -33.047708 -Inf
13 2  7 -40.838735 -Inf
13 2  8 -40.826912 -Inf
13 2  9 -38.468823 -Inf
13 2  10 -42.632921 -Inf
13 2  11 -41.754745 -Inf
13 2  12 -42.078716 -Inf
13 2  14 -40.357247 -Inf
13 2  15 -43.646291 -Inf
13 2  16 -36.730017 -Inf
13 2  17 -40.435896 -Inf
13 2  18 -46.029512 -Inf
13 2  19 -5.432241 -Inf
13 2  20 -45.589151 -Inf
13 3  4 -59.390491 -Inf
13 3  5 -56.353484 -Inf
13 3  6 -28.741587 -Inf
13 3  7 -54.686526 -Inf
13 3  8 -60.278053 -Inf
13 3  9 -60.135461 -Inf
13 3  10 -39.472989 -Inf
13 3  11 -55.444015 -Inf
13 3  12 -48.458337 -Inf
13 3  14 -45.134022 -Inf
13 3  15 -63.370126 -Inf
13 3  16 -34.210174 -Inf
13 3  17 -52.478173 -Inf
13 3  18 -52.117057 -Inf
13 3  19 -5.629485 -Inf
13 3  20 -68.489357 -Inf
13 4  5 -47.718801 -Inf
13 4  6 -30.743682 -Inf
13 4  7 -51.056944 -Inf
13 4  8 -59.693974 -Inf
13 4  9 -62.247770 -Inf
13 4  10 -43.014381 -Inf
13 4  11 -60.684279 -Inf
13 4  12 -46.071022 -Inf
13 4  14 -43.705042 -Inf
13 4  15 -64.510438 -Inf
13 4  16 -39.148897 -Inf
13 4  17 -53.715857 -Inf
13 4  18 -52.165730 -Inf
13 4  19 -5.086202 -Inf
13 4  20 -60.535381 -Inf
13 5  6 -31.536900 -Inf
13 5  7 -48.110807 -Inf
13 5  8 -46.905202 -Inf
13 5  9 -51.505597 -Inf
13 5  10 -40.297354 -Inf
13 5  11 -55.003268 -Inf
13 5  12 -53.267887 -Inf
13 5  14 -45.860112 -Inf
13 5  15 -50.190513 -Inf
13 5  16 -33.984455 -Inf
13 5  17 -53.716157 -Inf
13 5  18 -55.443215 -Inf
13 5  19 -4.797211 -Inf
13 5  20 -55.519044 -Inf
13 6  7 -29.019520 -Inf
13 6  8 -31.061015 -Inf
13 6  9 -30.267201 -Inf
13 6  10 -29.916989 -Inf
13 6  11 -30.142512 -Inf
13 6  12 -32.140847 -Inf
13 6  14 -32.635648 -Inf
13 6  15 -30.942084 -Inf
13 6  16 -28.468620 -Inf
13 6  17 -31.066116 -Inf
13 6  18 -33.065706 -Inf
13 6  19 -5.587645 -Inf
13 6  20 -31.584753 -Inf
13 7  8 -54.460490 -Inf
13 7  9 -43.350006 -Inf
13 7  10 -41.685421 -Inf
13 7  11 -51.007283 -Inf
13 7  12 -42.642994 -Inf
13 7  14 -41.048758 -Inf
13 7  15 -55.773916 -Inf
13 7  16 -41.273960 -Inf
13 7  17 -43.888117 -Inf
13 7  18 -48.873122 -Inf
13 7  19 -5.389499 -Inf
13 7  20 -56.444826 -Inf
13 8  9 -64.265790 -Inf
13 8  10 -37.098106 -Inf
13 8  11 -57.243032 -Inf
13 8  12 -47.173102 -Inf
13 8  14 -39.448576 -Inf
13 8  15 -74.885436 -Inf
13 8  16 -34.976059 -Inf
13 8  17 -48.264612 -Inf
13 8  18 -58.781124 -Inf
13 8  19 -5.420515 -Inf
13 8  20 -72.605550 -Inf
13 9  10 -43.373034 -Inf
13 9  11 -57.504681 -Inf
13 9  12 -46.864283 -Inf
13 9  14 -46.516529 -Inf
13 9  15 -64.701326 -Inf
13 9  16 -38.987583 -Inf
13 9  17 -49.902052 -Inf
13 9  18 -57.677005 -Inf
13 9  19 -5.661745 -Inf
13 9  20 -72.874532 -Inf
13 10  11 -34.449282 -Inf
13 10  12 -37.596021 -Inf
13 10  14 -39.840255 -Inf
13 10  15 -36.591824 -Inf
13 10  16 -44.620498 -Inf
13 10  17 -33.085288 -Inf
13 10  18 -43.746820 -Inf
13 10  19 -5.512052 -Inf
13 10  20 -45.078441 -Inf
13 11  12 -47.266284 -Inf
13 11  14 -42.021416 -Inf
13 11  15 -59.898502 -Inf
13 11  16 -30.617948 -Inf
13 11  17 -52.004196 -Inf
13 11  18 -50.444174 -Inf
13 11  19 -4.979107 -Inf
13 11  20 -58.160691 -Inf
13 12  14 -36.287777 -Inf
13 12  15 -49.900620 -Inf
13 12  16 -29.778992 -Inf
13 12  17 -54.877425 -Inf
13 12  18 -53.984019 -Inf
13 12  19 -5.316779 -Inf
13 12  20 -49.055648 -Inf
13 14  15 -44.907918 -Inf
13 14  16 -34.419414 -Inf
13 14  17 -34.301591 -Inf
13 14  18 -44.883714 -Inf
13 14  19 -5.342217 -682.299960
13 14  20 -44.888860 -Inf
13 15  16 -33.952959 -Inf
13 15  17 -54.159840 -Inf
13 15  18 -58.860728 -Inf
13 15  19 -5.250367 -Inf
13 15  20 -70.373829 -Inf
13 16  17 -29.749203 -Inf
13 16  18 -33.997449 -Inf
13 16  19 -5.205680 -Inf
13 16  20 -39.875885 -Inf
13 17  18 -52.145735 -Inf
13 17  19 -5.020672 -Inf
13 17  20 -51.391787 -Inf
13 18  19 -5.026564 -Inf
13 18  20 -54.514445 -Inf
13 19  20 -5.325144 -Inf
14  -83.000000 0.000000
14 1 -64.640157 -654.047064
14 2 -31.334633 -191.231415
14 3 -58.827897 -Inf
14 4 -63.493153 -Inf
14 5 -48.145241 -733.383184
14 6 -41.413082 -Inf
14 7 -26.058600 -238.283170
14 8 -65.770652 -Inf
14 9 -74.791169 -Inf
14 10 -44.860092 -Inf
14 11 -54.804905 -Inf
14 12 -45.734160 -Inf
14 13 -60.301299 -682.299276
14 15 -68.849945 -Inf
14 16 -57.025007 -Inf
14 17 -46.341994 -Inf
14 18 -71.260575 -Inf
14 19 -63.007549 -Inf
14 20 -36.473222 -0.000875
14 1  2 -24.483508 -845.278479
14 1  3 -46.128821 -Inf
14 1  4 -49.076398 -Inf
14 1  5 -40.770894 -1387.430248
14 1  6 -34.912355 -Inf
14 1  7 -22.761922 -892.330234
14 1  8 -46.599185 -Inf
14 1  9 -52.615256 -Inf
14 1  10 -34.775350 -Inf
14 1  11 -43.255666 -Inf
14 1  12 -35.853269 -Inf
14 1  13 -43.186536 -1336.346340
14 1  15 -47.307609 -Inf
14 1  16 -43.993268 -Inf
14 1  17 -36.783284 -Inf
14 1  18 -52.455234 -Inf
14 1  19 -44.214117 -Inf
14 1  20 -28.772450 -654.047939
14 2  3 -28.218972 -Inf
14 2  4 -29.531016 -Inf
14 2  5 -26.890680 -924.614599
14 2  6 -27.352094 -Inf
14 2  7 -20.926584 -429.514585
14 2  8 -25.219322 -Inf
14 2  9 -28.803058 -Inf
14 2  10 -29.410829 -Inf
14 2  11 -27.606880 -Inf
14 2  12 -30.258496 -Inf
14 2  13 -25.349757 -873.530690
14 2  15 -25.024110 -Inf
14 2  16 -28.654927 -Inf
14 2  17 -28.561509 -Inf
14 2  18 -28.932510 -Inf
14 2  19 -26.259566 -Inf
14 2  20 -14.258128 -191.232290
14 3  4 -49.832257 -Inf
14 3  5 -37.383516 -Inf
14 3  6 -35.535041 -Inf
14 3  7 -23.544454 -Inf
14 3  8 -48.985939 -Inf
14 3  9 -51.668978 -Inf
14 3  10 -42.141079 -Inf
14 3  11 -44.893619 -Inf
14 3  12 -39.977614 -Inf
14 3  13 -43.367655 -Inf
14 3  15 -48.430802 -Inf
14 3  16 -43.711411 -Inf
14 3  17 -39.242360 -Inf
14 3  18 -48.761810 -Inf
14 3  19 -45.289144 -Inf
14 3  20 -30.265207 -Inf
14 4  5 -41.305973 -Inf
14 4  6 -31.353017 -Inf
14 4  7 -23.670390 -Inf
14 4  8 -54.296949 -Inf
14 4  9 -51.508579 -Inf
14 4  10 -36.968711 -Inf
14 4  11 -50.092990 -Inf
14 4  12 -42.232243 -Inf
14 4  13 -47.173328 -Inf
14 4  15 -50.258404 -Inf
14 4  16 -42.339795 -Inf
14 4  17 -44.322732 -Inf
14 4  18 -52.520595 -Inf
14 4  19 -46.319212 -Inf
14 4  20 -30.392666 -Inf
14 5  6 -28.154526 -Inf
14 5  7 -20.029400 -971.666354
14 5  8 -37.525653 -Inf
14 5  9 -36.725871 -Inf
14 5  10 -31.896845 -Inf
14 5  11 -43.703243 -Inf
14 5  12 -35.334216 -Inf
14 5  13 -37.767608 -1415.682460
14 5  15 -32.975747 -Inf
14 5  16 -40.041085 -Inf
14 5  17 -35.767073 -Inf
14 5  18 -38.227235 -Inf
14 5  19 -40.312878 -Inf
14 5  20 -21.421148 -733.384059
14 6  7 -19.888292 -Inf
14 6  8 -33.499018 -Inf
14 6  9 -38.458003 -Inf
14 6  10 -39.598766 -Inf
14 6  11 -29.412530 -Inf
14 6  12 -33.923018 -Inf
14 6  13 -38.911637 -Inf
14 6  15 -32.319456 -Inf
14 6  16 -39.305524 -Inf
14 6  17 -31.311779 -Inf
14 6  18 -33.984044 -Inf
14 6  19 -38.542721 -Inf
14 6  20 -18.293450 -Inf
14 7  8 -24.057114 -Inf
14 7  9 -21.759260 -Inf
14 7  10 -20.986440 -Inf
14 7  11 -21.869365 -Inf
14 7  12 -23.112093 -Inf
14 7  13 -19.335544 -920.582446
14 7  15 -22.748365 -Inf
14 7  16 -18.463506 -Inf
14 7  17 -22.334401 -Inf
14 7  18 -22.277270 -Inf
14 7  19 -19.294325 -Inf
14 7  20 -17.005012 -238.284045
14 8  9 -56.376910 -Inf
14 8  10 -36.014577 -Inf
14 8  11 -43.634494 -Inf
14 8  12 -38.085202 -Inf
14 8  13 -40.992368 -Inf
14 8  15 -58.038998 -Inf
14 8  16 -39.995383 -Inf
14 8  17 -40.052325 -Inf
14 8  18 -50.055106 -Inf
14 8  19 -42.129994 -Inf
14 8  20 -31.737426 -Inf
14 9  10 -40.704131 -Inf
14 9  11 -45.436910 -Inf
14 9  12 -40.131269 -Inf
14 9  13 -48.295838 -Inf
14 9  15 -55.246055 -Inf
14 9  16 -44.447047 -Inf
14 9  17 -39.391919 -Inf
14 9  18 -59.383301 -Inf
14 9  19 -49.373005 -Inf
14 9  20 -31.049931 -Inf
14 10  11 -32.896072 -Inf
14 10  12 -38.135551 -Inf
14 10  13 -40.004007 -Inf
14 10  15 -36.141804 -Inf
14 10  16 -43.001995 -Inf
14 10  17 -36.716921 -Inf
14 10  18 -38.882191 -Inf
14 10  19 -39.930776 -Inf
14 10  20 -22.916930 -Inf
14 11  12 -37.222066 -Inf
14 11  13 -41.276973 -Inf
14 11  15 -40.022568 -Inf
14 11  16 -40.878342 -Inf
14 11  17 -37.579394 -Inf
14 11  18 -45.678370 -Inf
14 11  19 -41.052721 -Inf
14 11  20 -25.846317 -Inf
14 12  13 -33.841159 -Inf
14 12  15 -33.289038 -Inf
14 12  16 -37.112440 -Inf
14 12  17 -41.400639 -Inf
14 12  18 -41.392718 -Inf
14 12  19 -34.300767 -Inf
14 12  20 -23.404719 -Inf
14 13  15 -43.725854 -Inf
14 13  16 -51.986630 -Inf
14 13  17 -32.264516 -Inf
14 13  18 -53.595467 -Inf
14 13  19 -56.215991 -Inf
14 13  20 -21.563226 -682.300151
14 15  16 -43.465011 -Inf
14 15  17 -36.198677 -Inf
14 15  18 -46.499476 -Inf
14 15  19 -46.530742 -Inf
14 15  20 -32.358477 -Inf
14 16  17 -36.925508 -Inf
14 16  18 -44.176151 -Inf
14 16  19 -52.034571 -Inf
14 16  20 -22.369457 -Inf
14 17  18 -39.779778 -Inf
14 17  19 -32.248537 -Inf
14 17  20 -22.156217 -Inf
14 18  19 -54.717722 -Inf
14 18  20 -26.627295 -Inf
14 19  20 -22.985828 -Inf
15  -83.000000 0.000000
15 1 -78.410671 -Inf
15 2 -64.969436 -Inf
15 3 -74.155915 -Inf
15 4 -70.542039 -703.492046
15 5 -71.009464 -Inf
15 6 -67.709816 -Inf
15 7 -69.576644 -Inf
15 8 -28.573534 -0.000684
15 9 -73.834601 -Inf
15 10 -72.993750 -Inf
15 11 -71.059972 -Inf
15 12 -66.048682 -Inf
15 13 -79.744497 -Inf
15 14 -66.378533 -Inf
15 16 -79.349791 -688.028498
15 17 -67.253167 -Inf
15 18 -81.196134 -712.583335
15 19 -79.913028 -Inf
15 20 -63.521125 -Inf
15 1  2 -59.267714 -Inf
15 1  3 -64.074794 -Inf
15 1  4 -63.210745 -Inf
15 1  5 -64.122979 -Inf
15 1  6 -57.284649 -Inf
15 1  7 -62.655097 -Inf
15 1  8 -23.820587 -Inf
15 1  9 -62.716145 -Inf
15 1  10 -66.292223 -Inf
15 1  11 -66.816231 -Inf
15 1  12 -60.891512 -Inf
15 1  13 -66.723458 -Inf
15 1  14 -57.671432 -Inf
15 1  16 -68.237562 -Inf
15 1  17 -62.233802 -Inf
15 1  18 -70.777958 -Inf
15 1  19 -68.028033 -Inf
15 1  20 -51.262917 -Inf
15 2  3 -57.458851 -Inf
15 2  4 -59.630250 -Inf
15 2  5 -56.280040 -Inf
15 2  6 -56.958610 -Inf
15 2  7 -61.343347 -Inf
15 2  8 -25.411890 -Inf
15 2  9 -52.759673 -Inf
15 2  10 -60.314548 -Inf
15 2  11 -59.248249 -Inf
15 2  12 -57.739675 -Inf
15 2  13 -58.729896 -Inf
15 2  14 -55.136221 -Inf
15 2  16 -58.945090 -Inf
15 2  17 -57.343249 -Inf
15 2  18 -57.545804 -Inf
15 2  19 -58.805619 -Inf
15 2  20 -50.164236 -Inf
15 3  4 -59.962282 -Inf
15 3  5 -57.437182 -Inf
15 3  6 -61.545815 -Inf
15 3  7 -61.220094 -Inf
15 3  8 -22.123973 -Inf
15 3  9 -61.170715 -Inf
15 3  10 -69.749267 -Inf
15 3  11 -59.444362 -Inf
15 3  12 -60.661965 -Inf
15 3  13 -53.467578 -Inf
15 3  14 -58.711344 -Inf
15 3  16 -70.995114 -Inf
15 3  17 -60.658045 -Inf
15 3  18 -66.593006 -Inf
15 3  19 -54.599547 -Inf
15 3  20 -55.224148 -Inf
15 4  5 -62.706554 -Inf
15 4  6 -61.102186 -Inf
15 4  7 -58.794853 -Inf
15 4  8 -26.298318 -703.492730
15 4  9 -53.172595 -Inf
15 4  10 -63.218988 -Inf
15 4  11 -58.425461 -Inf
15 4  12 -61.482202 -Inf
15 4  13 -65.991914 -Inf
15 4  14 -55.484603 -Inf
15 4  16 -66.295967 -1391.520544
15 4  17 -60.284849 -Inf
15 4  18 -64.865987 -1416.075381
15 4  19 -64.816286 -Inf
15 4  20 -53.277845 -Inf
15 5  6 -56.926017 -Inf
15 5  7 -55.292224 -Inf
15 5  8 -25.525691 -Inf
15 5  9 -56.542476 -Inf
15 5  10 -49.956551 -Inf
15 5  11 -67.026004 -Inf
15 5  12 -58.607635 -Inf
15 5  13 -66.269006 -Inf
15 5  14 -49.007472 -Inf
15 5  16 -57.957105 -Inf
15 5  17 -61.195363 -Inf
15 5  18 -62.746048 -Inf
15 5  19 -65.403981 -Inf
15 5  20 -46.833375 -Inf
15 6  7 -60.366913 -Inf
15 6  8 -25.638845 -Inf
15 6  9 -59.069798 -Inf
15 6  10 -57.388576 -Inf
15 6  11 -59.877284 -Inf
15 6  12 -60.058086 -Inf
15 6  13 -62.568670 -Inf
15 6  14 -57.152960 -Inf
15 6  16 -55.948572 -Inf
15 6  17 -58.112233 -Inf
15 6  18 -60.039048 -Inf
15 6  19 -63.228096 -Inf
15 6  20 -55.349749 -Inf
15 7  8 -27.360913 -Inf
15 7  9 -60.317092 -Inf
15 7  10 -63.231986 -Inf
15 7  11 -58.280015 -Inf
15 7  12 -59.371280 -Inf
15 7  13 -63.279203 -Inf
15 7  14 -63.790395 -Inf
15 7  16 -64.092592 -Inf
15 7  17 -57.764173 -Inf
15 7  18 -60.737302 -Inf
15 7  19 -64.176009 -Inf
15 7  20 -57.114073 -Inf
15 8  9 -24.516045 -Inf
15 8  10 -24.964037 -Inf
15 8  11 -23.425073 -Inf
15 8  12 -26.110930 -Inf
15 8  13 -25.222043 -Inf
15 8  14 -25.187466 -Inf
15 8  16 -24.573541 -688.029182
15 8  17 -25.662538 -Inf
15 8  18 -24.352027 -712.584019
15 8  19 -26.042732 -Inf
15 8  20 -23.460475 -Inf
15 9  10 -65.229762 -Inf
15 9  11 -57.800030 -Inf
15 9  12 -57.991566 -Inf
15 9  13 -56.799791 -Inf
15 9  14 -59.773649 -Inf
15 9  16 -66.658067 -Inf
15 9  17 -56.876734 -Inf
15 9  18 -64.635838 -Inf
15 9  19 -59.691073 -Inf
15 9  20 -55.562832 -Inf
15 10  11 -58.898665 -Inf
15 10  12 -52.265387 -Inf
15 10  13 -56.168774 -Inf
15 10  14 -62.618433 -Inf
15 10  16 -68.884288 -Inf
15 10  17 -54.496092 -Inf
15 10  18 -60.225886 -Inf
15 10  19 -56.479625 -Inf
15 10  20 -58.265469 -Inf
15 11  12 -59.290286 -Inf
15 11  13 -60.855057 -Inf
15 11  14 -52.409316 -Inf
15 11  16 -61.272789 -Inf
15 11  17 -58.564755 -Inf
15 11  18 -65.103947 -Inf
15 11  19 -64.356936 -Inf
15 11  20 -50.647530 -Inf
15 12  13 -61.915728 -Inf
15 12  14 -52.913683 -Inf
15 12  16 -55.422034 -Inf
15 12  17 -62.611453 -Inf
15 12  18 -62.414569 -Inf
15 12  19 -62.810633 -Inf
15 12  20 -53.789408 -Inf
15 13  14 -51.897014 -Inf
15 13  16 -62.341671 -Inf
15 13  17 -62.150233 -Inf
15 13  18 -75.764265 -Inf
15 13  19 -77.232960 -Inf
15 13  20 -56.184188 -Inf
15 14  16 -61.527883 -Inf
15 14  17 -49.271692 -Inf
15 14  18 -55.329843 -Inf
15 14  19 -51.832364 -Inf
15 14  20 -57.703198 -Inf
15 16  17 -58.653517 -Inf
15 16  18 -66.870185 -1400.611833
15 16  19 -63.497776 -Inf
15 16  20 -56.354376 -Inf
15 17  18 -61.443970 -Inf
15 17  19 -63.062008 -Inf
15 17  20 -51.878649 -Inf
15 18  19 -76.483103 -Inf
15 18  20 -55.982875 -Inf
15 19  20 -56.045316 -Inf
16  -83.000000 0.000000
16 1 -69.632083 -734.394738
16 2 -33.756807 -Inf
16 3 -56.468457 -Inf
16 4 -71.680342 -Inf
16 5 -50.031967 -Inf
16 6 -20.921647 -Inf
16 7 -54.764217 -Inf
16 8 -81.593828 -Inf
16 9 -80.190134 -Inf
16 10 -1.428461 -0.032626
16 11 -59.211228 -Inf
16 12 -50.972892 -720.674435
16 13 -33.938105 -Inf
16 14 -45.326244 -Inf
16 15 -78.714502 -688.028498
16 17 -49.310254 -Inf
16 18 -60.325184 -Inf
16 19 -35.419883 -676.671674
16 20 -77.785883 -Inf
16 1  2 -29.525733 -Inf
16 1  3 -47.876177 -Inf
16 1  4 -55.859916 -Inf
16 1  5 -43.588234 -Inf
16 1  6 -10.859469 -Inf
16 1  7 -39.798320 -Inf
16 1  8 -61.981938 -Inf
16 1  9 -60.527251 -Inf
16 1  10 -1.330971 -734.427364
16 1  11 -51.067829 -Inf
16 1  12 -43.566951 -1455.069172
16 1  13 -15.905899 -Inf
16 1  14 -26.391616 -Inf
16 1  15 -60.272766 -1422.423236
16 1  17 -42.994108 -Inf
16 1  18 -49.349964 -Inf
16 1  19 -17.520619 -1411.066412
16 1  20 -58.450340 -Inf
16 2  3 -25.607643 -Inf
16 2  4 -29.594073 -Inf
16 2  5 -27.147263 -Inf
16 2  6 -16.533975 -Inf
16 2  7 -28.130494 -Inf
16 2  8 -22.260386 -Inf
16 2  9 -18.082871 -Inf
16 2  10 -1.345820 -Inf
16 2  11 -26.278897 -Inf
16 2  12 -29.593040 -Inf
16 2  13 -15.444737 -Inf
16 2  14 -28.208608 -Inf
16 2  15 -28.126388 -Inf
16 2  17 -27.601915 -Inf
16 2  18 -25.323288 -Inf
16 2  19 -17.109889 -Inf
16 2  20 -31.025448 -Inf
16 3  4 -46.517110 -Inf
16 3  5 -37.272065 -Inf
16 3  6 -9.667330 -Inf
16 3  7 -36.529929 -Inf
16 3  8 -48.275218 -Inf
16 3  9 -39.709311 -Inf
16 3  10 -1.368324 -Inf
16 3  11 -47.102767 -Inf
16 3  12 -34.340863 -Inf
16 3  13 -21.987346 -Inf
16 3  14 -24.570422 -Inf
16 3  15 -50.540439 -Inf
16 3  17 -38.623429 -Inf
16 3  18 -32.631014 -Inf
16 3  19 -22.107817 -Inf
16 3  20 -53.437175 -Inf
16 4  5 -43.515437 -Inf
16 4  6 -17.619948 -Inf
16 4  7 -47.696864 -Inf
16 4  8 -68.963698 -Inf
16 4  9 -52.453819 -Inf
16 4  10 -1.329959 -Inf
16 4  11 -56.055120 -Inf
16 4  12 -41.059781 -Inf
16 4  13 -24.856100 -Inf
16 4  14 -34.679452 -Inf
16 4  15 -63.424034 -Inf
16 4  17 -46.224716 -Inf
16 4  18 -44.089102 -Inf
16 4  19 -24.735530 -Inf
16 4  20 -65.803030 -Inf
16 5  6 -15.013329 -Inf
16 5  7 -35.453313 -Inf
16 5  8 -30.433633 -Inf
16 5  9 -29.533484 -Inf
16 5  10 -1.319606 -Inf
16 5  11 -45.973241 -Inf
16 5  12 -41.708559 -Inf
16 5  13 -20.783147 -Inf
16 5  14 -36.043423 -Inf
16 5  15 -31.851313 -Inf
16 5  17 -43.841447 -Inf
16 5  18 -37.385566 -Inf
16 5  19 -17.608994 -Inf
16 5  20 -45.880649 -Inf
16 6  7 -17.258204 -Inf
16 6  8 -16.053891 -Inf
16 6  9 -15.547149 -Inf
16 6  10 -1.368041 -Inf
16 6  11 -10.864313 -Inf
16 6  12 -16.955971 -Inf
16 6  13 -17.043315 -Inf
16 6  14 -19.300523 -Inf
16 6  15 -16.493737 -Inf
16 6  17 -14.423230 -Inf
16 6  18 -16.934542 -Inf
16 6  19 -16.981605 -Inf
16 6  20 -18.662873 -Inf
16 7  8 -49.945391 -Inf
16 7  9 -30.144612 -Inf
16 7  10 -1.307753 -Inf
16 7  11 -41.834227 -Inf
16 7  12 -37.078174 -Inf
16 7  13 -23.758442 -Inf
16 7  14 -32.302940 -Inf
16 7  15 -48.883432 -Inf
16 7  17 -37.830576 -Inf
16 7  18 -34.728008 -Inf
16 7  19 -23.657385 -Inf
16 7  20 -50.680632 -Inf
16 8  9 -68.305370 -Inf
16 8  10 -1.275435 -Inf
16 8  11 -46.916263 -Inf
16 8  12 -44.456986 -Inf
16 8  13 -27.939677 -Inf
16 8  14 -34.795327 -Inf
16 8  15 -73.428519 -Inf
16 8  17 -42.754764 -Inf
16 8  18 -50.908720 -Inf
16 8  19 -28.318281 -Inf
16 8  20 -75.639338 -Inf
16 9  10 -1.284614 -Inf
16 9  11 -39.911182 -Inf
16 9  12 -30.266437 -Inf
16 9  13 -29.901575 -Inf
16 9  14 -32.273576 -Inf
16 9  15 -61.478740 -Inf
16 9  17 -31.605279 -Inf
16 9  18 -55.252902 -Inf
16 9  19 -29.370026 -Inf
16 9  20 -70.047722 -Inf
16 10  11 -1.355218 -Inf
16 10  12 -1.326460 -720.707061
16 10  13 -1.382027 -Inf
16 10  14 -1.277310 -Inf
16 10  15 -1.215639 -688.061124
16 10  17 -1.346954 -Inf
16 10  18 -1.353475 -Inf
16 10  19 -1.347494 -676.704300
16 10  20 -1.330042 -Inf
16 11  12 -43.031228 -Inf
16 11  13 -17.604286 -Inf
16 11  14 -23.560914 -Inf
16 11  15 -50.205188 -Inf
16 11  17 -47.517664 -Inf
16 11  18 -41.749651 -Inf
16 11  19 -16.331082 -Inf
16 11  20 -54.454484 -Inf
16 12  13 -19.055766 -Inf
16 12  14 -34.379064 -Inf
16 12  15 -41.331759 -1408.702933
16 12  17 -43.437535 -Inf
16 12  18 -45.145007 -Inf
16 12  19 -20.085386 -1397.346109
16 12  20 -44.076839 -Inf
16 13  14 -23.984914 -Inf
16 13  15 -25.293030 -Inf
16 13  17 -20.902414 -Inf
16 13  18 -23.925388 -Inf
16 13  19 -29.986521 -Inf
16 13  20 -27.665171 -Inf
16 14  15 -40.537804 -Inf
16 14  17 -28.998402 -Inf
16 14  18 -34.253164 -Inf
16 14  19 -22.755665 -Inf
16 14  20 -36.483053 -Inf
16 15  17 -42.584004 -Inf
16 15  18 -45.119220 -Inf
16 15  19 -24.851506 -1364.700173
16 15  20 -71.686636 -Inf
16 17  18 -42.658061 -Inf
16 17  19 -20.765677 -Inf
16 17  20 -41.897599 -Inf
16 18  19 -24.572073 -Inf
16 18  20 -44.810385 -Inf
16 19  20 -28.052761 -Inf
17  -83.000000 0.000000
17 1 -62.557400 -Inf
17 2 -26.793837 -Inf
17 3 -40.209318 -676.158117
17 4 -46.375638 -Inf
17 5 -33.576362 -512.303366
17 6 -18.911280 -Inf
17 7 -36.744949 -702.584777
17 8 -64.543329 -Inf
17 9 -61.660666 -Inf
17 10 -33.778461 -Inf
17 11 -29.125487 -68.454448
17 12 -2.965513 -0.000866
17 13 -69.383612 -Inf
17 14 -51.894391 -Inf
17 15 -71.297765 -Inf
17 16 -71.871117 -Inf
17 18 -47.839216 -730.607760
17 19 -69.550485 -Inf
17 20 -59.471948 -Inf
17 1  2 -23.881542 -Inf
17 1  3 -31.977012 -Inf
17 1  4 -36.741646 -Inf
17 1  5 -31.051003 -Inf
17 1  6 -15.898963 -Inf
17 1  7 -30.425459 -Inf
17 1  8 -44.471810 -Inf
17 1  9 -39.740383 -Inf
17 1  10 -28.746111 -Inf
17 1  11 -23.926560 -Inf
17 1  12 -2.506609 -Inf
17 1  13 -48.835199 -Inf
17 1  14 -42.992917 -Inf
17 1  15 -49.654370 -Inf
17 1  16 -52.156725 -Inf
17 1  18 -25.861332 -Inf
17 1  19 -51.062060 -Inf
17 1  20 -43.690079 -Inf
17 2  3 -22.345891 -Inf
17 2  4 -20.998409 -Inf
17 2  5 -16.118202 -Inf
17 2  6 -13.834972 -Inf
17 2  7 -22.997209 -Inf
17 2  8 -22.060696 -Inf
17 2  9 -22.551013 -Inf
17 2  10 -20.110923 -Inf
17 2  11 -13.141907 -Inf
17 2  12 -2.586154 -Inf
17 2  13 -22.122232 -Inf
17 2  14 -24.654317 -Inf
17 2  15 -21.946398 -Inf
17 2  16 -19.102491 -Inf
17 2  18 -10.726612 -Inf
17 2  19 -23.317788 -Inf
17 2  20 -21.140842 -Inf
17 3  4 -21.733329 -Inf
17 3  5 -14.661079 -1188.461484
17 3  6 -15.440542 -Inf
17 3  7 -25.975287 -1378.742894
17 3  8 -30.590924 -Inf
17 3  9 -35.963413 -Inf
17 3  10 -27.354361 -Inf
17 3  11 -14.305915 -744.612566
17 3  12 -2.451805 -676.158983
17 3  13 -30.716420 -Inf
17 3  14 -29.193955 -Inf
17 3  15 -31.488657 -Inf
17 3  16 -28.357128 -Inf
17 3  18 -16.203179 -1406.765878
17 3  19 -30.678783 -Inf
17 3  20 -31.047642 -Inf
17 4  5 -22.614260 -Inf
17 4  6 -12.624810 -Inf
17 4  7 -27.938573 -Inf
17 4  8 -39.334913 -Inf
17 4  9 -28.566765 -Inf
17 4  10 -22.886417 -Inf
17 4  11 -25.897929 -Inf
17 4  12 -1.981881 -Inf
17 4  13 -40.314625 -Inf
17 4  14 -35.368138 -Inf
17 4  15 -40.082325 -Inf
17 4  16 -38.574871 -Inf
17 4  18 -17.782539 -Inf
17 4  19 -40.887855 -Inf
17 4  20 -35.462246 -Inf
17 5  6 -4.754648 -Inf
17 5  7 -17.844886 -1214.888143
17 5  8 -27.839616 -Inf
17 5  9 -21.419518 -Inf
17 5  10 -14.612820 -Inf
17 5  11 -22.819636 -580.757815
17 5  12 -1.973769 -512.304232
17 5  13 -31.204714 -Inf
17 5  14 -22.880217 -Inf
17 5  15 -30.085729 -Inf
17 5  16 -28.096237 -Inf
17 5  18 -7.141230 -1242.911127
17 5  19 -31.878661 -Inf
17 5  20 -25.133194 -Inf
17 6  7 -13.610318 -Inf
17 6  8 -13.362489 -Inf
17 6  9 -14.614909 -Inf
17 6  10 -17.527104 -Inf
17 6  11 -4.533150 -Inf
17 6  12 -2.524253 -Inf
17 6  13 -17.750188 -Inf
17 6  14 -15.294241 -Inf
17 6  15 -15.730114 -Inf
17 6  16 -16.983950 -Inf
17 6  18 -10.332945 -Inf
17 6  19 -17.987998 -Inf
17 6  20 -16.943651 -Inf
17 7  8 -29.584614 -Inf
17 7  9 -25.699882 -Inf
17 7  10 -26.491405 -Inf
17 7  11 -17.097770 -771.039225
17 7  12 -2.616854 -702.585642
17 7  13 -31.185104 -Inf
17 7  14 -32.741829 -Inf
17 7  15 -28.713064 -Inf
17 7  16 -30.372573 -Inf
17 7  18 -16.142712 -1433.192537
17 7  19 -30.353926 -Inf
17 7  20 -34.814184 -Inf
17 8  9 -52.358195 -Inf
17 8  10 -25.092096 -Inf
17 8  11 -22.775163 -Inf
17 8  12 -2.311720 -Inf
17 8  13 -52.084388 -Inf
17 8  14 -43.121767 -Inf
17 8  15 -57.936553 -Inf
17 8  16 -55.752031 -Inf
17 8  18 -27.655498 -Inf
17 8  19 -51.676487 -Inf
17 8  20 -39.632085 -Inf
17 9  10 -24.178937 -Inf
17 9  11 -22.008422 -Inf
17 9  12 -2.582386 -Inf
17 9  13 -44.765900 -Inf
17 9  14 -34.308456 -Inf
17 9  15 -49.085117 -Inf
17 9  16 -46.607115 -Inf
17 9  18 -33.555526 -Inf
17 9  19 -44.084278 -Inf
17 9  20 -41.863732 -Inf
17 10  11 -10.439841 -Inf
17 10  12 -2.385879 -Inf
17 10  13 -27.861089 -Inf
17 10  14 -29.318497 -Inf
17 10  15 -27.363206 -Inf
17 10  16 -31.225653 -Inf
17 10  18 -13.046568 -Inf
17 10  19 -28.820789 -Inf
17 10  20 -28.412489 -Inf
17 11  12 -0.748218 -68.455314
17 11  13 -26.216960 -Inf
17 11  14 -21.971138 -Inf
17 11  15 -25.610936 -Inf
17 11  16 -21.948797 -Inf
17 11  18 -6.120357 -799.062209
17 11  19 -26.553429 -Inf
17 11  20 -22.625281 -Inf
17 12  13 -2.626087 -Inf
17 12  14 -2.549510 -Inf
17 12  15 -2.658600 -Inf
17 12  16 -2.509112 -Inf
17 12  18 -2.840897 -730.608626
17 12  19 -2.669584 -Inf
17 12  20 -2.646725 -Inf
17 13  14 -44.649918 -Inf
17 13  15 -58.585812 -Inf
17 13  16 -63.767621 -Inf
17 13  18 -36.771329 -Inf
17 13  19 -66.853827 -Inf
17 13  20 -47.277594 -Inf
17 14  15 -43.531201 -Inf
17 14  16 -42.534915 -Inf
17 14  18 -21.715339 -Inf
17 14  19 -42.808489 -Inf
17 14  20 -43.604414 -Inf
17 15  16 -61.911560 -Inf
17 15  18 -29.279014 -Inf
17 15  19 -59.932446 -Inf
17 15  20 -49.113332 -Inf
17 16  18 -22.814483 -Inf
17 16  19 -63.638252 -Inf
17 16  20 -46.073831 -Inf
17 18  19 -38.514181 -Inf
17 18  20 -25.625829 -Inf
17 19  20 -47.415565 -Inf
18  -83.000000 0.000000
18 1 -80.460476 -Inf
18 2 -47.789174 -529.804737
18 3 -61.542863 -Inf
18 4 -79.072326 -Inf
18 5 -65.294887 -Inf
18 6 -21.155098 -Inf
18 7 -61.614514 -Inf
18 8 -78.871466 -Inf
18 9 -69.466705 -Inf
18 10 -49.718832 -669.133335
18 11 -72.853871 -Inf
18 12 -2.922469 -28.453742
18 13 -78.433466 -Inf
18 14 -76.032134 -Inf
18 15 -80.476285 -712.583335
18 16 -70.751006 -Inf
18 17 -10.503084 -730.607760
18 19 -79.693816 -Inf
18 20 -75.000410 -656.682373
18 1  2 -42.275959 -Inf
18 1  3 -53.280678 -Inf
18 1  4 -69.839194 -Inf
18 1  5 -57.804087 -Inf
18 1  6 -17.526312 -Inf
18 1  7 -53.458656 -Inf
18 1  8 -69.018659 -Inf
18 1  9 -55.201719 -Inf
18 1  10 -40.346976 -Inf
18 1  11 -61.531534 -Inf
18 1  12 -2.551359 -Inf
18 1  13 -69.461500 -Inf
18 1  14 -66.370935 -Inf
18 1  15 -68.296237 -Inf
18 1  16 -61.518933 -Inf
18 1  17 -9.440418 -Inf
18 1  19 -67.612522 -Inf
18 1  20 -63.856016 -Inf
18 2  3 -42.611930 -Inf
18 2  4 -42.848465 -Inf
18 2  5 -32.803935 -Inf
18 2  6 -15.758231 -Inf
18 2  7 -42.808223 -Inf
18 2  8 -38.857753 -Inf
18 2  9 -41.097907 -Inf
18 2  10 -35.401332 -1198.938072
18 2  11 -37.583894 -Inf
18 2  12 -2.412784 -558.258479
18 2  13 -43.560844 -Inf
18 2  14 -43.889681 -Inf
18 2  15 -37.300035 -1242.388072
18 2  16 -36.326550 -Inf
18 2  17 -8.542998 -1260.412497
18 2  19 -42.035144 -Inf
18 2  20 -34.062315 -1186.487110
18 3  4 -45.377265 -Inf
18 3  5 -35.936607 -Inf
18 3  6 -18.351036 -Inf
18 3  7 -47.824475 -Inf
18 3  8 -52.044358 -Inf
18 3  9 -53.309394 -Inf
18 3  10 -40.868896 -Inf
18 3  11 -42.560084 -Inf
18 3  12 -2.774605 -Inf
18 3  13 -50.593212 -Inf
18 3  14 -54.003112 -Inf
18 3  15 -48.427099 -Inf
18 3  16 -42.813624 -Inf
18 3  17 -9.915332 -Inf
18 3  19 -47.902709 -Inf
18 3  20 -46.906342 -Inf
18 4  5 -55.641920 -Inf
18 4  6 -18.063828 -Inf
18 4  7 -54.267173 -Inf
18 4  8 -70.119334 -Inf
18 4  9 -56.372598 -Inf
18 4  10 -39.978993 -Inf
18 4  11 -66.713271 -Inf
18 4  12 -2.492761 -Inf
18 4  13 -70.736233 -Inf
18 4  14 -64.109380 -Inf
18 4  15 -71.789425 -Inf
18 4  16 -56.192899 -Inf
18 4  17 -9.234797 -Inf
18 4  19 -73.009635 -Inf
18 4  20 -61.377723 -Inf
18 5  6 -6.910078 -Inf
18 5  7 -39.544596 -Inf
18 5  8 -52.763306 -Inf
18 5  9 -41.922609 -Inf
18 5  10 -29.870654 -Inf
18 5  11 -58.206117 -Inf
18 5  12 -2.820354 -Inf
18 5  13 -59.884456 -Inf
18 5  14 -48.842930 -Inf
18 5  15 -60.073706 -Inf
18 5  16 -47.694830 -Inf
18 5  17 -8.685153 -Inf
18 5  19 -59.914215 -Inf
18 5  20 -51.424895 -Inf
18 6  7 -16.384536 -Inf
18 6  8 -15.634197 -Inf
18 6  9 -19.956885 -Inf
18 6  10 -17.864439 -Inf
18 6  11 -14.775545 -Inf
18 6  12 -2.755911 -Inf
18 6  13 -19.957530 -Inf
18 6  14 -17.025432 -Inf
18 6  15 -16.758107 -Inf
18 6  16 -17.883367 -Inf
18 6  17 -8.929429 -Inf
18 6  19 -19.987050 -Inf
18 6  20 -17.012326 -Inf
18 7  8 -49.517411 -Inf
18 7  9 -47.383352 -Inf
18 7  10 -43.023410 -Inf
18 7  11 -47.941524 -Inf
18 7  12 -2.414228 -Inf
18 7  13 -57.227026 -Inf
18 7  14 -55.516421 -Inf
18 7  15 -49.029156 -Inf
18 7  16 -49.028162 -Inf
18 7  17 -9.101395 -Inf
18 7  19 -57.654685 -Inf
18 7  20 -52.986701 -Inf
18 8  9 -58.964570 -Inf
18 8  10 -40.703716 -Inf
18 8  11 -58.097675 -Inf
18 8  12 -2.500498 -Inf
18 8  13 -68.069517 -Inf
18 8  14 -64.402921 -Inf
18 8  15 -70.013877 -Inf
18 8  16 -60.061183 -Inf
18 8  17 -6.935750 -Inf
18 8  19 -68.956062 -Inf
18 8  20 -58.675624 -Inf
18 9  10 -33.876084 -Inf
18 9  11 -55.298594 -Inf
18 9  12 -2.601592 -Inf
18 9  13 -58.339231 -Inf
18 9  14 -57.105362 -Inf
18 9  15 -54.717102 -Inf
18 9  16 -54.368166 -Inf
18 9  17 -8.708842 -Inf
18 9  19 -56.536913 -Inf
18 9  20 -51.024961 -Inf
18 10  11 -31.493660 -Inf
18 10  12 -2.700000 -697.587078
18 10  13 -44.720603 -Inf
18 10  14 -46.604919 -Inf
18 10  15 -38.440314 -1381.716670
18 10  16 -47.278123 -Inf
18 10  17 -8.340515 -1399.741095
18 10  19 -44.117832 -Inf
18 10  20 -39.605060 -1325.815709
18 11  12 -2.739606 -Inf
18 11  13 -64.760680 -Inf
18 11  14 -59.142902 -Inf
18 11  15 -66.014165 -Inf
18 11  16 -48.157187 -Inf
18 11  17 -8.666848 -Inf
18 11  19 -66.602282 -Inf
18 11  20 -60.665330 -Inf
18 12  13 -2.694106 -Inf
18 12  14 -2.763580 -Inf
18 12  15 -2.542168 -741.037077
18 12  16 -2.704961 -Inf
18 12  17 -2.813753 -759.061503
18 12  19 -2.546523 -Inf
18 12  20 -2.565594 -685.136116
18 13  14 -71.074647 -Inf
18 13  15 -73.326654 -Inf
18 13  16 -64.958708 -Inf
18 13  17 -8.875892 -Inf
18 13  19 -76.284022 -Inf
18 13  20 -66.572922 -Inf
18 14  15 -65.588954 -Inf
18 14  16 -59.309031 -Inf
18 14  17 -8.645155 -Inf
18 14  19 -69.569973 -Inf
18 14  20 -64.105497 -Inf
18 15  16 -64.326404 -Inf
18 15  17 -9.479590 -1443.191095
18 15  19 -74.263689 -Inf
18 15  20 -68.329706 -1369.265708
18 16  17 -7.554080 -Inf
18 16  19 -66.792326 -Inf
18 16  20 -58.350660 -Inf
18 17  19 -8.447575 -Inf
18 17  20 -8.859205 -1387.290134
18 19  20 -66.181883 -Inf
19  -83.000000 0.000000
19 1 -73.260994 -Inf
19 2 -48.405586 -Inf
19 3 -70.903424 -Inf
19 4 -72.763398 -Inf
19 5 -62.039572 -Inf
19 6 -31.872360 -Inf
19 7 -60.102421 -Inf
19 8 -78.469188 -Inf
19 9 -81.046484 -Inf
19 10 -47.007816 -Inf
19 11 -67.197139 -Inf
19 12 -56.999280 -Inf
19 13 -5.325074 -0.000685
19 14 -52.295275 -Inf
19 15 -80.561135 -Inf
19 16 -43.919287 -676.671674
19 17 -60.924560 -Inf
19 18 -67.478932 -Inf
19 20 -78.202276 -Inf
19 1  2 -41.734064 -Inf
19 1  3 -55.751650 -Inf
19 1  4 -56.497885 -Inf
19 1  5 -52.404918 -Inf
19 1  6 -26.123319 -Inf
19 1  7 -45.482548 -Inf
19 1  8 -65.319752 -Inf
19 1  9 -64.318671 -Inf
19 1  10 -31.432270 -Inf
19 1  11 -61.380771 -Inf
19 1  12 -45.863697 -Inf
19 1  13 -4.731605 -Inf
19 1  14 -42.597415 -Inf
19 1  15 -68.164287 -Inf
19 1  16 -30.676388 -Inf
19 1  17 -50.075690 -Inf
19 1  18 -55.427041 -Inf
19 1  20 -59.869332 -Inf
19 2  3 -43.856981 -Inf
19 2  4 -45.390385 -Inf
19 2  5 -45.605459 -Inf
19 2  6 -29.535132 -Inf
19 2  7 -37.509016 -Inf
19 2  8 -39.382055 -Inf
19 2  9 -37.112170 -Inf
19 2  10 -39.974888 -Inf
19 2  11 -42.600216 -Inf
19 2  12 -42.590806 -Inf
19 2  13 -4.801089 -Inf
19 2  14 -38.047577 -Inf
19 2  15 -42.465410 -Inf
19 2  16 -33.873352 -Inf
19 2  17 -41.569564 -Inf
19 2  18 -43.442723 -Inf
19 2  20 -43.626703 -Inf
19 3  4 -59.683367 -Inf
19 3  5 -56.550901 -Inf
19 3  6 -26.127474 -Inf
19 3  7 -50.892962 -Inf
19 3  8 -58.448189 -Inf
19 3  9 -57.083556 -Inf
19 3  10 -34.786906 -Inf
19 3  11 -55.025031 -Inf
19 3  12 -47.071052 -Inf
19 3  13 -4.788639 -Inf
19 3  14 -42.903584 -Inf
19 3  15 -59.330605 -Inf
19 3  16 -30.247646 -Inf
19 3  17 -52.302103 -Inf
19 3  18 -49.814350 -Inf
19 3  20 -64.626777 -Inf
19 4  5 -47.049082 -Inf
19 4  6 -29.276428 -Inf
19 4  7 -51.580268 -Inf
19 4  8 -61.829342 -Inf
19 4  9 -64.278829 -Inf
19 4  10 -40.404008 -Inf
19 4  11 -61.710625 -Inf
19 4  12 -46.218956 -Inf
19 4  13 -4.811323 -Inf
19 4  14 -42.475565 -Inf
19 4  15 -68.516193 -Inf
19 4  16 -35.870714 -Inf
19 4  17 -56.072198 -Inf
19 4  18 -50.569865 -Inf
19 4  20 -63.474182 -Inf
19 5  6 -28.375876 -Inf
19 5  7 -46.483502 -Inf
19 5  8 -45.226451 -Inf
19 5  9 -52.436485 -Inf
19 5  10 -38.137994 -Inf
19 5  11 -53.381791 -Inf
19 5  12 -52.504988 -Inf
19 5  13 -4.533487 -Inf
19 5  14 -46.408285 -Inf
19 5  15 -50.231222 -Inf
19 5  16 -31.301560 -Inf
19 5  17 -54.961125 -Inf
19 5  18 -54.102282 -Inf
19 5  20 -54.829749 -Inf
19 6  7 -26.180121 -Inf
19 6  8 -28.414590 -Inf
19 6  9 -28.201468 -Inf
19 6  10 -27.395897 -Inf
19 6  11 -27.960029 -Inf
19 6  12 -30.286090 -Inf
19 6  13 -4.685240 -Inf
19 6  14 -30.347172 -Inf
19 6  15 -29.541540 -Inf
19 6  16 -26.553640 -Inf
19 6  17 -28.663667 -Inf
19 6  18 -30.242938 -Inf
19 6  20 -27.990317 -Inf
19 7  8 -54.492139 -Inf
19 7  9 -42.154750 -Inf
19 7  10 -37.721763 -Inf
19 7  11 -49.635685 -Inf
19 7  12 -41.494849 -Inf
19 7  13 -4.699244 -Inf
19 7  14 -37.717660 -Inf
19 7  15 -56.242133 -Inf
19 7  16 -37.436888 -Inf
19 7  17 -43.573221 -Inf
19 7  18 -45.252744 -Inf
19 7  20 -54.906884 -Inf
19 8  9 -64.997474 -Inf
19 8  10 -34.397658 -Inf
19 8  11 -57.892277 -Inf
19 8  12 -48.406319 -Inf
19 8  13 -4.789747 -Inf
19 8  14 -39.203133 -Inf
19 8  15 -76.185185 -Inf
19 8  16 -32.417979 -Inf
19 8  17 -51.026472 -Inf
19 8  18 -59.530690 -Inf
19 8  20 -71.633735 -Inf
19 9  10 -39.588099 -Inf
19 9  11 -58.694834 -Inf
19 9  12 -47.112112 -Inf
19 9  13 -4.774063 -Inf
19 9  14 -46.901591 -Inf
19 9  15 -61.841040 -Inf
19 9  16 -35.319471 -Inf
19 9  17 -51.031941 -Inf
19 9  18 -58.504195 -Inf
19 9  20 -73.419315 -Inf
19 10  11 -32.657707 -Inf
19 10  12 -35.973309 -Inf
19 10  13 -4.750033 -Inf
19 10  14 -36.427897 -Inf
19 10  15 -33.640343 -Inf
19 10  16 -41.685917 -Inf
19 10  17 -31.667029 -Inf
19 10  18 -40.768652 -Inf
19 10  20 -40.690261 -Inf
19 11  12 -49.134057 -Inf
19 11  13 -4.850082 -Inf
19 11  14 -42.456411 -Inf
19 11  15 -61.839215 -Inf
19 11  16 -28.917252 -Inf
19 11  17 -54.169274 -Inf
19 11  18 -51.030174 -Inf
19 11  20 -58.415084 -Inf
19 12  13 -4.821097 -Inf
19 12  14 -37.604769 -Inf
19 12  15 -51.995332 -Inf
19 12  16 -27.526692 -Inf
19 12  17 -54.656729 -Inf
19 12  18 -54.038986 -Inf
19 12  20 -47.150865 -Inf
19 13  14 -4.915962 -Inf
19 13  15 -4.618326 -Inf
19 13  16 -4.668017 -676.672359
19 13  17 -4.916390 -Inf
19 13  18 -4.525004 -Inf
19 13  20 -4.312958 -Inf
19 14  15 -46.507584 -Inf
19 14  16 -31.462244 -Inf
19 14  17 -36.414115 -Inf
19 14  18 -44.085460 -Inf
19 14  20 -44.952254 -Inf
19 15  16 -31.087890 -Inf
19 15  17 -56.894723 -Inf
19 15  18 -59.854683 -Inf
19 15  20 -70.348554 -Inf
19 16  17 -27.686153 -Inf
19 16  18 -30.464503 -Inf
19 16  20 -36.016942 -Inf
19 17  18 -51.275281 -Inf
19 17  20 -51.410940 -Inf
19 18  20 -50.352097 -Inf
20  -83.000000 0.000000
20 1 -72.777382 -Inf
20 2 -58.186573 -Inf
20 3 -70.724600 -Inf
20 4 -69.535648 -Inf
20 5 -67.299045 -Inf
20 6 -64.865585 -Inf
20 7 -46.521755 -Inf
20 8 -74.068050 -685.096801
20 9 -76.231754 -Inf
20 10 -62.810700 -Inf
20 11 -69.211821 -Inf
20 12 -61.743230 -Inf
20 13 -79.970490 -Inf
20 14 -25.968226 -0.000875
20 15 -73.506951 -Inf
20 16 -78.349331 -Inf
20 17 -63.010990 -Inf
20 18 -73.051028 -656.682373
20 19 -79.397114 -Inf
20 1  2 -50.631547 -Inf
20 1  3 -58.150893 -Inf
20 1  4 -59.749039 -Inf
20 1  5 -61.942395 -Inf
20 1  6 -59.202805 -Inf
20 1  7 -42.158794 -Inf
20 1  8 -60.567784 -Inf
20 1  9 -53.984452 -Inf
20 1  10 -56.714416 -Inf
20 1  11 -59.273095 -Inf
20 1  12 -50.413208 -Inf
20 1  13 -64.384062 -Inf
20 1  14 -24.415747 -Inf
20 1  15 -59.638563 -Inf
20 1  16 -70.294544 -Inf
20 1  17 -51.101611 -Inf
20 1  18 -55.385575 -Inf
20 1  19 -64.686660 -Inf
20 2  3 -52.726212 -Inf
20 2  4 -51.052694 -Inf
20 2  5 -53.242139 -Inf
20 2  6 -56.043578 -Inf
20 2  7 -44.133926 -Inf
20 2  8 -47.275933 -Inf
20 2  9 -51.573890 -Inf
20 2  10 -55.298432 -Inf
20 2  11 -54.804976 -Inf
20 2  12 -54.748128 -Inf
20 2  13 -51.775605 -Inf
20 2  14 -23.305222 -Inf
20 2  15 -44.375368 -Inf
20 2  16 -55.818233 -Inf
20 2  17 -53.483944 -Inf
20 2  18 -49.800608 -Inf
20 2  19 -49.659225 -Inf
20 3  4 -61.242333 -Inf
20 3  5 -54.676909 -Inf
20 3  6 -58.951308 -Inf
20 3  7 -43.864456 -Inf
20 3  8 -64.464780 -Inf
20 3  9 -63.933761 -Inf
20 3  10 -58.128976 -Inf
20 3  11 -56.153612 -Inf
20 3  12 -49.998110 -Inf
20 3  13 -62.261950 -Inf
20 3  14 -23.571082 -Inf
20 3  15 -59.453909 -Inf
20 3  16 -63.924948 -Inf
20 3  17 -51.008005 -Inf
20 3  18 -60.274146 -Inf
20 3  19 -60.936068 -Inf
20 4  5 -60.573001 -Inf
20 4  6 -57.735957 -Inf
20 4  7 -43.799217 -Inf
20 4  8 -61.899510 -Inf
20 4  9 -61.049455 -Inf
20 4  10 -57.219419 -Inf
20 4  11 -63.289563 -Inf
20 4  12 -56.699345 -Inf
20 4  13 -65.368113 -Inf
20 4  14 -22.608246 -Inf
20 4  15 -56.824816 -Inf
20 4  16 -65.202200 -Inf
20 4  17 -59.230010 -Inf
20 4  18 -57.167256 -Inf
20 4  19 -63.778196 -Inf
20 5  6 -57.429174 -Inf
20 5  7 -37.657647 -Inf
20 5  8 -54.612805 -Inf
20 5  9 -59.028610 -Inf
20 5  10 -55.401697 -Inf
20 5  11 -63.601393 -Inf
20 5  12 -56.801653 -Inf
20 5  13 -61.929179 -Inf
20 5  14 -21.904331 -Inf
20 5  15 -50.627973 -Inf
20 5  16 -63.604049 -Inf
20 5  17 -57.376392 -Inf
20 5  18 -56.067247 -Inf
20 5  19 -62.110249 -Inf
20 6  7 -44.223478 -Inf
20 6  8 -54.924991 -Inf
20 6  9 -59.006777 -Inf
20 6  10 -59.670703 -Inf
20 6  11 -53.928085 -Inf
20 6  12 -57.554899 -Inf
20 6  13 -60.159027 -Inf
20 6  14 -23.990676 -Inf
20 6  15 -52.215697 -Inf
20 6  16 -62.563506 -Inf
20 6  17 -57.821417 -Inf
20 6  18 -54.487043 -Inf
20 6  19 -58.185882 -Inf
20 7  8 -41.925569 -Inf
20 7  9 -43.724154 -Inf
20 7  10 -44.846630 -Inf
20 7  11 -41.946623 -Inf
20 7  12 -43.958949 -Inf
20 7  13 -42.806002 -Inf
20 7  14 -24.342223 -Inf
20 7  15 -40.149522 -Inf
20 7  16 -44.507310 -Inf
20 7  17 -43.740696 -Inf
20 7  18 -40.377057 -Inf
20 7  19 -41.142113 -Inf
20 8  9 -68.736592 -Inf
20 8  10 -57.387114 -Inf
20 8  11 -55.124544 -Inf
20 8  12 -53.982731 -Inf
20 8  13 -69.002426 -Inf
20 8  14 -21.169376 -685.097676
20 8  15 -64.657817 -Inf
20 8  16 -68.073351 -Inf
20 8  17 -53.438103 -Inf
20 8  18 -59.697724 -1341.779174
20 8  19 -67.732544 -Inf
20 9  10 -58.574092 -Inf
20 9  11 -58.504841 -Inf
20 9  12 -53.547764 -Inf
20 9  13 -65.040545 -Inf
20 9  14 -22.898629 -Inf
20 9  15 -63.910852 -Inf
20 9  16 -70.737564 -Inf
20 9  17 -54.264711 -Inf
20 9  18 -57.776439 -Inf
20 9  19 -68.735618 -Inf
20 10  11 -56.571059 -Inf
20 10  12 -56.306526 -Inf
20 10  13 -58.284093 -Inf
20 10  14 -24.683245 -Inf
20 10  15 -52.505899 -Inf
20 10  16 -61.541779 -Inf
20 10  17 -57.114470 -Inf
20 10  18 -53.905130 -Inf
20 10  19 -57.575041 -Inf
20 11  12 -52.872166 -Inf
20 11  13 -61.422537 -Inf
20 11  14 -24.598629 -Inf
20 11  15 -54.106197 -Inf
20 11  16 -65.002735 -Inf
20 11  17 -49.608625 -Inf
20 11  18 -56.000671 -Inf
20 11  19 -60.112450 -Inf
20 12  13 -54.401541 -Inf
20 12  14 -23.692664 -Inf
20 12  15 -45.628490 -Inf
20 12  16 -57.283344 -Inf
20 12  17 -58.884713 -Inf
20 12  18 -51.386831 -Inf
20 12  19 -53.012958 -Inf
20 13  14 -22.269349 -Inf
20 13  15 -64.400720 -Inf
20 13  16 -75.355967 -Inf
20 13  17 -55.888822 -Inf
20 13  18 -68.826492 -Inf
20 13  19 -78.601027 -Inf
20 14  15 -23.311625 -Inf
20 14  16 -24.787086 -Inf
20 14  17 -24.124797 -Inf
20 14  18 -21.247465 -656.683248
20 14  19 -22.367729 -Inf
20 15  16 -65.274209 -Inf
20 15  17 -49.041503 -Inf
20 15  18 -57.176774 -Inf
20 15  19 -64.678368 -Inf
20 16  17 -58.148016 -Inf
20 16  18 -62.375678 -Inf
20 16  19 -74.583380 -Inf
20 17  18 -53.070718 -Inf
20 17  19 -55.429264 -Inf
20 18  19 -65.177051 -Inf
