1  -95.000000 0.000000
1 2 -61.476491 -0.041026
1 3 -87.872625 -Inf
1 4 -65.995272 -Inf
1 5 -77.757436 -Inf
1 6 -75.996524 -Inf
1 7 -79.202337 -Inf
1 8 -69.780153 -Inf
1 9 -89.357851 -Inf
1 10 -85.105906 -Inf
1 11 -91.064653 -Inf
1 12 -73.596274 -Inf
1 13 -77.192772 -Inf
1 14 -90.497018 -Inf
1 15 -66.604521 -Inf
1 16 -84.009813 -Inf
1 17 -81.648949 -Inf
1 18 -75.758691 -Inf
1 19 -79.277124 -Inf
1 20 -87.955033 -642.270815
1 2  3 -58.777304 -Inf
1 2  4 -54.458782 -Inf
1 2  5 -57.099311 -Inf
1 2  6 -56.065582 -Inf
1 2  7 -57.398160 -Inf
1 2  8 -57.330612 -Inf
1 2  9 -58.231775 -Inf
1 2  10 -48.116188 -Inf
1 2  11 -56.465619 -Inf
1 2  12 -55.885565 -Inf
1 2  13 -49.952530 -Inf
1 2  14 -54.089676 -Inf
1 2  15 -56.932244 -Inf
1 2  16 -50.939954 -Inf
1 2  17 -54.051455 -Inf
1 2  18 -55.768053 -Inf
1 2  19 -50.568762 -Inf
1 2  20 -46.976056 -642.311841
1 3  4 -59.824060 -Inf
1 3  5 -65.230797 -Inf
1 3  6 -63.870016 -Inf
1 3  7 -64.104989 -Inf
1 3  8 -62.072681 -Inf
1 3  9 -66.482892 -Inf
1 3  10 -68.419390 -Inf
1 3  11 -72.264119 -Inf
1 3  12 -60.185440 -Inf
1 3  13 -66.132078 -Inf
1 3  14 -79.088902 -Inf
1 3  15 -62.356502 -Inf
1 3  16 -73.219995 -Inf
1 3  17 -71.978835 -Inf
1 3  18 -62.891413 -Inf
1 3  19 -68.217174 -Inf
1 3  20 -78.548894 -Inf
1 4  5 -56.186776 -Inf
1 4  6 -58.199642 -Inf
1 4  7 -56.019353 -Inf
1 4  8 -58.436100 -Inf
1 4  9 -59.610926 -Inf
1 4  10 -57.298585 -Inf
1 4  11 -57.548292 -Inf
1 4  12 -57.286520 -Inf
1 4  13 -56.714014 -Inf
1 4  14 -60.251329 -Inf
1 4  15 -56.731647 -Inf
1 4  16 -59.271295 -Inf
1 4  17 -54.662991 -Inf
1 4  18 -58.055899 -Inf
1 4  19 -57.068282 -Inf
1 4  20 -56.437231 -Inf
1 5  6 -64.064152 -Inf
1 5  7 -65.860616 -Inf
1 5  8 -55.452104 -Inf
1 5  9 -71.729150 -Inf
1 5  10 -63.863666 -Inf
1 5  11 -63.641463 -Inf
1 5  12 -65.988644 -Inf
1 5  13 -64.104342 -Inf
1 5  14 -63.984722 -Inf
1 5  15 -54.448130 -Inf
1 5  16 -62.926432 -Inf
1 5  17 -64.561007 -Inf
1 5  18 -65.605901 -Inf
1 5  19 -64.936159 -Inf
1 5  20 -65.231390 -Inf
1 6  7 -67.853583 -Inf
1 6  8 -61.554218 -Inf
1 6  9 -73.478572 -Inf
1 6  10 -70.523736 -Inf
1 6  11 -69.610220 -Inf
1 6  12 -70.147207 -Inf
1 6  13 -70.930303 -Inf
1 6  14 -62.452857 -Inf
1 6  15 -60.685885 -Inf
1 6  16 -67.971741 -Inf
1 6  17 -64.845383 -Inf
1 6  18 -70.446090 -Inf
1 6  19 -70.936367 -Inf
1 6  20 -62.343567 -Inf
1 7  8 -59.425314 -Inf
1 7  9 -73.013427 -Inf
1 7  10 -69.630594 -Inf
1 7  11 -73.144734 -Inf
1 7  12 -68.662248 -Inf
1 7  13 -67.891450 -Inf
1 7  14 -63.006980 -Inf
1 7  15 -58.243693 -Inf
1 7  16 -68.488515 -Inf
1 7  17 -65.195646 -Inf
1 7  18 -68.556822 -Inf
1 7  19 -70.679927 -Inf
1 7  20 -72.959591 -Inf
1 8  9 -64.844943 -Inf
1 8  10 -61.659694 -Inf
1 8  11 -60.658937 -Inf
1 8  12 -60.001590 -Inf
1 8  13 -60.001254 -Inf
1 8  14 -60.662460 -Inf
1 8  15 -64.712331 -Inf
1 8  16 -58.093796 -Inf
1 8  17 -58.612316 -Inf
1 8  18 -56.679029 -Inf
1 8  19 -62.184826 -Inf
1 8  20 -60.438829 -Inf
1 9  10 -76.291748 -Inf
1 9  11 -78.347056 -Inf
1 9  12 -69.430834 -Inf
1 9  13 -73.916062 -Inf
1 9  14 -77.188475 -Inf
1 9  15 -62.478352 -Inf
1 9  16 -76.616473 -Inf
1 9  17 -73.187852 -Inf
1 9  18 -69.181300 -Inf
1 9  19 -74.348239 -Inf
1 9  20 -81.899827 -Inf
1 10  11 -75.244971 -Inf
1 10  12 -67.933378 -Inf
1 10  13 -72.062876 -Inf
1 10  14 -72.205791 -Inf
1 10  15 -60.599424 -Inf
1 10  16 -77.788368 -Inf
1 10  17 -64.128579 -Inf
1 10  18 -70.565320 -Inf
1 10  19 -73.726252 -Inf
1 10  20 -72.568781 -Inf
1 11  12 -64.784093 -Inf
1 11  13 -70.087087 -Inf
1 11  14 -80.584839 -Inf
1 11  15 -60.576076 -Inf
1 11  16 -76.538304 -Inf
1 11  17 -76.848029 -Inf
1 11  18 -67.731204 -Inf
1 11  19 -73.009622 -Inf
1 11  20 -78.485371 -Inf
1 12  13 -66.786278 -Inf
1 12  14 -64.293414 -Inf
1 12  15 -59.590559 -Inf
1 12  16 -65.826694 -Inf
1 12  17 -64.506323 -Inf
1 12  18 -69.729061 -Inf
1 12  19 -68.077193 -Inf
1 12  20 -62.850511 -Inf
1 13  14 -64.948097 -Inf
1 13  15 -58.925786 -Inf
1 13  16 -72.511132 -Inf
1 13  17 -68.046481 -Inf
1 13  18 -67.481539 -Inf
1 13  19 -74.946828 -Inf
1 13  20 -64.484911 -Inf
1 14  15 -61.825434 -Inf
1 14  16 -72.788004 -Inf
1 14  17 -71.425865 -Inf
1 14  18 -67.545992 -Inf
1 14  19 -65.293123 -Inf
1 14  20 -80.526998 -Inf
1 15  16 -60.631044 -Inf
1 15  17 -58.598688 -Inf
1 15  18 -58.570586 -Inf
1 15  19 -60.216547 -Inf
1 15  20 -58.215200 -Inf
1 16  17 -68.808201 -Inf
1 16  18 -69.948192 -Inf
1 16  19 -74.704159 -Inf
1 16  20 -70.143798 -Inf
1 17  18 -65.654361 -Inf
1 17  19 -65.695862 -Inf
1 17  20 -69.916755 -Inf
1 18  19 -68.429591 -Inf
1 18  20 -64.235767 -Inf
1 19  20 -63.927606 -Inf
2  -95.000000 0.000000
2 1 -44.590245 -0.041026
2 3 -91.915023 -112.947215
2 4 -53.362083 -359.105366
2 5 -36.384590 -54.143857
2 6 -61.061719 -676.159010
2 7 -48.126858 -0.010332
2 8 -36.992937 -318.769680
2 9 -57.213271 -48.233984
2 10 -72.289482 -Inf
2 11 -62.332721 -352.048830
2 12 -45.098185 -396.589740
2 13 -62.150338 -Inf
2 14 -86.971246 -Inf
2 15 -39.484413 -457.388272
2 16 -79.469533 -Inf
2 17 -77.803412 -635.038459
2 18 -65.662258 -500.027336
2 19 -60.819043 -658.608347
2 20 -89.847355 -Inf
2 1  3 -31.916402 -112.988241
2 1  4 -34.491239 -359.146391
2 1  5 -19.138139 -54.184883
2 1  6 -33.913794 -676.200036
2 1  7 -26.894283 -0.051358
2 1  8 -26.693877 -318.810706
2 1  9 -24.907706 -48.275010
2 1  10 -37.423118 -Inf
2 1  11 -21.706346 -352.089856
2 1  12 -22.498967 -396.630766
2 1  13 -31.765661 -Inf
2 1  14 -35.177373 -Inf
2 1  15 -27.960780 -457.429298
2 1  16 -37.485960 -Inf
2 1  17 -30.639173 -635.079485
2 1  18 -33.902552 -500.068361
2 1  19 -30.318427 -658.649373
2 1  20 -38.496573 -Inf
2 3  4 -37.353751 -472.052581
2 3  5 -25.849842 -167.091073
2 3  6 -48.527235 -789.106225
2 3  7 -29.603092 -112.957547
2 3  8 -30.176308 -431.716896
2 3  9 -20.329307 -161.181200
2 3  10 -55.941187 -Inf
2 3  11 -42.646781 -464.996046
2 3  12 -31.964880 -509.536956
2 3  13 -48.899157 -Inf
2 3  14 -69.475059 -Inf
2 3  15 -32.308450 -570.335488
2 3  16 -70.815071 -Inf
2 3  17 -67.774462 -747.985674
2 3  18 -43.242064 -612.974551
2 3  19 -51.469688 -771.555563
2 3  20 -78.557614 -Inf
2 4  5 -19.904685 -413.249223
2 4  6 -38.219720 -1035.264376
2 4  7 -25.848753 -359.115698
2 4  8 -32.319403 -677.875046
2 4  9 -24.156398 -407.339350
2 4  10 -44.661536 -Inf
2 4  11 -21.743367 -711.154196
2 4  12 -28.454823 -755.695106
2 4  13 -38.931251 -Inf
2 4  14 -46.727449 -Inf
2 4  15 -33.140308 -816.493638
2 4  16 -46.673656 -Inf
2 4  17 -36.126337 -994.143825
2 4  18 -43.394835 -859.132701
2 4  19 -41.016903 -1017.713713
2 4  20 -48.656615 -Inf
2 5  6 -23.385187 -730.302867
2 5  7 -23.930184 -54.154189
2 5  8 -17.148132 -372.913538
2 5  9 -25.966091 -102.377842
2 5  10 -26.345066 -Inf
2 5  11 -23.958655 -406.192688
2 5  12 -27.161477 -450.733598
2 5  13 -27.448065 -Inf
2 5  14 -30.776089 -Inf
2 5  15 -18.638137 -511.532129
2 5  16 -28.395027 -Inf
2 5  17 -26.240863 -689.182316
2 5  18 -28.522407 -554.171193
2 5  19 -27.437656 -712.752205
2 5  20 -30.171021 -Inf
2 6  7 -34.914623 -676.169342
2 6  8 -28.241419 -994.928690
2 6  9 -41.167014 -724.392994
2 6  10 -49.400074 -Inf
2 6  11 -33.302195 -1028.207840
2 6  12 -39.106514 -1072.748750
2 6  13 -56.870804 -Inf
2 6  14 -45.027065 -Inf
2 6  15 -31.665806 -1133.547282
2 6  16 -46.772764 -Inf
2 6  17 -43.753348 -1311.197469
2 6  18 -44.175470 -1176.186346
2 6  19 -53.947278 -1334.767357
2 6  20 -52.586776 -Inf
2 7  8 -21.948053 -318.780012
2 7  9 -36.261559 -48.244316
2 7  10 -33.921443 -Inf
2 7  11 -32.658848 -352.059162
2 7  12 -28.831298 -396.600072
2 7  13 -36.557739 -Inf
2 7  14 -35.461472 -Inf
2 7  15 -23.098369 -457.398604
2 7  16 -35.691460 -Inf
2 7  17 -32.556650 -635.048791
2 7  18 -34.273748 -500.037668
2 7  19 -33.934029 -658.618679
2 7  20 -38.478723 -Inf
2 8  9 -21.767858 -367.003665
2 8  10 -29.725677 -Inf
2 8  11 -17.625917 -670.818511
2 8  12 -22.198251 -715.359421
2 8  13 -31.017816 -Inf
2 8  14 -32.730760 -Inf
2 8  15 -35.155307 -776.157953
2 8  16 -32.649390 -Inf
2 8  17 -28.857289 -953.808139
2 8  18 -28.512154 -818.797016
2 8  19 -31.238157 -977.378028
2 8  20 -33.846779 -Inf
2 9  10 -38.746451 -Inf
2 9  11 -36.082092 -400.282814
2 9  12 -33.117627 -444.823725
2 9  13 -42.223856 -Inf
2 9  14 -46.665529 -Inf
2 9  15 -22.803249 -505.622256
2 9  16 -43.838019 -Inf
2 9  17 -42.362662 -683.272443
2 9  18 -38.903631 -548.261320
2 9  19 -39.119925 -706.842332
2 9  20 -48.904124 -Inf
2 10  11 -36.900336 -Inf
2 10  12 -37.536583 -Inf
2 10  13 -51.149691 -Inf
2 10  14 -62.177619 -Inf
2 10  15 -33.812139 -Inf
2 10  16 -68.731289 -Inf
2 10  17 -42.708820 -Inf
2 10  18 -60.530855 -Inf
2 10  19 -52.543802 -Inf
2 10  20 -63.723555 -Inf
2 11  12 -28.114888 -748.638571
2 11  13 -32.056555 -Inf
2 11  14 -54.888620 -Inf
2 11  15 -19.727120 -809.437102
2 11  16 -43.513692 -Inf
2 11  17 -46.178031 -987.087289
2 11  18 -30.871703 -852.076166
2 11  19 -34.596472 -1010.657178
2 11  20 -56.250766 -Inf
2 12  13 -37.502171 -Inf
2 12  14 -33.464382 -Inf
2 12  15 -24.011556 -853.978013
2 12  16 -37.664150 -Inf
2 12  17 -31.706824 -1031.628199
2 12  18 -40.875628 -896.617076
2 12  19 -36.142385 -1055.198088
2 12  20 -40.000325 -Inf
2 13  14 -48.469564 -Inf
2 13  15 -33.094213 -Inf
2 13  16 -48.760191 -Inf
2 13  17 -45.216206 -Inf
2 13  18 -45.289978 -Inf
2 13  19 -56.174367 -Inf
2 13  20 -51.853515 -Inf
2 14  15 -34.740145 -Inf
2 14  16 -70.970651 -Inf
2 14  17 -56.959746 -Inf
2 14  18 -45.527357 -Inf
2 14  19 -46.131932 -Inf
2 14  20 -81.145780 -Inf
2 15  16 -36.914655 -Inf
2 15  17 -32.198694 -1092.426731
2 15  18 -30.513520 -957.415608
2 15  19 -32.251560 -1115.996620
2 15  20 -36.775358 -Inf
2 16  17 -49.173909 -Inf
2 16  18 -58.977488 -Inf
2 16  19 -53.991876 -Inf
2 16  20 -70.394359 -Inf
2 17  18 -40.950876 -1135.065795
2 17  19 -46.193193 -1293.646806
2 17  20 -61.997007 -Inf
2 18  19 -46.710476 -1158.635683
2 18  20 -55.722362 -Inf
2 19  20 -52.083420 -Inf
3  -95.000000 0.000000
3 1 -79.564192 -Inf
3 2 -52.584609 -112.947215
3 4 -73.990970 -Inf
3 5 -74.929442 -659.269373
3 6 -89.259727 -Inf
3 7 -89.803193 -Inf
3 8 -70.796181 -559.307900
3 9 -57.501161 -0.000851
3 10 -84.303627 -377.773239
3 11 -84.052116 -613.121860
3 12 -84.555035 -Inf
3 13 -89.343842 -Inf
3 14 -86.367253 -590.003861
3 15 -70.918335 -731.301101
3 16 -84.818975 -615.654459
3 17 -78.147497 -577.220803
3 18 -90.027388 -Inf
3 19 -89.299396 -Inf
3 20 -91.817924 -Inf
3 1  2 -47.062687 -Inf
3 1  4 -68.353063 -Inf
3 1  5 -57.100602 -Inf
3 1  6 -66.959703 -Inf
3 1  7 -63.844263 -Inf
3 1  8 -62.489083 -Inf
3 1  9 -27.579657 -Inf
3 1  10 -63.764432 -Inf
3 1  11 -59.033695 -Inf
3 1  12 -58.078508 -Inf
3 1  13 -68.728881 -Inf
3 1  14 -70.445572 -Inf
3 1  15 -66.474507 -Inf
3 1  16 -69.324084 -Inf
3 1  17 -60.327422 -Inf
3 1  18 -66.973457 -Inf
3 1  19 -70.329105 -Inf
3 1  20 -74.175136 -Inf
3 2  4 -42.848486 -Inf
3 2  5 -47.388044 -772.216589
3 2  6 -44.795553 -Inf
3 2  7 -46.341872 -Inf
3 2  8 -47.090335 -672.255115
3 2  9 -20.178451 -112.948066
3 2  10 -41.836709 -490.720455
3 2  11 -47.404488 -726.069075
3 2  12 -46.188655 -Inf
3 2  13 -46.321447 -Inf
3 2  14 -44.885587 -702.951076
3 2  15 -48.204732 -844.248317
3 2  16 -45.418796 -728.601675
3 2  17 -46.765478 -690.168018
3 2  18 -46.740056 -Inf
3 2  19 -48.142244 -Inf
3 2  20 -48.042084 -Inf
3 4  5 -53.107638 -Inf
3 4  6 -65.381347 -Inf
3 4  7 -59.493667 -Inf
3 4  8 -58.981045 -Inf
3 4  9 -27.479014 -Inf
3 4  10 -61.331075 -Inf
3 4  11 -53.928216 -Inf
3 4  12 -57.541797 -Inf
3 4  13 -65.090703 -Inf
3 4  14 -65.784815 -Inf
3 4  15 -62.126498 -Inf
3 4  16 -61.417053 -Inf
3 4  17 -57.510346 -Inf
3 4  18 -66.420556 -Inf
3 4  19 -69.057751 -Inf
3 4  20 -67.441101 -Inf
3 5  6 -60.448713 -Inf
3 5  7 -67.688715 -Inf
3 5  8 -56.151054 -1218.577273
3 5  9 -35.194397 -659.270224
3 5  10 -58.628756 -1037.042613
3 5  11 -53.900203 -1272.391233
3 5  12 -66.789695 -Inf
3 5  13 -62.567633 -Inf
3 5  14 -64.920115 -1249.273234
3 5  15 -57.627105 -1390.570474
3 5  16 -60.126656 -1274.923833
3 5  17 -56.799876 -1236.490176
3 5  18 -70.080132 -Inf
3 5  19 -69.004038 -Inf
3 5  20 -67.569248 -Inf
3 6  7 -81.751472 -Inf
3 6  8 -60.523116 -Inf
3 6  9 -44.723705 -Inf
3 6  10 -70.676778 -Inf
3 6  11 -60.778125 -Inf
3 6  12 -77.402028 -Inf
3 6  13 -78.899634 -Inf
3 6  14 -73.983277 -Inf
3 6  15 -59.844545 -Inf
3 6  16 -72.050372 -Inf
3 6  17 -66.660558 -Inf
3 6  18 -75.888863 -Inf
3 6  19 -75.684950 -Inf
3 6  20 -79.292654 -Inf
3 7  8 -56.591952 -Inf
3 7  9 -40.387414 -Inf
3 7  10 -72.753309 -Inf
3 7  11 -71.869079 -Inf
3 7  12 -77.864038 -Inf
3 7  13 -80.648129 -Inf
3 7  14 -74.925040 -Inf
3 7  15 -58.507707 -Inf
3 7  16 -71.744855 -Inf
3 7  17 -69.511550 -Inf
3 7  18 -76.980135 -Inf
3 7  19 -81.061034 -Inf
3 7  20 -78.641407 -Inf
3 8  9 -26.071295 -559.308751
3 8  10 -59.059195 -937.081139
3 8  11 -54.746233 -1172.429760
3 8  12 -59.938459 -Inf
3 8  13 -60.254363 -Inf
3 8  14 -59.669991 -1149.311761
3 8  15 -64.736198 -1290.609001
3 8  16 -58.139347 -1174.962359
3 8  17 -55.187278 -1136.528703
3 8  18 -64.151135 -Inf
3 8  19 -63.237264 -Inf
3 8  20 -63.788486 -Inf
3 9  10 -41.962413 -377.774090
3 9  11 -43.962449 -613.122710
3 9  12 -42.470386 -Inf
3 9  13 -45.887095 -Inf
3 9  14 -48.141266 -590.004711
3 9  15 -29.306409 -731.301952
3 9  16 -46.045224 -615.655310
3 9  17 -44.955511 -577.221653
3 9  18 -43.050248 -Inf
3 9  19 -43.710410 -Inf
3 9  20 -47.142287 -Inf
3 10  11 -64.664032 -990.895099
3 10  12 -66.924901 -Inf
3 10  13 -74.449256 -Inf
3 10  14 -71.574034 -967.777100
3 10  15 -60.209009 -1109.074341
3 10  16 -71.908031 -993.427699
3 10  17 -59.444332 -954.994042
3 10  18 -68.913007 -Inf
3 10  19 -76.060693 -Inf
3 10  20 -79.153178 -Inf
3 11  12 -64.200258 -Inf
3 11  13 -65.007460 -Inf
3 11  14 -68.628083 -1203.125720
3 11  15 -57.130443 -1344.422961
3 11  16 -70.451499 -1228.776319
3 11  17 -68.994927 -1190.342662
3 11  18 -67.242626 -Inf
3 11  19 -67.490689 -Inf
3 11  20 -77.884198 -Inf
3 12  13 -70.132786 -Inf
3 12  14 -71.242140 -Inf
3 12  15 -55.870371 -Inf
3 12  16 -70.466693 -Inf
3 12  17 -67.053783 -Inf
3 12  18 -82.191483 -Inf
3 12  19 -70.596236 -Inf
3 12  20 -75.786214 -Inf
3 13  14 -72.533109 -Inf
3 13  15 -61.672072 -Inf
3 13  16 -72.227366 -Inf
3 13  17 -68.894467 -Inf
3 13  18 -70.964055 -Inf
3 13  19 -80.773336 -Inf
3 13  20 -77.764725 -Inf
3 14  15 -59.012446 -1321.304962
3 14  16 -78.399880 -1205.658320
3 14  17 -65.457037 -1167.224663
3 14  18 -72.607579 -Inf
3 14  19 -75.469164 -Inf
3 14  20 -81.094412 -Inf
3 15  16 -60.125378 -1346.955561
3 15  17 -58.582049 -1308.521904
3 15  18 -63.038109 -Inf
3 15  19 -62.746869 -Inf
3 15  20 -64.947262 -Inf
3 16  17 -61.458063 -1192.875262
3 16  18 -71.715960 -Inf
3 16  19 -74.847895 -Inf
3 16  20 -77.728565 -Inf
3 17  18 -70.721484 -Inf
3 17  19 -69.915220 -Inf
3 17  20 -70.801301 -Inf
3 18  19 -72.206498 -Inf
3 18  20 -81.145284 -Inf
3 19  20 -80.494936 -Inf
4  -95.000000 0.000000
4 1 -54.323912 -Inf
4 2 -46.551533 -359.105366
4 3 -83.862396 -Inf
4 5 -77.197151 -Inf
4 6 -73.061251 -Inf
4 7 -79.520158 -Inf
4 8 -55.826011 -Inf
4 9 -90.292492 -Inf
4 10 -67.580713 -558.881138
4 11 -88.748084 -Inf
4 12 -71.055300 -Inf
4 13 -72.333332 -Inf
4 14 -81.800186 -732.495656
4 15 -52.279324 -652.514926
4 16 -70.965178 -730.446616
4 17 -88.920268 -Inf
4 18 -73.285960 -Inf
4 19 -68.174276 -696.043089
4 20 -86.113157 -703.376867
4 1  2 -43.099250 -Inf
4 1  3 -46.988868 -Inf
4 1  5 -42.583087 -Inf
4 1  6 -42.739463 -Inf
4 1  7 -42.931920 -Inf
4 1  8 -41.961761 -Inf
4 1  9 -50.191838 -Inf
4 1  10 -40.729945 -Inf
4 1  11 -45.597629 -Inf
4 1  12 -39.890015 -Inf
4 1  13 -43.447140 -Inf
4 1  14 -47.233736 -Inf
4 1  15 -43.823942 -Inf
4 1  16 -41.862045 -Inf
4 1  17 -42.643079 -Inf
4 1  18 -42.615715 -Inf
4 1  19 -42.446594 -Inf
4 1  20 -47.451986 -Inf
4 2  3 -40.427703 -Inf
4 2  5 -42.136128 -Inf
4 2  6 -41.069042 -Inf
4 2  7 -39.347682 -Inf
4 2  8 -42.573075 -Inf
4 2  9 -43.569661 -Inf
4 2  10 -37.711438 -917.986504
4 2  11 -40.713400 -Inf
4 2  12 -42.849171 -Inf
4 2  13 -39.799028 -Inf
4 2  14 -40.118189 -1091.601022
4 2  15 -42.420764 -1011.620292
4 2  16 -37.320587 -1089.551982
4 2  17 -43.356470 -Inf
4 2  18 -43.872592 -Inf
4 2  19 -38.130399 -1055.148455
4 2  20 -39.900929 -1062.482233
4 3  5 -59.067158 -Inf
4 3  6 -50.885453 -Inf
4 3  7 -46.339164 -Inf
4 3  8 -46.453882 -Inf
4 3  9 -45.846630 -Inf
4 3  10 -46.766858 -Inf
4 3  11 -64.552884 -Inf
4 3  12 -48.454252 -Inf
4 3  13 -50.172103 -Inf
4 3  14 -66.810295 -Inf
4 3  15 -45.385870 -Inf
4 3  16 -56.685647 -Inf
4 3  17 -73.039245 -Inf
4 3  18 -50.600821 -Inf
4 3  19 -52.519853 -Inf
4 3  20 -71.828468 -Inf
4 5  6 -58.193861 -Inf
4 5  7 -60.131411 -Inf
4 5  8 -49.736118 -Inf
4 5  9 -73.791909 -Inf
4 5  10 -51.900996 -Inf
4 5  11 -32.937598 -Inf
4 5  12 -60.808049 -Inf
4 5  13 -59.031733 -Inf
4 5  14 -57.340905 -Inf
4 5  15 -47.705519 -Inf
4 5  16 -50.278742 -Inf
4 5  17 -54.939690 -Inf
4 5  18 -59.591606 -Inf
4 5  19 -57.213515 -Inf
4 5  20 -63.901960 -Inf
4 6  7 -63.879270 -Inf
4 6  8 -46.388129 -Inf
4 6  9 -68.425281 -Inf
4 6  10 -49.985949 -Inf
4 6  11 -53.734816 -Inf
4 6  12 -65.171074 -Inf
4 6  13 -67.814168 -Inf
4 6  14 -56.397423 -Inf
4 6  15 -44.476959 -Inf
4 6  16 -52.821600 -Inf
4 6  17 -60.417157 -Inf
4 6  18 -66.503207 -Inf
4 6  19 -61.549044 -Inf
4 6  20 -58.781538 -Inf
4 7  8 -46.033942 -Inf
4 7  9 -70.278402 -Inf
4 7  10 -51.341074 -Inf
4 7  11 -68.936713 -Inf
4 7  12 -60.175703 -Inf
4 7  13 -62.277735 -Inf
4 7  14 -61.082462 -Inf
4 7  15 -43.640181 -Inf
4 7  16 -55.007198 -Inf
4 7  17 -61.782186 -Inf
4 7  18 -59.939613 -Inf
4 7  19 -55.662765 -Inf
4 7  20 -65.792012 -Inf
4 8  9 -52.252468 -Inf
4 8  10 -45.479342 -Inf
4 8  11 -48.278937 -Inf
4 8  12 -44.421244 -Inf
4 8  13 -42.335879 -Inf
4 8  14 -43.274370 -Inf
4 8  15 -48.370344 -Inf
4 8  16 -42.494860 -Inf
4 8  17 -49.733289 -Inf
4 8  18 -43.310049 -Inf
4 8  19 -43.110764 -Inf
4 8  20 -46.611160 -Inf
4 9  10 -60.579442 -Inf
4 9  11 -76.580640 -Inf
4 9  12 -66.554693 -Inf
4 9  13 -64.234833 -Inf
4 9  14 -69.143689 -Inf
4 9  15 -48.164300 -Inf
4 9  16 -66.289123 -Inf
4 9  17 -74.068140 -Inf
4 9  18 -68.803226 -Inf
4 9  19 -63.065765 -Inf
4 9  20 -75.117752 -Inf
4 10  11 -53.541115 -Inf
4 10  12 -50.850117 -Inf
4 10  13 -51.247535 -Inf
4 10  14 -53.031053 -1291.376794
4 10  15 -43.280487 -1211.396064
4 10  16 -58.712121 -1289.327754
4 10  17 -55.878282 -Inf
4 10  18 -56.784464 -Inf
4 10  19 -49.475000 -1254.924227
4 10  20 -56.829192 -1262.258005
4 11  12 -51.178878 -Inf
4 11  13 -54.111785 -Inf
4 11  14 -73.686693 -Inf
4 11  15 -45.412727 -Inf
4 11  16 -58.637351 -Inf
4 11  17 -69.177771 -Inf
4 11  18 -51.645150 -Inf
4 11  19 -53.625106 -Inf
4 11  20 -77.817885 -Inf
4 12  13 -61.303342 -Inf
4 12  14 -58.390149 -Inf
4 12  15 -43.666865 -Inf
4 12  16 -51.053181 -Inf
4 12  17 -59.821168 -Inf
4 12  18 -68.866114 -Inf
4 12  19 -60.827266 -Inf
4 12  20 -58.801135 -Inf
4 13  14 -56.238270 -Inf
4 13  15 -43.138251 -Inf
4 13  16 -56.671488 -Inf
4 13  17 -62.440558 -Inf
4 13  18 -61.081819 -Inf
4 13  19 -61.999755 -Inf
4 13  20 -57.579558 -Inf
4 14  15 -42.959449 -1385.010583
4 14  16 -59.549954 -1462.942272
4 14  17 -67.622539 -Inf
4 14  18 -56.581351 -Inf
4 14  19 -53.343985 -1428.538745
4 14  20 -74.492834 -1435.872523
4 15  16 -41.095461 -1382.961542
4 15  17 -49.283836 -Inf
4 15  18 -43.676241 -Inf
4 15  19 -41.433533 -1348.558015
4 15  20 -43.654646 -1355.891793
4 16  17 -55.417574 -Inf
4 16  18 -53.621038 -Inf
4 16  19 -56.024095 -1426.489705
4 16  20 -61.645332 -1433.823483
4 17  18 -60.379240 -Inf
4 17  19 -58.199274 -Inf
4 17  20 -70.743604 -Inf
4 18  19 -58.488586 -Inf
4 18  20 -55.189292 -Inf
4 19  20 -59.257017 -1399.419956
5  -95.000000 0.000000
5 1 -71.311090 -Inf
5 2 -31.148142 -54.143857
5 3 -94.029031 -659.269373
5 4 -74.970415 -Inf
5 6 -77.861026 -Inf
5 7 -67.246877 -730.046983
5 8 -59.118208 -649.965317
5 9 -68.075078 -Inf
5 10 -86.469505 -Inf
5 11 -20.400629 -0.000722
5 12 -49.282355 -Inf
5 13 -73.879553 -Inf
5 14 -89.433654 -Inf
5 15 -59.880385 -680.761993
5 16 -88.609372 -Inf
5 17 -50.821279 -675.865884
5 18 -81.310141 -Inf
5 19 -73.507575 -Inf
5 20 -88.858295 -Inf
5 1  2 -29.997580 -Inf
5 1  3 -53.995027 -Inf
5 1  4 -62.121695 -Inf
5 1  6 -64.114094 -Inf
5 1  7 -57.580111 -Inf
5 1  8 -52.985479 -Inf
5 1  9 -49.666494 -Inf
5 1  10 -64.757122 -Inf
5 1  11 -8.192137 -Inf
5 1  12 -42.441973 -Inf
5 1  13 -56.434740 -Inf
5 1  14 -61.152503 -Inf
5 1  15 -52.047141 -Inf
5 1  16 -64.035446 -Inf
5 1  17 -33.215390 -Inf
5 1  18 -59.857963 -Inf
5 1  19 -57.443619 -Inf
5 1  20 -65.249021 -Inf
5 2  3 -27.392408 -713.413230
5 2  4 -24.975493 -Inf
5 2  6 -28.970126 -Inf
5 2  7 -29.629498 -784.190841
5 2  8 -28.666318 -704.109174
5 2  9 -29.545623 -Inf
5 2  10 -29.148984 -Inf
5 2  11 -5.732881 -54.144579
5 2  12 -27.363445 -Inf
5 2  13 -28.625768 -Inf
5 2  14 -29.183699 -Inf
5 2  15 -28.801434 -734.905850
5 2  16 -27.936410 -Inf
5 2  17 -16.823987 -730.009742
5 2  18 -30.270431 -Inf
5 2  19 -28.822912 -Inf
5 2  20 -27.219643 -Inf
5 3  4 -53.658714 -Inf
5 3  6 -64.530137 -Inf
5 3  7 -54.096732 -1389.316356
5 3  8 -46.376447 -1309.234690
5 3  9 -45.420194 -Inf
5 3  10 -68.869205 -Inf
5 3  11 -12.471083 -659.270095
5 3  12 -41.655971 -Inf
5 3  13 -62.692024 -Inf
5 3  14 -73.177950 -Inf
5 3  15 -49.851848 -1340.031366
5 3  16 -76.379142 -Inf
5 3  17 -45.453424 -1335.135258
5 3  18 -63.370353 -Inf
5 3  19 -61.476396 -Inf
5 3  20 -83.027392 -Inf
5 4  6 -60.007068 -Inf
5 4  7 -51.113974 -Inf
5 4  8 -52.941430 -Inf
5 4  9 -46.156556 -Inf
5 4  10 -67.571128 -Inf
5 4  11 -4.183895 -Inf
5 4  12 -41.727226 -Inf
5 4  13 -61.522433 -Inf
5 4  14 -64.309884 -Inf
5 4  15 -53.266878 -Inf
5 4  16 -67.069644 -Inf
5 4  17 -32.740655 -Inf
5 4  18 -63.196080 -Inf
5 4  19 -62.032778 -Inf
5 4  20 -67.245261 -Inf
5 6  7 -59.399951 -Inf
5 6  8 -53.136531 -Inf
5 6  9 -58.100707 -Inf
5 6  10 -71.361446 -Inf
5 6  11 -11.629678 -Inf
5 6  12 -31.832158 -Inf
5 6  13 -70.647666 -Inf
5 6  14 -65.685138 -Inf
5 6  15 -53.930330 -Inf
5 6  16 -67.884494 -Inf
5 6  17 -33.622567 -Inf
5 6  18 -46.629544 -Inf
5 6  19 -67.074449 -Inf
5 6  20 -70.300378 -Inf
5 7  8 -45.721557 -1380.012300
5 7  9 -53.464550 -Inf
5 7  10 -53.229208 -Inf
5 7  11 -14.856986 -730.047705
5 7  12 -42.575046 -Inf
5 7  13 -56.451200 -Inf
5 7  14 -55.104024 -Inf
5 7  15 -45.856147 -1410.808976
5 7  16 -52.331133 -Inf
5 7  17 -32.522895 -1405.912868
5 7  18 -55.322558 -Inf
5 7  19 -55.770801 -Inf
5 7  20 -58.040987 -Inf
5 8  9 -48.142065 -Inf
5 8  10 -48.370251 -Inf
5 8  11 -6.941341 -649.966039
5 8  12 -38.625578 -Inf
5 8  13 -52.055256 -Inf
5 8  14 -52.239246 -Inf
5 8  15 -54.007223 -1330.727310
5 8  16 -47.567872 -Inf
5 8  17 -28.599006 -1325.831201
5 8  18 -53.294970 -Inf
5 8  19 -51.853797 -Inf
5 8  20 -53.838254 -Inf
5 9  10 -53.831278 -Inf
5 9  11 -16.012280 -Inf
5 9  12 -42.759398 -Inf
5 9  13 -55.122850 -Inf
5 9  14 -55.900112 -Inf
5 9  15 -47.140766 -Inf
5 9  16 -58.348701 -Inf
5 9  17 -33.656968 -Inf
5 9  18 -53.584615 -Inf
5 9  19 -54.133556 -Inf
5 9  20 -61.953392 -Inf
5 10  11 -10.988958 -Inf
5 10  12 -40.860066 -Inf
5 10  13 -66.171970 -Inf
5 10  14 -74.928309 -Inf
5 10  15 -49.560183 -Inf
5 10  16 -81.935968 -Inf
5 10  17 -34.155089 -Inf
5 10  18 -73.470386 -Inf
5 10  19 -65.637082 -Inf
5 10  20 -76.567631 -Inf
5 11  12 -10.276833 -Inf
5 11  13 -9.817737 -Inf
5 11  14 -17.398579 -Inf
5 11  15 -7.172802 -680.762715
5 11  16 -12.618703 -Inf
5 11  17 -15.840844 -675.866606
5 11  18 -10.573065 -Inf
5 11  19 -11.309375 -Inf
5 11  20 -18.145509 -Inf
5 12  13 -42.407929 -Inf
5 12  14 -39.325918 -Inf
5 12  15 -38.719488 -Inf
5 12  16 -40.901464 -Inf
5 12  17 -23.164084 -Inf
5 12  18 -47.918410 -Inf
5 12  19 -42.540458 -Inf
5 12  20 -43.205011 -Inf
5 13  14 -56.740423 -Inf
5 13  15 -53.389253 -Inf
5 13  16 -63.300800 -Inf
5 13  17 -33.527556 -Inf
5 13  18 -48.828783 -Inf
5 13  19 -68.823180 -Inf
5 13  20 -63.902170 -Inf
5 14  15 -52.562755 -Inf
5 14  16 -75.299394 -Inf
5 14  17 -38.268856 -Inf
5 14  18 -54.803443 -Inf
5 14  19 -60.203106 -Inf
5 14  20 -82.264859 -Inf
5 15  16 -48.814962 -Inf
5 15  17 -30.450986 -1356.627877
5 15  18 -55.234908 -Inf
5 15  19 -52.490043 -Inf
5 15  20 -54.788615 -Inf
5 16  17 -36.410614 -Inf
5 16  18 -69.359128 -Inf
5 16  19 -65.157412 -Inf
5 16  20 -74.919794 -Inf
5 17  18 -32.338102 -Inf
5 17  19 -33.335702 -Inf
5 17  20 -41.349921 -Inf
5 18  19 -51.762634 -Inf
5 18  20 -70.534147 -Inf
5 19  20 -65.101570 -Inf
6  -95.000000 0.000000
6 1 -71.903311 -Inf
6 2 -58.350291 -676.159010
6 3 -85.694241 -Inf
6 4 -73.234677 -Inf
6 5 -71.534842 -Inf
6 7 -72.694125 -Inf
6 8 -74.768776 -Inf
6 9 -73.233848 -Inf
6 10 -40.984076 -700.120986
6 11 -84.215210 -Inf
6 12 -18.288178 -0.003197
6 13 -17.995178 -0.040703
6 14 -79.207745 -Inf
6 15 -75.322522 -Inf
6 16 -45.700658 -681.686868
6 17 -62.906125 -Inf
6 18 -48.681219 -Inf
6 19 -25.212006 -664.835472
6 20 -86.053681 -Inf
6 1  2 -51.608294 -Inf
6 1  3 -59.213394 -Inf
6 1  4 -56.953638 -Inf
6 1  5 -61.261312 -Inf
6 1  7 -63.015478 -Inf
6 1  8 -64.567978 -Inf
6 1  9 -56.938056 -Inf
6 1  10 -35.664359 -Inf
6 1  11 -58.684182 -Inf
6 1  12 -17.465052 -Inf
6 1  13 -16.956465 -Inf
6 1  14 -56.000974 -Inf
6 1  15 -66.117055 -Inf
6 1  16 -37.424719 -Inf
6 1  17 -44.740362 -Inf
6 1  18 -43.615696 -Inf
6 1  19 -22.497769 -Inf
6 1  20 -62.000862 -Inf
6 2  3 -47.529886 -Inf
6 2  4 -50.500457 -Inf
6 2  5 -53.414190 -Inf
6 2  7 -47.396602 -Inf
6 2  8 -53.415187 -Inf
6 2  9 -51.727884 -Inf
6 2  10 -29.279188 -1376.279996
6 2  11 -52.499884 -Inf
6 2  12 -13.067228 -676.162207
6 2  13 -15.776365 -676.199713
6 2  14 -44.017196 -Inf
6 2  15 -52.046698 -Inf
6 2  16 -27.141803 -1357.845878
6 2  17 -32.702086 -Inf
6 2  18 -32.615401 -Inf
6 2  19 -21.192193 -1340.994482
6 2  20 -49.338955 -Inf
6 3  4 -61.732686 -Inf
6 3  5 -58.504240 -Inf
6 3  7 -57.963696 -Inf
6 3  8 -57.963203 -Inf
6 3  9 -55.547478 -Inf
6 3  10 -31.857941 -Inf
6 3  11 -64.902492 -Inf
6 3  12 -15.764581 -Inf
6 3  13 -15.536914 -Inf
6 3  14 -64.825485 -Inf
6 3  15 -58.031715 -Inf
6 3  16 -36.681609 -Inf
6 3  17 -50.347935 -Inf
6 3  18 -39.226086 -Inf
6 3  19 -21.236045 -Inf
6 3  20 -74.565176 -Inf
6 4  5 -52.908538 -Inf
6 4  7 -53.579253 -Inf
6 4  8 -63.600503 -Inf
6 4  9 -47.242472 -Inf
6 4  10 -33.489068 -Inf
6 4  11 -52.130292 -Inf
6 4  12 -15.120822 -Inf
6 4  13 -15.903032 -Inf
6 4  14 -60.814310 -Inf
6 4  15 -63.990096 -Inf
6 4  16 -34.405991 -Inf
6 4  17 -40.675931 -Inf
6 4  18 -43.905478 -Inf
6 4  19 -22.786686 -Inf
6 4  20 -66.451704 -Inf
6 5  7 -55.883696 -Inf
6 5  8 -59.851671 -Inf
6 5  9 -57.927047 -Inf
6 5  10 -30.211113 -Inf
6 5  11 -57.797498 -Inf
6 5  12 -7.662197 -Inf
6 5  13 -15.740325 -Inf
6 5  14 -47.812550 -Inf
6 5  15 -61.372404 -Inf
6 5  16 -32.683112 -Inf
6 5  17 -45.160734 -Inf
6 5  18 -27.406553 -Inf
6 5  19 -23.263608 -Inf
6 5  20 -57.440303 -Inf
6 7  8 -57.923282 -Inf
6 7  9 -53.342498 -Inf
6 7  10 -32.356069 -Inf
6 7  11 -62.339778 -Inf
6 7  12 -15.564902 -Inf
6 7  13 -15.815893 -Inf
6 7  14 -49.046876 -Inf
6 7  15 -62.277050 -Inf
6 7  16 -33.594708 -Inf
6 7  17 -42.658147 -Inf
6 7  18 -39.654911 -Inf
6 7  19 -23.103028 -Inf
6 7  20 -56.058048 -Inf
6 8  9 -56.642533 -Inf
6 8  10 -32.037700 -Inf
6 8  11 -57.739146 -Inf
6 8  12 -15.943529 -Inf
6 8  13 -16.622272 -Inf
6 8  14 -52.479869 -Inf
6 8  15 -72.374620 -Inf
6 8  16 -34.329131 -Inf
6 8  17 -47.423187 -Inf
6 8  18 -40.492759 -Inf
6 8  19 -22.461387 -Inf
6 8  20 -61.545303 -Inf
6 9  10 -30.081015 -Inf
6 9  11 -59.451763 -Inf
6 9  12 -15.955533 -Inf
6 9  13 -14.060416 -Inf
6 9  14 -48.449004 -Inf
6 9  15 -55.567650 -Inf
6 9  16 -29.817654 -Inf
6 9  17 -46.607802 -Inf
6 9  18 -34.167402 -Inf
6 9  19 -19.945449 -Inf
6 9  20 -59.172343 -Inf
6 10  11 -34.099045 -Inf
6 10  12 -12.827171 -700.124183
6 10  13 -14.075877 -700.161688
6 10  14 -29.609619 -Inf
6 10  15 -33.363321 -Inf
6 10  16 -37.431637 -1381.807854
6 10  17 -24.762147 -Inf
6 10  18 -30.213452 -Inf
6 10  19 -19.518263 -1364.956458
6 10  20 -35.139752 -Inf
6 11  12 -9.227870 -Inf
6 11  13 -16.965156 -Inf
6 11  14 -59.173445 -Inf
6 11  15 -59.635116 -Inf
6 11  16 -38.315641 -Inf
6 11  17 -45.421612 -Inf
6 11  18 -29.972752 -Inf
6 11  19 -23.555269 -Inf
6 11  20 -68.681990 -Inf
6 12  13 -10.124761 -0.043900
6 12  14 -14.196994 -Inf
6 12  15 -16.537067 -Inf
6 12  16 -11.671669 -681.690065
6 12  17 -9.327930 -Inf
6 12  18 -17.755709 -Inf
6 12  19 -11.798717 -664.838670
6 12  20 -15.660944 -Inf
6 13  14 -14.449448 -Inf
6 13  15 -16.638796 -Inf
6 13  16 -13.818123 -681.727571
6 13  17 -10.581002 -Inf
6 13  18 -13.186070 -Inf
6 13  19 -17.008414 -664.876175
6 13  20 -14.064326 -Inf
6 14  15 -54.838033 -Inf
6 14  16 -36.512104 -Inf
6 14  17 -44.096050 -Inf
6 14  18 -40.454070 -Inf
6 14  19 -21.257139 -Inf
6 14  20 -68.212757 -Inf
6 15  16 -35.974845 -Inf
6 15  17 -48.155459 -Inf
6 15  18 -42.235695 -Inf
6 15  19 -21.580377 -Inf
6 15  20 -63.726818 -Inf
6 16  17 -28.215566 -Inf
6 16  18 -26.114858 -Inf
6 16  19 -19.544570 -1346.522341
6 16  20 -38.823854 -Inf
6 17  18 -13.807229 -Inf
6 17  19 -14.159119 -Inf
6 17  20 -51.750485 -Inf
6 18  19 -21.902348 -Inf
6 18  20 -43.112818 -Inf
6 19  20 -21.511660 -Inf
7  -95.000000 0.000000
7 1 -64.936051 -Inf
7 2 -48.001754 -0.010332
7 3 -93.827147 -Inf
7 4 -79.814575 -Inf
7 5 -68.243248 -730.046983
7 6 -66.276907 -Inf
7 8 -72.306438 -Inf
7 9 -70.605049 -478.525397
7 10 -77.810100 -Inf
7 11 -72.831014 -Inf
7 12 -58.340254 -655.314868
7 13 -70.067626 -Inf
7 14 -78.780986 -735.673522
7 15 -72.751188 -Inf
7 16 -84.602553 -Inf
7 17 -78.307875 -Inf
7 18 -71.823811 -689.912229
7 19 -73.125137 -Inf
7 20 -84.495504 -Inf
7 1  2 -44.455944 -Inf
7 1  3 -56.782517 -Inf
7 1  4 -57.868054 -Inf
7 1  5 -53.519432 -Inf
7 1  6 -51.165591 -Inf
7 1  8 -57.162337 -Inf
7 1  9 -48.795434 -Inf
7 1  10 -53.396756 -Inf
7 1  11 -51.417868 -Inf
7 1  12 -47.415051 -Inf
7 1  13 -50.995396 -Inf
7 1  14 -49.105304 -Inf
7 1  15 -57.079744 -Inf
7 1  16 -56.217557 -Inf
7 1  17 -51.978722 -Inf
7 1  18 -54.163623 -Inf
7 1  19 -53.964340 -Inf
7 1  20 -57.873509 -Inf
7 2  3 -41.174604 -Inf
7 2  4 -44.192728 -Inf
7 2  5 -46.869704 -730.057315
7 2  6 -36.695060 -Inf
7 2  8 -45.406858 -Inf
7 2  9 -42.072332 -478.535729
7 2  10 -39.004524 -Inf
7 2  11 -46.308288 -Inf
7 2  12 -38.367358 -655.325200
7 2  13 -41.377187 -Inf
7 2  14 -33.427431 -735.683854
7 2  15 -45.684101 -Inf
7 2  16 -40.190954 -Inf
7 2  17 -39.283472 -Inf
7 2  18 -40.837492 -689.922561
7 2  19 -42.605838 -Inf
7 2  20 -36.403743 -Inf
7 3  4 -66.308222 -Inf
7 3  5 -61.111579 -Inf
7 3  6 -59.318141 -Inf
7 3  8 -62.797768 -Inf
7 3  9 -50.481991 -Inf
7 3  10 -63.752244 -Inf
7 3  11 -65.234155 -Inf
7 3  12 -52.119579 -Inf
7 3  13 -62.753341 -Inf
7 3  14 -66.718222 -Inf
7 3  15 -64.584259 -Inf
7 3  16 -72.443496 -Inf
7 3  17 -74.366831 -Inf
7 3  18 -59.462508 -Inf
7 3  19 -64.156721 -Inf
7 3  20 -78.521440 -Inf
7 4  5 -60.292800 -Inf
7 4  6 -54.726152 -Inf
7 4  8 -67.827242 -Inf
7 4  9 -54.678564 -Inf
7 4  10 -60.454158 -Inf
7 4  11 -56.160569 -Inf
7 4  12 -52.046161 -Inf
7 4  13 -59.157704 -Inf
7 4  14 -62.335131 -Inf
7 4  15 -67.556147 -Inf
7 4  16 -65.872220 -Inf
7 4  17 -60.153979 -Inf
7 4  18 -64.728383 -Inf
7 4  19 -64.705618 -Inf
7 4  20 -69.792154 -Inf
7 5  6 -50.886562 -Inf
7 5  8 -58.913685 -Inf
7 5  9 -57.172812 -1208.572380
7 5  10 -57.010149 -Inf
7 5  11 -62.636286 -Inf
7 5  12 -52.664965 -1385.361851
7 5  13 -56.065354 -Inf
7 5  14 -47.500096 -1465.720505
7 5  15 -59.491765 -Inf
7 5  16 -60.301696 -Inf
7 5  17 -58.562012 -Inf
7 5  18 -53.517874 -1419.959212
7 5  19 -58.147157 -Inf
7 5  20 -54.769919 -Inf
7 6  8 -51.855963 -Inf
7 6  9 -46.923255 -Inf
7 6  10 -59.917894 -Inf
7 6  11 -52.625645 -Inf
7 6  12 -52.639500 -Inf
7 6  13 -60.083916 -Inf
7 6  14 -39.095542 -Inf
7 6  15 -55.439965 -Inf
7 6  16 -58.045779 -Inf
7 6  17 -55.813050 -Inf
7 6  18 -56.466877 -Inf
7 6  19 -60.920391 -Inf
7 6  20 -47.336316 -Inf
7 8  9 -56.373096 -Inf
7 8  10 -50.255651 -Inf
7 8  11 -56.536111 -Inf
7 8  12 -50.493565 -Inf
7 8  13 -58.205940 -Inf
7 8  14 -52.579156 -Inf
7 8  15 -67.187688 -Inf
7 8  16 -56.792426 -Inf
7 8  17 -59.684902 -Inf
7 8  18 -56.744129 -Inf
7 8  19 -60.462339 -Inf
7 8  20 -60.500108 -Inf
7 9  10 -56.527896 -Inf
7 9  11 -55.260441 -Inf
7 9  12 -46.630008 -1133.840265
7 9  13 -55.704385 -Inf
7 9  14 -48.077192 -1214.198919
7 9  15 -56.641985 -Inf
7 9  16 -59.069636 -Inf
7 9  17 -51.460680 -Inf
7 9  18 -50.178997 -1168.437626
7 9  19 -57.319589 -Inf
7 9  20 -55.767576 -Inf
7 10  11 -55.229807 -Inf
7 10  12 -46.734035 -Inf
7 10  13 -61.326227 -Inf
7 10  14 -54.342431 -Inf
7 10  15 -57.667374 -Inf
7 10  16 -72.130155 -Inf
7 10  17 -58.742955 -Inf
7 10  18 -64.558583 -Inf
7 10  19 -63.142265 -Inf
7 10  20 -62.972889 -Inf
7 11  12 -50.915345 -Inf
7 11  13 -55.294804 -Inf
7 11  14 -53.688679 -Inf
7 11  15 -58.977194 -Inf
7 11  16 -62.274007 -Inf
7 11  17 -59.695791 -Inf
7 11  18 -53.396237 -Inf
7 11  19 -59.334875 -Inf
7 11  20 -60.007226 -Inf
7 12  13 -54.833119 -Inf
7 12  14 -37.012855 -1390.988390
7 12  15 -51.914330 -Inf
7 12  16 -47.880993 -Inf
7 12  17 -52.537321 -Inf
7 12  18 -54.360500 -1345.227097
7 12  19 -56.233512 -Inf
7 12  20 -44.722955 -Inf
7 13  14 -48.519216 -Inf
7 13  15 -58.342044 -Inf
7 13  16 -57.517557 -Inf
7 13  17 -57.833805 -Inf
7 13  18 -59.241537 -Inf
7 13  19 -67.686695 -Inf
7 13  20 -52.701983 -Inf
7 14  15 -53.635101 -Inf
7 14  16 -62.306339 -Inf
7 14  17 -61.175368 -Inf
7 14  18 -44.307904 -1425.585751
7 14  19 -48.668663 -Inf
7 14  20 -74.962241 -Inf
7 15  16 -63.710891 -Inf
7 15  17 -63.092326 -Inf
7 15  18 -57.493662 -Inf
7 15  19 -58.872823 -Inf
7 15  20 -61.879818 -Inf
7 16  17 -64.246497 -Inf
7 16  18 -64.431822 -Inf
7 16  19 -61.103222 -Inf
7 16  20 -70.955875 -Inf
7 17  18 -53.581807 -Inf
7 17  19 -61.009125 -Inf
7 17  20 -64.769114 -Inf
7 18  19 -60.535147 -Inf
7 18  20 -59.499872 -Inf
7 19  20 -53.399351 -Inf
8  -95.000000 0.000000
8 1 -57.472061 -Inf
8 2 -35.973337 -318.769680
8 3 -87.340839 -559.307900
8 4 -53.751579 -Inf
8 5 -55.051951 -649.965317
8 6 -76.220380 -Inf
8 7 -72.342785 -Inf
8 9 -77.032821 -Inf
8 10 -75.743632 -Inf
8 11 -86.597169 -Inf
8 12 -71.009176 -Inf
8 13 -73.824626 -Inf
8 14 -82.762454 -Inf
8 15 -9.059877 -0.000620
8 16 -78.702429 -Inf
8 17 -86.571891 -Inf
8 18 -78.352023 -Inf
8 19 -69.780899 -Inf
8 20 -85.030681 -Inf
8 1  2 -33.635781 -Inf
8 1  3 -42.561718 -Inf
8 1  4 -45.189278 -Inf
8 1  5 -37.798932 -Inf
8 1  6 -52.069017 -Inf
8 1  7 -43.870775 -Inf
8 1  9 -48.723721 -Inf
8 1  10 -48.243025 -Inf
8 1  11 -47.815177 -Inf
8 1  12 -48.525723 -Inf
8 1  13 -48.082262 -Inf
8 1  14 -51.280084 -Inf
8 1  15 -8.681199 -Inf
8 1  16 -52.979766 -Inf
8 1  17 -48.923020 -Inf
8 1  18 -48.473706 -Inf
8 1  19 -47.831821 -Inf
8 1  20 -49.262916 -Inf
8 2  3 -30.819601 -878.077580
8 2  4 -31.480942 -Inf
8 2  5 -29.038537 -968.734997
8 2  6 -33.211940 -Inf
8 2  7 -30.392174 -Inf
8 2  9 -33.241931 -Inf
8 2  10 -29.678446 -Inf
8 2  11 -32.452172 -Inf
8 2  12 -33.060258 -Inf
8 2  13 -32.073034 -Inf
8 2  14 -30.316719 -Inf
8 2  15 -7.879510 -318.770301
8 2  16 -32.662308 -Inf
8 2  17 -32.931102 -Inf
8 2  18 -32.282504 -Inf
8 2  19 -33.079022 -Inf
8 2  20 -32.509046 -Inf
8 3  4 -41.687562 -Inf
8 3  5 -40.427252 -1209.273217
8 3  6 -48.241384 -Inf
8 3  7 -46.787102 -Inf
8 3  9 -37.418919 -Inf
8 3  10 -49.854704 -Inf
8 3  11 -61.426529 -Inf
8 3  12 -44.046597 -Inf
8 3  13 -48.607276 -Inf
8 3  14 -65.848025 -Inf
8 3  15 -7.539166 -559.308520
8 3  16 -60.988817 -Inf
8 3  17 -69.842900 -Inf
8 3  18 -48.740782 -Inf
8 3  19 -51.539839 -Inf
8 3  20 -72.507640 -Inf
8 4  5 -34.198133 -Inf
8 4  6 -46.933524 -Inf
8 4  7 -42.265721 -Inf
8 4  9 -39.476643 -Inf
8 4  10 -47.105910 -Inf
8 4  11 -41.034176 -Inf
8 4  12 -41.976214 -Inf
8 4  13 -43.225168 -Inf
8 4  14 -44.137713 -Inf
8 4  15 -7.959639 -Inf
8 4  16 -46.329502 -Inf
8 4  17 -44.238012 -Inf
8 4  18 -47.089940 -Inf
8 4  19 -45.815613 -Inf
8 4  20 -44.179884 -Inf
8 5  6 -46.202454 -Inf
8 5  7 -48.217944 -Inf
8 5  9 -48.120391 -Inf
8 5  10 -42.138560 -Inf
8 5  11 -38.124302 -Inf
8 5  12 -49.747330 -Inf
8 5  13 -44.699856 -Inf
8 5  14 -46.374630 -Inf
8 5  15 -8.184171 -649.965937
8 5  16 -41.125281 -Inf
8 5  17 -40.930787 -Inf
8 5  18 -49.651848 -Inf
8 5  19 -46.544453 -Inf
8 5  20 -49.161035 -Inf
8 6  7 -60.966623 -Inf
8 6  9 -64.079871 -Inf
8 6  10 -58.051417 -Inf
8 6  11 -55.754967 -Inf
8 6  12 -63.813432 -Inf
8 6  13 -67.494450 -Inf
8 6  14 -52.423525 -Inf
8 6  15 -7.942980 -Inf
8 6  16 -57.898195 -Inf
8 6  17 -64.596546 -Inf
8 6  18 -63.749878 -Inf
8 6  19 -61.481698 -Inf
8 6  20 -54.559553 -Inf
8 7  9 -59.493925 -Inf
8 7  10 -55.848279 -Inf
8 7  11 -63.353620 -Inf
8 7  12 -59.087079 -Inf
8 7  13 -60.697134 -Inf
8 7  14 -50.352416 -Inf
8 7  15 -8.039327 -Inf
8 7  16 -51.908984 -Inf
8 7  17 -58.373663 -Inf
8 7  18 -57.109481 -Inf
8 7  19 -55.688702 -Inf
8 7  20 -58.469421 -Inf
8 9  10 -53.563516 -Inf
8 9  11 -66.429700 -Inf
8 9  12 -61.007978 -Inf
8 9  13 -62.623306 -Inf
8 9  14 -62.633158 -Inf
8 9  15 -7.845621 -Inf
8 9  16 -59.859330 -Inf
8 9  17 -61.144479 -Inf
8 9  18 -64.191252 -Inf
8 9  19 -56.877304 -Inf
8 9  20 -61.205426 -Inf
8 10  11 -55.727307 -Inf
8 10  12 -55.406786 -Inf
8 10  13 -56.985490 -Inf
8 10  14 -56.478898 -Inf
8 10  15 -7.676275 -Inf
8 10  16 -70.053004 -Inf
8 10  17 -51.923853 -Inf
8 10  18 -68.146665 -Inf
8 10  19 -57.411133 -Inf
8 10  20 -58.634183 -Inf
8 11  12 -53.317629 -Inf
8 11  13 -51.047525 -Inf
8 11  14 -68.225691 -Inf
8 11  15 -8.066432 -Inf
8 11  16 -60.298898 -Inf
8 11  17 -72.647693 -Inf
8 11  18 -50.707506 -Inf
8 11  19 -53.235743 -Inf
8 11  20 -75.984150 -Inf
8 12  13 -58.709605 -Inf
8 12  14 -48.702647 -Inf
8 12  15 -8.489100 -Inf
8 12  16 -58.061834 -Inf
8 12  17 -58.249977 -Inf
8 12  18 -65.472690 -Inf
8 12  19 -57.717726 -Inf
8 12  20 -52.482583 -Inf
8 13  14 -49.561149 -Inf
8 13  15 -8.588516 -Inf
8 13  16 -58.612036 -Inf
8 13  17 -61.097865 -Inf
8 13  18 -59.206945 -Inf
8 13  19 -60.929129 -Inf
8 13  20 -53.772575 -Inf
8 14  15 -8.601498 -Inf
8 14  16 -65.364382 -Inf
8 14  17 -59.429942 -Inf
8 14  18 -55.077383 -Inf
8 14  19 -50.293059 -Inf
8 14  20 -73.669676 -Inf
8 15  16 -7.968248 -Inf
8 15  17 -8.240220 -Inf
8 15  18 -8.395409 -Inf
8 15  19 -8.374340 -Inf
8 15  20 -8.309334 -Inf
8 16  17 -57.567997 -Inf
8 16  18 -68.614837 -Inf
8 16  19 -63.247187 -Inf
8 16  20 -64.427344 -Inf
8 17  18 -62.445498 -Inf
8 17  19 -59.128523 -Inf
8 17  20 -68.011426 -Inf
8 18  19 -60.186654 -Inf
8 18  20 -51.391521 -Inf
8 19  20 -55.099157 -Inf
9  -95.000000 0.000000
9 1 -82.740110 -Inf
9 2 -47.815740 -48.233984
9 3 -60.668082 -0.000851
9 4 -88.770327 -Inf
9 5 -67.769879 -Inf
9 6 -76.855933 -Inf
9 7 -68.933391 -478.525397
9 8 -72.664446 -Inf
9 10 -87.434003 -Inf
9 11 -71.384294 -619.355218
9 12 -65.235180 -723.350652
9 13 -80.064211 -714.734711
9 14 -88.892412 -Inf
9 15 -74.887521 -Inf
9 16 -88.850759 -Inf
9 17 -83.898147 -660.543670
9 18 -80.515610 -690.953813
9 19 -83.775150 -693.873794
9 20 -89.706085 -Inf
9 1  2 -43.353455 -Inf
9 1  3 -27.827365 -Inf
9 1  4 -73.578382 -Inf
9 1  5 -63.498362 -Inf
9 1  6 -67.475530 -Inf
9 1  7 -64.451352 -Inf
9 1  8 -65.653730 -Inf
9 1  10 -75.118134 -Inf
9 1  11 -63.314072 -Inf
9 1  12 -58.554279 -Inf
9 1  13 -70.673478 -Inf
9 1  14 -72.672652 -Inf
9 1  15 -67.667759 -Inf
9 1  16 -73.782277 -Inf
9 1  17 -67.864938 -Inf
9 1  18 -67.279716 -Inf
9 1  19 -74.525061 -Inf
9 1  20 -75.843168 -Inf
9 2  3 -16.693370 -48.234835
9 2  4 -40.361080 -Inf
9 2  5 -43.549822 -Inf
9 2  6 -39.585771 -Inf
9 2  7 -42.782448 -526.759381
9 2  8 -44.341202 -Inf
9 2  10 -41.985202 -Inf
9 2  11 -41.984450 -667.589202
9 2  12 -40.386781 -771.584636
9 2  13 -40.546023 -762.968696
9 2  14 -43.844057 -Inf
9 2  15 -43.286332 -Inf
9 2  16 -42.816958 -Inf
9 2  17 -41.197244 -708.777654
9 2  18 -39.769267 -739.187798
9 2  19 -42.320569 -742.107778
9 2  20 -42.202740 -Inf
9 3  4 -34.213689 -Inf
9 3  5 -30.728299 -Inf
9 3  6 -34.264471 -Inf
9 3  7 -27.550605 -478.526248
9 3  8 -29.008187 -Inf
9 3  10 -39.922114 -Inf
9 3  11 -40.726845 -619.356069
9 3  12 -31.822087 -723.351502
9 3  13 -33.150090 -714.735562
9 3  14 -47.718994 -Inf
9 3  15 -30.279571 -Inf
9 3  16 -47.570904 -Inf
9 3  17 -51.953705 -660.544520
9 3  18 -33.032610 -690.954664
9 3  19 -36.923980 -693.874645
9 3  20 -45.031471 -Inf
9 4  5 -57.107912 -Inf
9 4  6 -71.270749 -Inf
9 4  7 -60.357884 -Inf
9 4  8 -66.398383 -Inf
9 4  10 -74.911757 -Inf
9 4  11 -55.511695 -Inf
9 4  12 -60.748443 -Inf
9 4  13 -67.672560 -Inf
9 4  14 -80.997180 -Inf
9 4  15 -69.332565 -Inf
9 4  16 -79.069824 -Inf
9 4  17 -68.752228 -Inf
9 4  18 -73.548099 -Inf
9 4  19 -75.985763 -Inf
9 4  20 -79.159823 -Inf
9 5  6 -49.828129 -Inf
9 5  7 -54.505845 -Inf
9 5  8 -55.347071 -Inf
9 5  10 -55.680923 -Inf
9 5  11 -62.635878 -Inf
9 5  12 -55.580544 -Inf
9 5  13 -56.468650 -Inf
9 5  14 -59.749580 -Inf
9 5  15 -59.283032 -Inf
9 5  16 -61.379716 -Inf
9 5  17 -55.405658 -Inf
9 5  18 -54.927575 -Inf
9 5  19 -60.705976 -Inf
9 5  20 -57.203542 -Inf
9 6  7 -54.515041 -Inf
9 6  8 -57.623750 -Inf
9 6  10 -64.055468 -Inf
9 6  11 -55.165140 -Inf
9 6  12 -60.311902 -Inf
9 6  13 -71.658193 -Inf
9 6  14 -64.776121 -Inf
9 6  15 -58.851932 -Inf
9 6  16 -63.421269 -Inf
9 6  17 -62.861383 -Inf
9 6  18 -61.002553 -Inf
9 6  19 -70.394280 -Inf
9 6  20 -67.144334 -Inf
9 7  8 -51.079827 -Inf
9 7  10 -61.673117 -Inf
9 7  11 -52.431703 -1097.880615
9 7  12 -53.675592 -1201.876049
9 7  13 -57.637903 -1193.260108
9 7  14 -59.232788 -Inf
9 7  15 -50.142607 -Inf
9 7  16 -61.064605 -Inf
9 7  17 -51.903434 -1139.069067
9 7  18 -54.521784 -1169.479210
9 7  19 -62.727449 -1172.399191
9 7  20 -57.039215 -Inf
9 8  10 -59.326371 -Inf
9 8  11 -55.374496 -Inf
9 8  12 -56.415748 -Inf
9 8  13 -59.841746 -Inf
9 8  14 -65.085878 -Inf
9 8  15 -68.315236 -Inf
9 8  16 -63.298623 -Inf
9 8  17 -60.530568 -Inf
9 8  18 -63.020097 -Inf
9 8  19 -63.065956 -Inf
9 8  20 -62.752662 -Inf
9 10  11 -60.846373 -Inf
9 10  12 -56.408712 -Inf
9 10  13 -65.544370 -Inf
9 10  14 -75.852310 -Inf
9 10  15 -60.976403 -Inf
9 10  16 -80.181912 -Inf
9 10  17 -67.969565 -Inf
9 10  18 -69.833639 -Inf
9 10  19 -73.030681 -Inf
9 10  20 -76.774782 -Inf
9 11  12 -54.515845 -1342.705870
9 11  13 -56.148647 -1334.089930
9 11  14 -63.700822 -Inf
9 11  15 -59.240408 -Inf
9 11  16 -64.734934 -Inf
9 11  17 -54.608740 -1279.898888
9 11  18 -57.361029 -1310.309032
9 11  19 -63.538304 -1313.229012
9 11  20 -64.154457 -Inf
9 12  13 -57.233417 -1438.085363
9 12  14 -58.702494 -Inf
9 12  15 -54.031943 -Inf
9 12  16 -58.539388 -Inf
9 12  17 -53.262710 -1383.894321
9 12  18 -62.211228 -1414.304465
9 12  19 -57.228583 -1417.224446
9 12  20 -59.881924 -Inf
9 13  14 -68.422503 -Inf
9 13  15 -63.464393 -Inf
9 13  16 -55.771661 -Inf
9 13  17 -66.435435 -1375.278381
9 13  18 -60.446564 -1405.688525
9 13  19 -77.179333 -1408.608505
9 13  20 -69.096871 -Inf
9 14  15 -67.133237 -Inf
9 14  16 -80.141938 -Inf
9 14  17 -71.426513 -Inf
9 14  18 -64.982799 -Inf
9 14  19 -71.202982 -Inf
9 14  20 -81.205473 -Inf
9 15  16 -64.914509 -Inf
9 15  17 -64.342973 -Inf
9 15  18 -60.726960 -Inf
9 15  19 -63.124904 -Inf
9 15  20 -67.036045 -Inf
9 16  17 -69.569230 -Inf
9 16  18 -70.470504 -Inf
9 16  19 -67.462025 -Inf
9 16  20 -78.047446 -Inf
9 17  18 -58.836047 -1351.497483
9 17  19 -71.486355 -1354.417464
9 17  20 -73.803623 -Inf
9 18  19 -63.849164 -1384.827607
9 18  20 -72.259944 -Inf
9 19  20 -74.135156 -Inf
10  -95.000000 0.000000
10 1 -78.354068 -Inf
10 2 -72.378039 -Inf
10 3 -68.933674 -377.773239
10 4 -80.124493 -558.881138
10 5 -82.115858 -Inf
10 6 -39.716499 -700.120986
10 7 -78.903210 -Inf
10 8 -82.838589 -Inf
10 9 -84.366972 -Inf
10 11 -88.165233 -Inf
10 12 -43.029030 -643.331129
10 13 -43.401855 -Inf
10 14 -80.426034 -Inf
10 15 -80.093904 -695.183302
10 16 -13.361375 -0.000614
10 17 -80.583762 -662.943675
10 18 -48.795992 -602.412426
10 19 -45.494676 -Inf
10 20 -89.352925 -Inf
10 1  2 -66.527056 -Inf
10 1  3 -52.836991 -Inf
10 1  4 -63.602879 -Inf
10 1  5 -69.536760 -Inf
10 1  6 -35.941881 -Inf
10 1  7 -67.682289 -Inf
10 1  8 -73.316403 -Inf
10 1  9 -69.851622 -Inf
10 1  11 -64.117347 -Inf
10 1  12 -39.028241 -Inf
10 1  13 -40.098946 -Inf
10 1  14 -59.110309 -Inf
10 1  15 -73.824338 -Inf
10 1  16 -11.558882 -Inf
10 1  17 -67.202044 -Inf
10 1  18 -44.733194 -Inf
10 1  19 -38.185772 -Inf
10 1  20 -65.538793 -Inf
10 2  3 -53.402105 -Inf
10 2  4 -64.339297 -Inf
10 2  5 -68.518887 -Inf
10 2  6 -32.349306 -Inf
10 2  7 -59.946627 -Inf
10 2  8 -67.798762 -Inf
10 2  9 -63.063873 -Inf
10 2  11 -65.942536 -Inf
10 2  12 -36.443215 -Inf
10 2  13 -38.865781 -Inf
10 2  14 -55.553448 -Inf
10 2  15 -64.939450 -Inf
10 2  16 -9.652093 -Inf
10 2  17 -56.018057 -Inf
10 2  18 -44.131550 -Inf
10 2  19 -39.216404 -Inf
10 2  20 -59.596634 -Inf
10 3  4 -55.542402 -936.654377
10 3  5 -57.534007 -Inf
10 3  6 -23.575634 -1077.894225
10 3  7 -47.109645 -Inf
10 3  8 -51.948758 -Inf
10 3  9 -55.502487 -Inf
10 3  11 -57.902666 -Inf
10 3  12 -28.194793 -1021.104369
10 3  13 -26.707254 -Inf
10 3  14 -55.585098 -Inf
10 3  15 -51.457116 -1072.956542
10 3  16 -11.165453 -377.773854
10 3  17 -57.365310 -1040.716914
10 3  18 -31.458506 -980.185666
10 3  19 -29.802270 -Inf
10 3  20 -61.241990 -Inf
10 4  5 -66.563108 -Inf
10 4  6 -33.885111 -1259.002124
10 4  7 -55.800498 -Inf
10 4  8 -64.135237 -Inf
10 4  9 -65.910907 -Inf
10 4  11 -66.812573 -Inf
10 4  12 -36.983618 -1202.212267
10 4  13 -35.879296 -Inf
10 4  14 -62.236211 -Inf
10 4  15 -64.641177 -1254.064440
10 4  16 -10.301057 -558.881752
10 4  17 -67.401050 -1221.824813
10 4  18 -45.933686 -1161.293564
10 4  19 -39.223874 -Inf
10 4  20 -72.252332 -Inf
10 5  6 -34.021030 -Inf
10 5  7 -62.036297 -Inf
10 5  8 -69.883727 -Inf
10 5  9 -70.573220 -Inf
10 5  11 -66.664896 -Inf
10 5  12 -35.798236 -Inf
10 5  13 -39.168840 -Inf
10 5  14 -56.272661 -Inf
10 5  15 -70.669199 -Inf
10 5  16 -11.826390 -Inf
10 5  17 -61.632417 -Inf
10 5  18 -42.638863 -Inf
10 5  19 -40.273395 -Inf
10 5  20 -66.011235 -Inf
10 6  7 -34.937368 -Inf
10 6  8 -30.669265 -Inf
10 6  9 -35.990906 -Inf
10 6  11 -32.814194 -Inf
10 6  12 -33.903705 -1343.452115
10 6  13 -35.653391 -Inf
10 6  14 -35.795956 -Inf
10 6  15 -30.952470 -1395.304288
10 6  16 -9.065844 -700.121600
10 6  17 -34.226625 -1363.064661
10 6  18 -33.929978 -1302.533412
10 6  19 -35.431187 -Inf
10 6  20 -34.933111 -Inf
10 7  8 -65.806207 -Inf
10 7  9 -69.353634 -Inf
10 7  11 -68.728600 -Inf
10 7  12 -36.796966 -Inf
10 7  13 -36.845271 -Inf
10 7  14 -54.817919 -Inf
10 7  15 -63.053390 -Inf
10 7  16 -8.764785 -Inf
10 7  17 -63.486266 -Inf
10 7  18 -40.561051 -Inf
10 7  19 -36.954936 -Inf
10 7  20 -65.491854 -Inf
10 8  9 -60.568224 -Inf
10 8  11 -64.314818 -Inf
10 8  12 -38.086867 -Inf
10 8  13 -36.147011 -Inf
10 8  14 -60.411440 -Inf
10 8  15 -70.345584 -Inf
10 8  16 -10.847537 -Inf
10 8  17 -70.409516 -Inf
10 8  18 -44.934103 -Inf
10 8  19 -37.299397 -Inf
10 8  20 -70.779725 -Inf
10 9  11 -70.473417 -Inf
10 9  12 -36.645781 -Inf
10 9  13 -38.533457 -Inf
10 9  14 -60.366281 -Inf
10 9  15 -59.156379 -Inf
10 9  16 -10.608426 -Inf
10 9  17 -71.010322 -Inf
10 9  18 -41.493347 -Inf
10 9  19 -42.088741 -Inf
10 9  20 -72.232405 -Inf
10 11  12 -32.897052 -Inf
10 11  13 -37.170563 -Inf
10 11  14 -65.896300 -Inf
10 11  15 -65.079557 -Inf
10 11  16 -12.398578 -Inf
10 11  17 -63.801811 -Inf
10 11  18 -40.187525 -Inf
10 11  19 -38.445452 -Inf
10 11  20 -71.701659 -Inf
10 12  13 -37.044229 -Inf
10 12  14 -34.640674 -Inf
10 12  15 -35.567466 -1338.514432
10 12  16 -8.217763 -643.331743
10 12  17 -32.794849 -1306.274804
10 12  18 -40.816653 -1245.743555
10 12  19 -37.490581 -Inf
10 12  20 -35.756801 -Inf
10 13  14 -37.530339 -Inf
10 13  15 -35.224148 -Inf
10 13  16 -9.695786 -Inf
10 13  17 -38.129179 -Inf
10 13  18 -38.110346 -Inf
10 13  19 -39.812973 -Inf
10 13  20 -37.198641 -Inf
10 14  15 -59.314203 -Inf
10 14  16 -12.271937 -Inf
10 14  17 -62.469873 -Inf
10 14  18 -40.402934 -Inf
10 14  19 -40.378721 -Inf
10 14  20 -68.992564 -Inf
10 15  16 -11.029665 -695.183917
10 15  17 -68.359582 -1358.126977
10 15  18 -42.340569 -1297.595729
10 15  19 -35.110487 -Inf
10 15  20 -70.655715 -Inf
10 16  17 -11.668805 -662.944289
10 16  18 -8.574243 -602.413040
10 16  19 -8.804193 -Inf
10 16  20 -11.578339 -Inf
10 17  18 -34.132118 -1265.356101
10 17  19 -38.484084 -Inf
10 17  20 -71.978260 -Inf
10 18  19 -38.440727 -Inf
10 18  20 -43.914673 -Inf
10 19  20 -40.034120 -Inf
11  -95.000000 0.000000
11 1 -86.541804 -Inf
11 2 -40.003042 -352.048830
11 3 -84.730633 -613.121860
11 4 -89.883958 -Inf
11 5 -17.299425 -0.000722
11 6 -87.717001 -Inf
11 7 -76.405053 -Inf
11 8 -72.143102 -Inf
11 9 -72.266174 -619.355218
11 10 -92.231088 -Inf
11 12 -57.738243 -Inf
11 13 -87.291696 -Inf
11 14 -88.396598 -Inf
11 15 -73.988423 -687.158974
11 16 -90.954885 -Inf
11 17 -36.184599 -380.265600
11 18 -90.577986 -Inf
11 19 -88.098049 -Inf
11 20 -91.240178 -Inf
11 1  2 -37.567489 -Inf
11 1  3 -63.973355 -Inf
11 1  4 -75.986836 -Inf
11 1  5 -9.594353 -Inf
11 1  6 -73.958933 -Inf
11 1  7 -69.499708 -Inf
11 1  8 -65.825584 -Inf
11 1  9 -56.539523 -Inf
11 1  10 -77.854524 -Inf
11 1  12 -48.584052 -Inf
11 1  13 -71.014636 -Inf
11 1  14 -69.867048 -Inf
11 1  15 -65.948480 -Inf
11 1  16 -74.451282 -Inf
11 1  17 -31.737555 -Inf
11 1  18 -70.020113 -Inf
11 1  19 -72.253487 -Inf
11 1  20 -80.047615 -Inf
11 2  3 -33.770498 -965.170690
11 2  4 -30.723108 -Inf
11 2  5 -7.645146 -352.049552
11 2  6 -35.841166 -Inf
11 2  7 -38.164987 -Inf
11 2  8 -36.327402 -Inf
11 2  9 -35.711693 -971.404048
11 2  10 -37.381957 -Inf
11 2  12 -34.090048 -Inf
11 2  13 -36.422571 -Inf
11 2  14 -35.739615 -Inf
11 2  15 -36.272255 -1039.207804
11 2  16 -33.728577 -Inf
11 2  17 -19.055396 -732.314431
11 2  18 -37.963447 -Inf
11 2  19 -35.773760 -Inf
11 2  20 -35.704595 -Inf
11 3  4 -61.449629 -Inf
11 3  5 -10.068495 -613.122582
11 3  6 -66.302138 -Inf
11 3  7 -62.743771 -Inf
11 3  8 -54.764890 -Inf
11 3  9 -58.197871 -1232.477078
11 3  10 -72.748367 -Inf
11 3  12 -45.597000 -Inf
11 3  13 -67.676136 -Inf
11 3  14 -68.966831 -Inf
11 3  15 -59.398569 -1300.280834
11 3  16 -73.234247 -Inf
11 3  17 -32.665139 -993.387460
11 3  18 -67.503216 -Inf
11 3  19 -62.759244 -Inf
11 3  20 -77.885393 -Inf
11 4  5 -4.272147 -Inf
11 4  6 -70.418853 -Inf
11 4  7 -62.837077 -Inf
11 4  8 -66.557775 -Inf
11 4  9 -58.144435 -Inf
11 4  10 -81.235903 -Inf
11 4  12 -47.462789 -Inf
11 4  13 -76.206960 -Inf
11 4  14 -78.116391 -Inf
11 4  15 -69.693116 -Inf
11 4  16 -79.497912 -Inf
11 4  17 -31.871298 -Inf
11 4  18 -74.426374 -Inf
11 4  19 -77.190456 -Inf
11 4  20 -82.793686 -Inf
11 5  6 -14.055035 -Inf
11 5  7 -15.240020 -Inf
11 5  8 -8.396517 -Inf
11 5  9 -15.705556 -619.355940
11 5  10 -13.153489 -Inf
11 5  12 -15.423407 -Inf
11 5  13 -13.194752 -Inf
11 5  14 -14.238152 -Inf
11 5  15 -8.193043 -687.159696
11 5  16 -11.740100 -Inf
11 5  17 -9.625684 -380.266322
11 5  18 -14.883192 -Inf
11 5  19 -13.671966 -Inf
11 5  20 -15.377605 -Inf
11 6  7 -71.758636 -Inf
11 6  8 -64.067347 -Inf
11 6  9 -64.558556 -Inf
11 6  10 -83.725338 -Inf
11 6  12 -34.593600 -Inf
11 6  13 -82.970295 -Inf
11 6  14 -75.593080 -Inf
11 6  15 -66.592643 -Inf
11 6  16 -79.602307 -Inf
11 6  17 -27.859174 -Inf
11 6  18 -52.368174 -Inf
11 6  19 -80.465410 -Inf
11 6  20 -80.937519 -Inf
11 7  8 -55.816220 -Inf
11 7  9 -61.421768 -Inf
11 7  10 -63.849715 -Inf
11 7  12 -50.724723 -Inf
11 7  13 -69.721223 -Inf
11 7  14 -65.607558 -Inf
11 7  15 -57.994600 -Inf
11 7  16 -61.928567 -Inf
11 7  17 -28.783845 -Inf
11 7  18 -66.718570 -Inf
11 7  19 -70.116576 -Inf
11 7  20 -69.639846 -Inf
11 8  9 -58.969818 -Inf
11 8  10 -57.766572 -Inf
11 8  12 -45.844217 -Inf
11 8  13 -65.976048 -Inf
11 8  14 -60.751360 -Inf
11 8  15 -64.836803 -Inf
11 8  16 -56.125265 -Inf
11 8  17 -30.638664 -Inf
11 8  18 -65.070494 -Inf
11 8  19 -65.437218 -Inf
11 8  20 -65.318420 -Inf
11 9  10 -61.542408 -Inf
11 9  12 -50.759974 -Inf
11 9  13 -63.298516 -Inf
11 9  14 -58.707604 -Inf
11 9  15 -59.584073 -1306.514192
11 9  16 -60.416683 -Inf
11 9  17 -26.935916 -999.620819
11 9  18 -61.056987 -Inf
11 9  19 -65.915631 -Inf
11 9  20 -66.865096 -Inf
11 10  12 -44.040338 -Inf
11 10  13 -80.366048 -Inf
11 10  14 -80.394349 -Inf
11 10  15 -62.279371 -Inf
11 10  16 -85.127944 -Inf
11 10  17 -30.697414 -Inf
11 10  18 -75.358279 -Inf
11 10  19 -78.944933 -Inf
11 10  20 -84.123513 -Inf
11 12  13 -47.975530 -Inf
11 12  14 -47.969855 -Inf
11 12  15 -45.643358 -Inf
11 12  16 -43.964098 -Inf
11 12  17 -17.783867 -Inf
11 12  18 -55.973091 -Inf
11 12  19 -49.340015 -Inf
11 12  20 -51.686123 -Inf
11 13  14 -70.115364 -Inf
11 13  15 -66.494363 -Inf
11 13  16 -75.431974 -Inf
11 13  17 -30.011691 -Inf
11 13  18 -54.966646 -Inf
11 13  19 -81.067165 -Inf
11 13  20 -77.734811 -Inf
11 14  15 -60.149335 -Inf
11 14  16 -76.499698 -Inf
11 14  17 -29.625267 -Inf
11 14  18 -62.979584 -Inf
11 14  19 -75.435918 -Inf
11 14  20 -83.829463 -Inf
11 15  16 -59.925370 -Inf
11 15  17 -31.592601 -1067.424575
11 15  18 -67.624358 -Inf
11 15  19 -65.894124 -Inf
11 15  20 -68.203013 -Inf
11 16  17 -29.138169 -Inf
11 16  18 -76.001899 -Inf
11 16  19 -76.595405 -Inf
11 16  20 -77.458583 -Inf
11 17  18 -27.580731 -Inf
11 17  19 -29.905563 -Inf
11 17  20 -32.299546 -Inf
11 18  19 -60.114224 -Inf
11 18  20 -83.375609 -Inf
11 19  20 -79.800405 -Inf
12  -95.000000 0.000000
12 1 -70.129075 -Inf
12 2 -45.943699 -396.589740
12 3 -86.680846 -Inf
12 4 -73.649837 -Inf
12 5 -49.589866 -Inf
12 6 -22.818736 -0.003197
12 7 -62.298182 -655.314868
12 8 -69.293490 -Inf
12 9 -66.183913 -723.350652
12 10 -55.609982 -643.331129
12 11 -62.303339 -Inf
12 13 -32.044828 -Inf
12 14 -83.587623 -Inf
12 15 -69.033802 -Inf
12 16 -62.341646 -Inf
12 17 -56.160671 -92.423220
12 18 -56.314688 -56.206156
12 19 -36.570589 -698.392487
12 20 -88.483669 -Inf
12 1  2 -40.744664 -Inf
12 1  3 -50.318812 -Inf
12 1  4 -58.607408 -Inf
12 1  5 -42.413008 -Inf
12 1  6 -20.571324 -Inf
12 1  7 -52.976085 -Inf
12 1  8 -60.342723 -Inf
12 1  9 -48.624603 -Inf
12 1  10 -47.784287 -Inf
12 1  11 -39.595896 -Inf
12 1  13 -27.704114 -Inf
12 1  14 -57.923015 -Inf
12 1  15 -60.169914 -Inf
12 1  16 -50.151852 -Inf
12 1  17 -34.350135 -Inf
12 1  18 -43.391806 -Inf
12 1  19 -31.748846 -Inf
12 1  20 -64.110769 -Inf
12 2  3 -35.648781 -Inf
12 2  4 -40.344892 -Inf
12 2  5 -39.439088 -Inf
12 2  6 -9.907677 -396.592938
12 2  7 -37.476644 -1051.904609
12 2  8 -41.668613 -Inf
12 2  9 -39.601250 -1119.940392
12 2  10 -26.678288 -1039.920870
12 2  11 -36.915770 -Inf
12 2  13 -17.004164 -Inf
12 2  14 -36.617082 -Inf
12 2  15 -41.061861 -Inf
12 2  16 -27.841225 -Inf
12 2  17 -22.525570 -489.012960
12 2  18 -23.370106 -452.795896
12 2  19 -19.852507 -1094.982227
12 2  20 -38.739472 -Inf
12 3  4 -56.919893 -Inf
12 3  5 -39.937338 -Inf
12 3  6 -16.882293 -Inf
12 3  7 -47.128406 -Inf
12 3  8 -51.514409 -Inf
12 3  9 -46.481054 -Inf
12 3  10 -37.153547 -Inf
12 3  11 -46.306698 -Inf
12 3  13 -24.503640 -Inf
12 3  14 -68.647424 -Inf
12 3  15 -51.111971 -Inf
12 3  16 -47.684580 -Inf
12 3  17 -44.813150 -Inf
12 3  18 -34.506421 -Inf
12 3  19 -28.002183 -Inf
12 3  20 -78.471518 -Inf
12 4  5 -38.513424 -Inf
12 4  6 -18.705695 -Inf
12 4  7 -50.000739 -Inf
12 4  8 -60.666297 -Inf
12 4  9 -45.471675 -Inf
12 4  10 -46.133906 -Inf
12 4  11 -38.077167 -Inf
12 4  13 -29.912901 -Inf
12 4  14 -64.595570 -Inf
12 4  15 -58.896574 -Inf
12 4  16 -48.538461 -Inf
12 4  17 -32.815430 -Inf
12 4  18 -47.550007 -Inf
12 4  19 -34.790935 -Inf
12 4  20 -68.529413 -Inf
12 5  6 -5.933741 -Inf
12 5  7 -38.235401 -Inf
12 5  8 -44.343587 -Inf
12 5  9 -40.255186 -Inf
12 5  10 -23.231347 -Inf
12 5  11 -42.382360 -Inf
12 5  13 -16.562685 -Inf
12 5  14 -34.975464 -Inf
12 5  15 -43.442130 -Inf
12 5  16 -27.348592 -Inf
12 5  17 -25.917342 -Inf
12 5  18 -16.557481 -Inf
12 5  19 -19.290069 -Inf
12 5  20 -41.920570 -Inf
12 6  7 -18.403740 -655.318065
12 6  8 -17.116398 -Inf
12 6  9 -17.517224 -723.353849
12 6  10 -20.804322 -643.334327
12 6  11 -6.661680 -Inf
12 6  13 -19.964757 -Inf
12 6  14 -19.180712 -Inf
12 6  15 -17.746928 -Inf
12 6  16 -20.455540 -Inf
12 6  17 -8.274572 -92.426417
12 6  18 -9.276143 -56.209353
12 6  19 -20.235664 -698.395684
12 6  20 -20.265932 -Inf
12 7  8 -46.480303 -Inf
12 7  9 -44.770423 -1378.665520
12 7  10 -34.857842 -1298.645997
12 7  11 -42.134628 -Inf
12 7  13 -25.010064 -Inf
12 7  14 -44.644833 -Inf
12 7  15 -49.737167 -Inf
12 7  16 -37.500010 -Inf
12 7  17 -29.800141 -747.738088
12 7  18 -31.263322 -711.521024
12 7  19 -30.103195 -1353.707355
12 7  20 -51.527681 -Inf
12 8  9 -50.442558 -Inf
12 8  10 -38.450018 -Inf
12 8  11 -41.929877 -Inf
12 8  13 -28.176406 -Inf
12 8  14 -53.231938 -Inf
12 8  15 -64.006346 -Inf
12 8  16 -44.157208 -Inf
12 8  17 -38.316090 -Inf
12 8  18 -38.743827 -Inf
12 8  19 -30.117291 -Inf
12 8  20 -60.203426 -Inf
12 9  10 -33.271852 -1366.681781
12 9  11 -43.297788 -Inf
12 9  13 -20.571615 -Inf
12 9  14 -48.297632 -Inf
12 9  15 -48.685488 -Inf
12 9  16 -37.056051 -Inf
12 9  17 -37.479328 -815.773871
12 9  18 -27.583416 -779.556808
12 9  19 -25.457798 -1421.743138
12 9  20 -55.047495 -Inf
12 10  11 -25.969671 -Inf
12 10  13 -29.881817 -Inf
12 10  14 -45.972662 -Inf
12 10  15 -40.251015 -Inf
12 10  16 -53.374276 -Inf
12 10  17 -20.365270 -735.754349
12 10  18 -39.059730 -699.537285
12 10  19 -33.057084 -1341.723616
12 10  20 -50.353013 -Inf
12 11  13 -16.399857 -Inf
12 11  14 -44.235319 -Inf
12 11  15 -42.208930 -Inf
12 11  16 -31.136673 -Inf
12 11  17 -27.938533 -Inf
12 11  18 -19.936307 -Inf
12 11  19 -19.061475 -Inf
12 11  20 -52.117687 -Inf
12 13  14 -24.019437 -Inf
12 13  15 -27.960259 -Inf
12 13  16 -28.142901 -Inf
12 13  17 -12.115020 -Inf
12 13  18 -12.474021 -Inf
12 13  19 -29.423864 -Inf
12 13  20 -27.032479 -Inf
12 14  15 -54.245461 -Inf
12 14  16 -53.630105 -Inf
12 14  17 -35.629892 -Inf
12 14  18 -37.893225 -Inf
12 14  19 -27.904231 -Inf
12 14  20 -76.829831 -Inf
12 15  16 -46.842020 -Inf
12 15  17 -39.179886 -Inf
12 15  18 -41.923835 -Inf
12 15  19 -28.905333 -Inf
12 15  20 -61.216244 -Inf
12 16  17 -23.828617 -Inf
12 16  18 -34.538811 -Inf
12 16  19 -33.206991 -Inf
12 16  20 -56.521889 -Inf
12 17  18 -9.216151 -148.629375
12 17  19 -14.369610 -790.815706
12 17  20 -42.856473 -Inf
12 18  19 -20.922460 -754.598643
12 18  20 -50.951396 -Inf
12 19  20 -31.495618 -Inf
13  -95.000000 0.000000
13 1 -72.353331 -Inf
13 2 -60.788441 -Inf
13 3 -89.164321 -Inf
13 4 -74.634894 -Inf
13 5 -71.392445 -Inf
13 6 -17.703180 -0.040703
13 7 -71.321204 -Inf
13 8 -73.359127 -Inf
13 9 -74.342577 -714.734711
13 10 -46.232198 -Inf
13 11 -82.997177 -Inf
13 12 -27.457240 -Inf
13 14 -79.501805 -Inf
13 15 -72.569969 -Inf
13 16 -46.211436 -Inf
13 17 -75.885498 -675.206698
13 18 -45.657072 -Inf
13 19 -9.867282 -0.000616
13 20 -86.584283 -Inf
13 1  2 -52.091161 -Inf
13 1  3 -63.360759 -Inf
13 1  4 -55.357202 -Inf
13 1  5 -61.341039 -Inf
13 1  6 -16.712917 -Inf
13 1  7 -61.896713 -Inf
13 1  8 -64.756402 -Inf
13 1  9 -59.519892 -Inf
13 1  10 -37.279384 -Inf
13 1  11 -55.798007 -Inf
13 1  12 -25.532481 -Inf
13 1  14 -56.495638 -Inf
13 1  15 -65.564862 -Inf
13 1  16 -39.156701 -Inf
13 1  17 -57.832101 -Inf
13 1  18 -39.920303 -Inf
13 1  19 -8.733304 -Inf
13 1  20 -60.315858 -Inf
13 2  3 -53.656852 -Inf
13 2  4 -49.206503 -Inf
13 2  5 -55.441392 -Inf
13 2  6 -16.402011 -Inf
13 2  7 -52.975672 -Inf
13 2  8 -54.350455 -Inf
13 2  9 -55.477772 -Inf
13 2  10 -32.453367 -Inf
13 2  11 -50.102179 -Inf
13 2  12 -22.524737 -Inf
13 2  14 -47.035142 -Inf
13 2  15 -55.247625 -Inf
13 2  16 -29.077405 -Inf
13 2  17 -46.576962 -Inf
13 2  18 -31.522597 -Inf
13 2  19 -8.987572 -Inf
13 2  20 -54.523102 -Inf
13 3  4 -62.910872 -Inf
13 3  5 -63.121686 -Inf
13 3  6 -15.566458 -Inf
13 3  7 -59.006147 -Inf
13 3  8 -60.387514 -Inf
13 3  9 -59.570920 -Inf
13 3  10 -33.930317 -Inf
13 3  11 -67.588173 -Inf
13 3  12 -24.913841 -Inf
13 3  14 -67.686568 -Inf
13 3  15 -60.062596 -Inf
13 3  16 -34.215550 -Inf
13 3  17 -64.874656 -Inf
13 3  18 -37.875956 -Inf
13 3  19 -8.731287 -Inf
13 3  20 -78.195230 -Inf
13 4  5 -54.213201 -Inf
13 4  6 -15.496790 -Inf
13 4  7 -48.174701 -Inf
13 4  8 -59.574353 -Inf
13 4  9 -51.616719 -Inf
13 4  10 -33.455206 -Inf
13 4  11 -54.611413 -Inf
13 4  12 -21.979793 -Inf
13 4  14 -59.638059 -Inf
13 4  15 -59.971426 -Inf
13 4  16 -33.922439 -Inf
13 4  17 -54.432749 -Inf
13 4  18 -38.393067 -Inf
13 4  19 -8.585998 -Inf
13 4  20 -68.002899 -Inf
13 5  6 -15.460332 -Inf
13 5  7 -56.184632 -Inf
13 5  8 -58.522465 -Inf
13 5  9 -58.477801 -Inf
13 5  10 -33.046758 -Inf
13 5  11 -59.631482 -Inf
13 5  12 -20.134719 -Inf
13 5  14 -49.370358 -Inf
13 5  15 -60.580139 -Inf
13 5  16 -31.728741 -Inf
13 5  17 -59.023713 -Inf
13 5  18 -26.682827 -Inf
13 5  19 -9.291575 -Inf
13 5  20 -61.219858 -Inf
13 6  7 -15.286587 -Inf
13 6  8 -16.061370 -Inf
13 6  9 -14.836738 -714.775414
13 6  10 -15.339800 -Inf
13 6  11 -15.735517 -Inf
13 6  12 -14.735239 -Inf
13 6  14 -16.415732 -Inf
13 6  15 -15.646345 -Inf
13 6  16 -14.499255 -Inf
13 6  17 -14.634952 -675.247400
13 6  18 -15.831233 -Inf
13 6  19 -6.283025 -0.041319
13 6  20 -14.021582 -Inf
13 7  8 -59.420198 -Inf
13 7  9 -56.914855 -Inf
13 7  10 -35.197969 -Inf
13 7  11 -61.671638 -Inf
13 7  12 -23.818487 -Inf
13 7  14 -47.593674 -Inf
13 7  15 -60.742155 -Inf
13 7  16 -32.460191 -Inf
13 7  17 -54.151154 -Inf
13 7  18 -35.548159 -Inf
13 7  19 -8.987480 -Inf
13 7  20 -56.728119 -Inf
13 8  9 -56.673359 -Inf
13 8  10 -31.576597 -Inf
13 8  11 -55.640045 -Inf
13 8  12 -22.972120 -Inf
13 8  14 -50.883002 -Inf
13 8  15 -70.915630 -Inf
13 8  16 -31.996718 -Inf
13 8  17 -56.588644 -Inf
13 8  18 -34.221433 -Inf
13 8  19 -8.625933 -Inf
13 8  20 -61.363036 -Inf
13 9  10 -31.403930 -Inf
13 9  11 -62.031134 -Inf
13 9  12 -24.476283 -Inf
13 9  14 -54.027802 -Inf
13 9  15 -55.758473 -Inf
13 9  16 -29.821965 -Inf
13 9  17 -55.695493 -1389.941409
13 9  18 -35.934866 -Inf
13 9  19 -8.077367 -714.735328
13 9  20 -61.540874 -Inf
13 10  11 -38.065881 -Inf
13 10  12 -24.059259 -Inf
13 10  14 -37.123051 -Inf
13 10  15 -31.602879 -Inf
13 10  16 -38.997683 -Inf
13 10  17 -36.386749 -Inf
13 10  18 -35.123699 -Inf
13 10  19 -7.948443 -Inf
13 10  20 -39.774134 -Inf
13 11  12 -22.216223 -Inf
13 11  14 -57.389713 -Inf
13 11  15 -56.377388 -Inf
13 11  16 -37.344942 -Inf
13 11  17 -60.394473 -Inf
13 11  18 -28.106675 -Inf
13 11  19 -8.710882 -Inf
13 11  20 -69.028939 -Inf
13 12  14 -23.552891 -Inf
13 12  15 -23.681621 -Inf
13 12  16 -20.778839 -Inf
13 12  17 -21.558507 -Inf
13 12  18 -26.564639 -Inf
13 12  19 -7.007816 -Inf
13 12  20 -22.890447 -Inf
13 14  15 -51.744361 -Inf
13 14  16 -38.247008 -Inf
13 14  17 -56.454847 -Inf
13 14  18 -37.354654 -Inf
13 14  19 -9.356335 -Inf
13 14  20 -67.629908 -Inf
13 15  16 -33.230245 -Inf
13 15  17 -58.137074 -Inf
13 15  18 -36.189467 -Inf
13 15  19 -8.792621 -Inf
13 15  20 -63.104632 -Inf
13 16  17 -35.599154 -Inf
13 16  18 -27.840788 -Inf
13 16  19 -7.187112 -Inf
13 16  20 -39.812537 -Inf
13 17  18 -25.577625 -Inf
13 17  19 -8.667332 -675.207314
13 17  20 -62.734588 -Inf
13 18  19 -9.291046 -Inf
13 18  20 -39.146314 -Inf
13 19  20 -9.251443 -Inf
14  -95.000000 0.000000
14 1 -87.864633 -Inf
14 2 -91.720373 -Inf
14 3 -81.997081 -590.003861
14 4 -88.439268 -732.495656
14 5 -90.110091 -Inf
14 6 -78.638437 -Inf
14 7 -85.078385 -735.673522
14 8 -94.342900 -Inf
14 9 -91.071098 -Inf
14 10 -83.219885 -Inf
14 11 -88.333440 -Inf
14 12 -82.921938 -Inf
14 13 -82.967596 -Inf
14 15 -94.121612 -Inf
14 16 -74.405488 -524.763359
14 17 -90.566362 -Inf
14 18 -85.520782 -Inf
14 19 -81.908326 -734.015502
14 20 -57.034929 -0.001110
14 1  2 -77.769355 -Inf
14 1  3 -73.942035 -Inf
14 1  4 -77.476647 -Inf
14 1  5 -73.477419 -Inf
14 1  6 -64.876525 -Inf
14 1  7 -70.915127 -Inf
14 1  8 -79.324243 -Inf
14 1  9 -83.486138 -Inf
14 1  10 -64.781807 -Inf
14 1  11 -73.277612 -Inf
14 1  12 -68.646815 -Inf
14 1  13 -69.900417 -Inf
14 1  15 -84.974673 -Inf
14 1  16 -58.966532 -Inf
14 1  17 -82.233286 -Inf
14 1  18 -68.524694 -Inf
14 1  19 -67.101147 -Inf
14 1  20 -51.394803 -Inf
14 2  3 -73.533273 -Inf
14 2  4 -82.364845 -Inf
14 2  5 -81.332827 -Inf
14 2  6 -63.739869 -Inf
14 2  7 -64.214166 -Inf
14 2  8 -80.511333 -Inf
14 2  9 -80.333148 -Inf
14 2  10 -66.665331 -Inf
14 2  11 -81.936604 -Inf
14 2  12 -66.409883 -Inf
14 2  13 -71.636399 -Inf
14 2  15 -80.980575 -Inf
14 2  16 -63.770568 -Inf
14 2  17 -80.020506 -Inf
14 2  18 -67.924655 -Inf
14 2  19 -69.427656 -Inf
14 2  20 -48.768404 -Inf
14 3  4 -74.801711 -1322.499517
14 3  5 -71.365842 -Inf
14 3  6 -65.975601 -Inf
14 3  7 -63.844339 -1325.677382
14 3  8 -72.807544 -Inf
14 3  9 -66.924112 -Inf
14 3  10 -73.559172 -Inf
14 3  11 -66.219894 -Inf
14 3  12 -69.912355 -Inf
14 3  13 -69.115462 -Inf
14 3  15 -71.835792 -Inf
14 3  16 -66.943945 -1114.767220
14 3  17 -77.419423 -Inf
14 3  18 -69.379209 -Inf
14 3  19 -66.843970 -1324.019362
14 3  20 -40.381039 -590.004970
14 4  5 -71.067192 -Inf
14 4  6 -67.588621 -Inf
14 4  7 -66.037145 -1468.169178
14 4  8 -75.155526 -Inf
14 4  9 -79.699514 -Inf
14 4  10 -74.153485 -Inf
14 4  11 -74.473971 -Inf
14 4  12 -72.814971 -Inf
14 4  13 -76.675779 -Inf
14 4  15 -78.211484 -Inf
14 4  16 -69.292527 -1257.259016
14 4  17 -71.506359 -Inf
14 4  18 -76.610111 -Inf
14 4  19 -74.462597 -1466.511158
14 4  20 -48.807336 -732.496766
14 5  6 -66.697189 -Inf
14 5  7 -67.200029 -Inf
14 5  8 -84.628183 -Inf
14 5  9 -83.465701 -Inf
14 5  10 -68.169393 -Inf
14 5  11 -76.296526 -Inf
14 5  12 -71.585908 -Inf
14 5  13 -71.128609 -Inf
14 5  15 -85.090744 -Inf
14 5  16 -62.224366 -Inf
14 5  17 -86.008785 -Inf
14 5  18 -69.722663 -Inf
14 5  19 -68.656645 -Inf
14 5  20 -51.561387 -Inf
14 6  7 -39.566048 -Inf
14 6  8 -66.207682 -Inf
14 6  9 -64.451737 -Inf
14 6  10 -73.857331 -Inf
14 6  11 -67.168177 -Inf
14 6  12 -70.319429 -Inf
14 6  13 -73.799977 -Inf
14 6  15 -67.329417 -Inf
14 6  16 -69.294224 -Inf
14 6  17 -70.371370 -Inf
14 6  18 -74.124173 -Inf
14 6  19 -71.368932 -Inf
14 6  20 -42.029468 -Inf
14 7  8 -71.039117 -Inf
14 7  9 -75.092246 -Inf
14 7  10 -55.625892 -Inf
14 7  11 -71.745408 -Inf
14 7  12 -43.651647 -Inf
14 7  13 -47.987422 -Inf
14 7  15 -75.414295 -Inf
14 7  16 -50.198528 -1260.436881
14 7  17 -69.063445 -Inf
14 7  18 -42.943627 -Inf
14 7  19 -47.390383 -1469.689023
14 7  20 -49.811860 -735.674631
14 8  9 -78.180111 -Inf
14 8  10 -74.191966 -Inf
14 8  11 -74.377287 -Inf
14 8  12 -74.156278 -Inf
14 8  13 -71.017156 -Inf
14 8  15 -88.753769 -Inf
14 8  16 -67.686056 -Inf
14 8  17 -84.481679 -Inf
14 8  18 -73.821437 -Inf
14 8  19 -71.532897 -Inf
14 8  20 -50.566225 -Inf
14 9  10 -69.167557 -Inf
14 9  11 -81.031569 -Inf
14 9  12 -72.747005 -Inf
14 9  13 -70.039368 -Inf
14 9  15 -79.153167 -Inf
14 9  16 -64.894971 -Inf
14 9  17 -84.167634 -Inf
14 9  18 -67.333395 -Inf
14 9  19 -68.494772 -Inf
14 9  20 -46.754165 -Inf
14 10  11 -65.979329 -Inf
14 10  12 -72.194598 -Inf
14 10  13 -76.303651 -Inf
14 10  15 -75.804357 -Inf
14 10  16 -70.112327 -Inf
14 10  17 -73.903017 -Inf
14 10  18 -77.915931 -Inf
14 10  19 -76.267066 -Inf
14 10  20 -43.262262 -Inf
14 11  12 -70.273882 -Inf
14 11  13 -71.196589 -Inf
14 11  15 -75.822267 -Inf
14 11  16 -64.363817 -Inf
14 11  17 -81.338663 -Inf
14 11  18 -69.354894 -Inf
14 11  19 -68.518362 -Inf
14 11  20 -51.147836 -Inf
14 12  13 -76.098678 -Inf
14 12  15 -74.104635 -Inf
14 12  16 -67.548326 -Inf
14 12  17 -72.684919 -Inf
14 12  18 -80.291149 -Inf
14 12  19 -74.373914 -Inf
14 12  20 -44.898071 -Inf
14 13  15 -71.304428 -Inf
14 13  16 -70.374303 -Inf
14 13  17 -73.163948 -Inf
14 13  18 -77.645009 -Inf
14 13  19 -79.391749 -Inf
14 13  20 -44.782431 -Inf
14 15  16 -67.790023 -Inf
14 15  17 -83.019166 -Inf
14 15  18 -76.979159 -Inf
14 15  19 -69.674908 -Inf
14 15  20 -53.076653 -Inf
14 16  17 -66.309720 -Inf
14 16  18 -67.629704 -Inf
14 16  19 -71.632462 -1258.778861
14 16  20 -37.152093 -524.764469
14 17  18 -72.617639 -Inf
14 17  19 -69.417689 -Inf
14 17  20 -53.011342 -Inf
14 18  19 -77.806628 -Inf
14 18  20 -42.041444 -Inf
14 19  20 -42.636108 -734.016611
15  -95.000000 0.000000
15 1 -50.210114 -Inf
15 2 -26.602877 -457.388272
15 3 -81.736739 -731.301101
15 4 -41.173271 -652.514926
15 5 -56.549570 -680.761993
15 6 -71.627504 -Inf
15 7 -72.404227 -Inf
15 8 -4.726065 -0.000620
15 9 -79.280198 -Inf
15 10 -69.984506 -695.183302
15 11 -89.514605 -687.158974
15 12 -68.682683 -Inf
15 13 -70.719651 -Inf
15 14 -81.126517 -Inf
15 16 -73.193530 -Inf
15 17 -85.539194 -696.487613
15 18 -74.230445 -Inf
15 19 -66.469325 -Inf
15 20 -83.203497 -Inf
15 1  2 -25.195035 -Inf
15 1  3 -38.173415 -Inf
15 1  4 -32.401137 -Inf
15 1  5 -30.590566 -Inf
15 1  6 -44.546268 -Inf
15 1  7 -35.045821 -Inf
15 1  8 -4.314542 -Inf
15 1  9 -42.664268 -Inf
15 1  10 -36.659484 -Inf
15 1  11 -40.921648 -Inf
15 1  12 -40.388613 -Inf
15 1  13 -43.266501 -Inf
15 1  14 -41.994017 -Inf
15 1  16 -43.179089 -Inf
15 1  17 -42.287938 -Inf
15 1  18 -42.077139 -Inf
15 1  19 -39.671338 -Inf
15 1  20 -39.845910 -Inf
15 2  3 -22.247856 -1188.689373
15 2  4 -22.521225 -1109.903198
15 2  5 -19.890327 -1138.150265
15 2  6 -24.845907 -Inf
15 2  7 -20.781964 -Inf
15 2  8 -4.174240 -457.388892
15 2  9 -24.581442 -Inf
15 2  10 -20.590012 -1152.571574
15 2  11 -24.093555 -1144.547246
15 2  12 -24.182437 -Inf
15 2  13 -24.037331 -Inf
15 2  14 -19.641507 -Inf
15 2  16 -21.822294 -Inf
15 2  17 -24.945275 -1153.875885
15 2  18 -22.844028 -Inf
15 2  19 -23.932617 -Inf
15 2  20 -21.823937 -Inf
15 3  4 -34.491061 -1383.816028
15 3  5 -37.998081 -1412.063094
15 3  6 -43.431567 -Inf
15 3  7 -41.692750 -Inf
15 3  8 -3.942079 -731.301721
15 3  9 -29.603079 -Inf
15 3  10 -40.097955 -1426.484404
15 3  11 -57.517249 -1418.460075
15 3  12 -35.184640 -Inf
15 3  13 -42.700956 -Inf
15 3  14 -58.693460 -Inf
15 3  16 -52.495331 -Inf
15 3  17 -68.421151 -1427.788714
15 3  18 -37.183874 -Inf
15 3  19 -48.211001 -Inf
15 3  20 -61.020370 -Inf
15 4  5 -23.836820 -1333.276919
15 4  6 -34.486373 -Inf
15 4  7 -29.138084 -Inf
15 4  8 -3.837592 -652.515547
15 4  9 -30.729010 -Inf
15 4  10 -32.360154 -1347.698229
15 4  11 -31.789164 -1339.673900
15 4  12 -31.757426 -Inf
15 4  13 -34.530737 -Inf
15 4  14 -28.662875 -Inf
15 4  16 -33.077465 -Inf
15 4  17 -35.614345 -1349.002539
15 4  18 -34.884636 -Inf
15 4  19 -33.674169 -Inf
15 4  20 -29.985685 -Inf
15 5  6 -43.156521 -Inf
15 5  7 -46.312755 -Inf
15 5  8 -3.876629 -680.762613
15 5  9 -49.691691 -Inf
15 5  10 -40.975576 -1375.945295
15 5  11 -26.791332 -1367.920967
15 5  12 -48.578047 -Inf
15 5  13 -44.717629 -Inf
15 5  14 -47.707171 -Inf
15 5  16 -39.251527 -Inf
15 5  17 -30.728177 -1377.249606
15 5  18 -45.845105 -Inf
15 5  19 -46.170812 -Inf
15 5  20 -49.012260 -Inf
15 6  7 -57.980507 -Inf
15 6  8 -3.984737 -Inf
15 6  9 -60.969580 -Inf
15 6  10 -54.602922 -Inf
15 6  11 -52.572054 -Inf
15 6  12 -62.216911 -Inf
15 6  13 -62.945359 -Inf
15 6  14 -46.847610 -Inf
15 6  16 -55.479644 -Inf
15 6  17 -57.690907 -Inf
15 6  18 -61.847904 -Inf
15 6  19 -55.605845 -Inf
15 6  20 -49.555471 -Inf
15 7  8 -4.319712 -Inf
15 7  9 -60.023746 -Inf
15 7  10 -51.032528 -Inf
15 7  11 -62.028541 -Inf
15 7  12 -54.309409 -Inf
15 7  13 -54.662656 -Inf
15 7  14 -49.187038 -Inf
15 7  16 -49.292263 -Inf
15 7  17 -50.516389 -Inf
15 7  18 -47.802724 -Inf
15 7  19 -53.477498 -Inf
15 7  20 -55.322171 -Inf
15 8  9 -4.032525 -Inf
15 8  10 -3.842859 -695.183923
15 8  11 -3.952960 -687.159594
15 8  12 -4.118869 -Inf
15 8  13 -4.232625 -Inf
15 8  14 -4.353318 -Inf
15 8  16 -3.922203 -Inf
15 8  17 -4.037708 -696.488233
15 8  18 -4.184094 -Inf
15 8  19 -4.223881 -Inf
15 8  20 -4.203058 -Inf
15 9  10 -49.945561 -Inf
15 9  11 -65.227796 -Inf
15 9  12 -58.975467 -Inf
15 9  13 -61.374734 -Inf
15 9  14 -62.539993 -Inf
15 9  16 -57.761022 -Inf
15 9  17 -59.352682 -Inf
15 9  18 -60.153213 -Inf
15 9  19 -54.328558 -Inf
15 9  20 -58.908096 -Inf
15 10  11 -50.429772 -1382.342277
15 10  12 -52.847103 -Inf
15 10  13 -57.191685 -Inf
15 10  14 -45.829893 -Inf
15 10  16 -64.871052 -Inf
15 10  17 -44.386669 -1391.670915
15 10  18 -64.027291 -Inf
15 10  19 -57.457321 -Inf
15 10  20 -49.435897 -Inf
15 11  12 -45.256639 -Inf
15 11  13 -49.165473 -Inf
15 11  14 -70.762855 -Inf
15 11  16 -57.563897 -Inf
15 11  17 -69.141720 -1383.646587
15 11  18 -39.889032 -Inf
15 11  19 -50.295737 -Inf
15 11  20 -74.185634 -Inf
15 12  13 -56.378606 -Inf
15 12  14 -46.098968 -Inf
15 12  16 -56.757049 -Inf
15 12  17 -49.363005 -Inf
15 12  18 -64.296191 -Inf
15 12  19 -54.776131 -Inf
15 12  20 -49.709816 -Inf
15 13  14 -44.619902 -Inf
15 13  16 -57.874557 -Inf
15 13  17 -54.473681 -Inf
15 13  18 -55.523172 -Inf
15 13  19 -54.155154 -Inf
15 13  20 -49.110937 -Inf
15 14  16 -57.012454 -Inf
15 14  17 -55.615591 -Inf
15 14  18 -49.018906 -Inf
15 14  19 -44.323683 -Inf
15 14  20 -71.392036 -Inf
15 16  17 -49.982925 -Inf
15 16  18 -63.070036 -Inf
15 16  19 -59.947088 -Inf
15 16  20 -55.691140 -Inf
15 17  18 -51.488987 -Inf
15 17  19 -53.388661 -Inf
15 17  20 -63.862611 -Inf
15 18  19 -55.864099 -Inf
15 18  20 -42.510944 -Inf
15 19  20 -51.785849 -Inf
16  -95.000000 0.000000
16 1 -82.131688 -Inf
16 2 -81.331381 -Inf
16 3 -76.432099 -615.654459
16 4 -84.650193 -730.446616
16 5 -85.026725 -Inf
16 6 -49.034237 -681.686868
16 7 -84.102239 -Inf
16 8 -86.625172 -Inf
16 9 -87.357359 -Inf
16 10 -11.576235 -0.000614
16 11 -88.726899 -Inf
16 12 -57.744525 -Inf
16 13 -46.725163 -Inf
16 14 -76.776280 -524.763359
16 15 -83.949401 -Inf
16 17 -81.322515 -710.707545
16 18 -64.194166 -713.800443
16 19 -57.205804 -Inf
16 20 -91.384044 -Inf
16 1  2 -73.910289 -Inf
16 1  3 -63.705837 -Inf
16 1  4 -62.546246 -Inf
16 1  5 -73.082116 -Inf
16 1  6 -44.497887 -Inf
16 1  7 -73.614147 -Inf
16 1  8 -77.248135 -Inf
16 1  9 -73.487298 -Inf
16 1  10 -8.953092 -Inf
16 1  11 -66.248652 -Inf
16 1  12 -51.933800 -Inf
16 1  13 -43.858511 -Inf
16 1  14 -59.467832 -Inf
16 1  15 -76.417484 -Inf
16 1  17 -69.470611 -Inf
16 1  18 -58.755040 -Inf
16 1  19 -50.899409 -Inf
16 1  20 -71.428293 -Inf
16 2  3 -65.485779 -Inf
16 2  4 -64.700654 -Inf
16 2  5 -75.749379 -Inf
16 2  6 -40.211574 -Inf
16 2  7 -69.477511 -Inf
16 2  8 -76.760398 -Inf
16 2  9 -72.645101 -Inf
16 2  10 -9.131785 -Inf
16 2  11 -71.165973 -Inf
16 2  12 -49.338610 -Inf
16 2  13 -42.872882 -Inf
16 2  14 -63.283408 -Inf
16 2  15 -73.624279 -Inf
16 2  17 -64.470279 -Inf
16 2  18 -58.402404 -Inf
16 2  19 -51.415101 -Inf
16 2  20 -73.219808 -Inf
16 3  4 -59.315641 -1346.101075
16 3  5 -66.286956 -Inf
16 3  6 -35.182957 -1297.341328
16 3  7 -60.865569 -Inf
16 3  8 -61.339215 -Inf
16 3  9 -64.441953 -Inf
16 3  10 -9.288168 -615.655074
16 3  11 -63.487963 -Inf
16 3  12 -44.507912 -Inf
16 3  13 -33.765208 -Inf
16 3  14 -61.366917 -1140.417819
16 3  15 -59.719731 -Inf
16 3  17 -64.221578 -1326.362004
16 3  18 -48.773514 -1329.454902
16 3  19 -44.732561 -Inf
16 3  20 -68.799016 -Inf
16 4  5 -70.547949 -Inf
16 4  6 -41.027730 -1412.133484
16 4  7 -58.361557 -Inf
16 4  8 -67.856988 -Inf
16 4  9 -70.696268 -Inf
16 4  10 -8.691118 -730.447230
16 4  11 -70.822344 -Inf
16 4  12 -47.752804 -Inf
16 4  13 -39.762101 -Inf
16 4  14 -65.230395 -1255.209975
16 4  15 -66.125675 -Inf
16 4  17 -70.461823 -1441.154161
16 4  18 -58.366599 -1444.247059
16 4  19 -49.513579 -Inf
16 4  20 -80.520309 -Inf
16 5  6 -40.358437 -Inf
16 5  7 -64.680715 -Inf
16 5  8 -72.013059 -Inf
16 5  9 -76.122020 -Inf
16 5  10 -10.152863 -Inf
16 5  11 -69.962549 -Inf
16 5  12 -47.292956 -Inf
16 5  13 -42.173649 -Inf
16 5  14 -59.916355 -Inf
16 5  15 -71.241224 -Inf
16 5  17 -68.345988 -Inf
16 5  18 -55.398563 -Inf
16 5  19 -50.990357 -Inf
16 5  20 -73.691085 -Inf
16 6  7 -41.585229 -Inf
16 6  8 -43.209555 -Inf
16 6  9 -44.490552 -Inf
16 6  10 -9.388242 -681.687482
16 6  11 -42.983243 -Inf
16 6  12 -43.242041 -Inf
16 6  13 -39.859163 -Inf
16 6  14 -43.117239 -1206.450227
16 6  15 -42.095701 -Inf
16 6  17 -41.568249 -1392.394413
16 6  18 -43.324676 -1395.487311
16 6  19 -44.750299 -Inf
16 6  20 -43.825545 -Inf
16 7  8 -71.674682 -Inf
16 7  9 -70.990899 -Inf
16 7  10 -8.293216 -Inf
16 7  11 -73.558812 -Inf
16 7  12 -49.920091 -Inf
16 7  13 -36.277156 -Inf
16 7  14 -60.967451 -Inf
16 7  15 -71.669449 -Inf
16 7  17 -69.832868 -Inf
16 7  18 -54.769315 -Inf
16 7  19 -45.329494 -Inf
16 7  20 -76.359002 -Inf
16 8  9 -71.940175 -Inf
16 8  10 -9.018468 -Inf
16 8  11 -68.864998 -Inf
16 8  12 -54.362841 -Inf
16 8  13 -42.657335 -Inf
16 8  14 -64.024249 -Inf
16 8  15 -74.825328 -Inf
16 8  17 -73.915609 -Inf
16 8  18 -59.942807 -Inf
16 8  19 -52.010066 -Inf
16 8  20 -79.242928 -Inf
16 9  10 -9.107318 -Inf
16 9  11 -77.237722 -Inf
16 9  12 -50.493764 -Inf
16 9  13 -41.610263 -Inf
16 9  14 -64.624854 -Inf
16 9  15 -68.862732 -Inf
16 9  17 -74.111532 -Inf
16 9  18 -57.989307 -Inf
16 9  19 -54.260785 -Inf
16 9  20 -76.828979 -Inf
16 10  11 -9.785030 -Inf
16 10  12 -9.707322 -Inf
16 10  13 -9.422208 -Inf
16 10  14 -8.914621 -524.763974
16 10  15 -9.168901 -Inf
16 10  17 -8.878832 -710.708159
16 10  18 -10.104140 -713.801057
16 10  19 -8.679087 -Inf
16 10  20 -9.480650 -Inf
16 11  12 -49.168756 -Inf
16 11  13 -41.191046 -Inf
16 11  14 -66.122167 -Inf
16 11  15 -70.229304 -Inf
16 11  17 -67.416625 -Inf
16 11  18 -54.965498 -Inf
16 11  19 -50.942387 -Inf
16 11  20 -74.848978 -Inf
16 12  13 -43.883038 -Inf
16 12  14 -46.071207 -Inf
16 12  15 -53.492349 -Inf
16 12  17 -46.362358 -Inf
16 12  18 -55.202820 -Inf
16 12  19 -50.168040 -Inf
16 12  20 -51.988517 -Inf
16 13  14 -39.646448 -Inf
16 13  15 -42.258319 -Inf
16 13  17 -40.418612 -Inf
16 13  18 -44.319795 -Inf
16 13  19 -44.570832 -Inf
16 13  20 -42.093370 -Inf
16 14  15 -62.848343 -Inf
16 14  17 -62.555332 -1235.470904
16 14  18 -52.687346 -1238.563802
16 14  19 -50.691771 -Inf
16 14  20 -68.499251 -Inf
16 15  17 -71.098118 -Inf
16 15  18 -59.548450 -Inf
16 15  19 -50.896562 -Inf
16 15  20 -77.999213 -Inf
16 17  18 -49.542387 -1424.507987
16 17  19 -49.612181 -Inf
16 17  20 -74.332171 -Inf
16 18  19 -53.027675 -Inf
16 18  20 -60.618104 -Inf
16 19  20 -54.864859 -Inf
17  -95.000000 0.000000
17 1 -94.295829 -Inf
17 2 -55.918298 -635.038459
17 3 -81.722041 -577.220803
17 4 -88.195377 -Inf
17 5 -44.308384 -675.865884
17 6 -73.649501 -Inf
17 7 -91.510606 -Inf
17 8 -84.445047 -Inf
17 9 -87.859003 -660.543670
17 10 -83.694323 -662.943675
17 11 -34.895826 -380.265600
17 12 -83.387829 -92.423220
17 13 -87.131258 -675.206698
17 14 -89.611551 -Inf
17 15 -86.235626 -696.487613
17 16 -84.374208 -710.707545
17 18 -92.612780 -681.749058
17 19 -87.511788 -Inf
17 20 -91.850260 -Inf
17 1  2 -47.332798 -Inf
17 1  3 -66.560569 -Inf
17 1  4 -80.622510 -Inf
17 1  5 -33.845512 -Inf
17 1  6 -65.840842 -Inf
17 1  7 -85.066468 -Inf
17 1  8 -75.582231 -Inf
17 1  9 -69.516515 -Inf
17 1  10 -76.221502 -Inf
17 1  11 -28.902253 -Inf
17 1  12 -75.264342 -Inf
17 1  13 -81.822413 -Inf
17 1  14 -66.976794 -Inf
17 1  15 -80.793756 -Inf
17 1  16 -74.855643 -Inf
17 1  18 -81.361527 -Inf
17 1  19 -81.246077 -Inf
17 1  20 -88.809792 -Inf
17 2  3 -41.008733 -1212.259261
17 2  4 -53.020712 -Inf
17 2  5 -33.043424 -1310.904343
17 2  6 -28.436284 -Inf
17 2  7 -45.411331 -Inf
17 2  8 -51.617876 -Inf
17 2  9 -48.355193 -1295.582129
17 2  10 -45.910874 -1297.982134
17 2  11 -27.429881 -1015.304059
17 2  12 -39.991423 -727.461679
17 2  13 -40.099385 -1310.245157
17 2  14 -37.605311 -Inf
17 2  15 -52.061087 -1331.526072
17 2  16 -37.644700 -1345.746004
17 2  18 -50.466544 -1316.787517
17 2  19 -40.502389 -Inf
17 2  20 -48.080500 -Inf
17 3  4 -57.619192 -Inf
17 3  5 -27.689239 -1253.086687
17 3  6 -51.562003 -Inf
17 3  7 -69.530575 -Inf
17 3  8 -51.023541 -Inf
17 3  9 -69.567409 -1237.764472
17 3  10 -70.545600 -1240.164477
17 3  11 -23.430479 -957.486403
17 3  12 -57.905763 -669.644022
17 3  13 -65.837336 -1252.427500
17 3  14 -60.296829 -Inf
17 3  15 -57.819652 -1273.708415
17 3  16 -72.224740 -1287.928347
17 3  18 -66.899306 -1258.969860
17 3  19 -59.084073 -Inf
17 3  20 -75.777723 -Inf
17 4  5 -34.592214 -Inf
17 4  6 -66.900072 -Inf
17 4  7 -80.405754 -Inf
17 4  8 -77.902794 -Inf
17 4  9 -74.740012 -Inf
17 4  10 -71.831392 -Inf
17 4  11 -27.937854 -Inf
17 4  12 -73.818179 -Inf
17 4  13 -80.051623 -Inf
17 4  14 -76.328228 -Inf
17 4  15 -82.830572 -Inf
17 4  16 -73.424180 -Inf
17 4  18 -82.547588 -Inf
17 4  19 -80.086140 -Inf
17 4  20 -83.374988 -Inf
17 5  6 -18.631674 -Inf
17 5  7 -35.297825 -Inf
17 5  8 -33.205771 -Inf
17 5  9 -33.539747 -1336.409554
17 5  10 -33.424411 -1338.809559
17 5  11 -27.396493 -1056.131485
17 5  12 -14.575028 -768.289104
17 5  13 -29.459398 -1351.072582
17 5  14 -35.139574 -Inf
17 5  15 -31.224163 -1372.353497
17 5  16 -33.262952 -1386.573429
17 5  18 -29.296094 -1357.614942
17 5  19 -31.677289 -Inf
17 5  20 -37.312493 -Inf
17 6  7 -64.930556 -Inf
17 6  8 -57.158895 -Inf
17 6  9 -54.983162 -Inf
17 6  10 -67.999507 -Inf
17 6  11 -8.515507 -Inf
17 6  12 -30.666522 -Inf
17 6  13 -69.338180 -Inf
17 6  14 -66.919091 -Inf
17 6  15 -59.927152 -Inf
17 6  16 -67.619831 -Inf
17 6  18 -44.988420 -Inf
17 6  19 -67.902838 -Inf
17 6  20 -69.545805 -Inf
17 7  8 -75.349091 -Inf
17 7  9 -75.547407 -Inf
17 7  10 -73.275964 -Inf
17 7  11 -26.727283 -Inf
17 7  12 -72.120302 -Inf
17 7  13 -75.924041 -Inf
17 7  14 -74.546719 -Inf
17 7  15 -78.678669 -Inf
17 7  16 -71.249884 -Inf
17 7  18 -80.022380 -Inf
17 7  19 -79.666980 -Inf
17 7  20 -80.256146 -Inf
17 8  9 -74.534559 -Inf
17 8  10 -60.454565 -Inf
17 8  11 -30.072776 -Inf
17 8  12 -67.435351 -Inf
17 8  13 -71.459678 -Inf
17 8  14 -65.903095 -Inf
17 8  15 -80.909336 -Inf
17 8  16 -55.828358 -Inf
17 8  18 -79.082876 -Inf
17 8  19 -72.301220 -Inf
17 8  20 -75.990951 -Inf
17 9  10 -66.238720 -1323.487344
17 9  11 -21.629935 -1040.809270
17 9  12 -70.851849 -752.966889
17 9  13 -67.811449 -1335.750367
17 9  14 -55.859314 -Inf
17 9  15 -78.225939 -1357.031283
17 9  16 -64.400837 -1371.251215
17 9  18 -74.829037 -1342.292727
17 9  19 -68.108251 -Inf
17 9  20 -82.973584 -Inf
17 10  11 -23.576047 -1043.209275
17 10  12 -56.006727 -755.366894
17 10  13 -76.635913 -1338.150372
17 10  14 -76.854652 -Inf
17 10  15 -63.283783 -1359.431288
17 10  16 -79.773095 -1373.651220
17 10  18 -74.986522 -1344.692732
17 10  19 -75.074096 -Inf
17 10  20 -76.269487 -Inf
17 11  12 -2.117601 -472.688820
17 11  13 -19.026161 -1055.472298
17 11  14 -26.445413 -Inf
17 11  15 -27.175430 -1076.753213
17 11  16 -23.557736 -1090.973145
17 11  18 -23.552216 -1062.014658
17 11  19 -21.248535 -Inf
17 11  20 -26.536256 -Inf
17 12  13 -55.177230 -767.629917
17 12  14 -54.578234 -Inf
17 12  15 -69.212130 -788.910832
17 12  16 -46.773613 -803.130764
17 12  18 -77.195280 -774.172277
17 12  19 -57.373578 -Inf
17 12  20 -77.237472 -Inf
17 13  14 -79.856832 -Inf
17 13  15 -73.793571 -1371.694311
17 13  16 -75.486586 -1385.914242
17 13  18 -65.584153 -1356.955755
17 13  19 -84.935719 -Inf
17 13  20 -81.865414 -Inf
17 14  15 -68.866138 -Inf
17 14  16 -76.772310 -Inf
17 14  18 -63.622965 -Inf
17 14  19 -78.716772 -Inf
17 14  20 -85.318573 -Inf
17 15  16 -60.983983 -1407.195158
17 15  18 -79.424232 -1378.236671
17 15  19 -75.701760 -Inf
17 15  20 -77.243966 -Inf
17 16  18 -72.801901 -1392.456602
17 16  19 -74.186381 -Inf
17 16  20 -76.596962 -Inf
17 18  19 -67.439625 -Inf
17 18  20 -86.884041 -Inf
17 19  20 -81.144683 -Inf
18  -95.000000 0.000000
18 1 -62.290771 -Inf
18 2 -54.925633 -500.027336
18 3 -87.770565 -Inf
18 4 -60.946211 -Inf
18 5 -68.941150 -Inf
18 6 -23.720416 -Inf
18 7 -66.829424 -689.912229
18 8 -75.700994 -Inf
18 9 -82.507442 -690.953813
18 10 -40.990129 -602.412426
18 11 -82.712714 -Inf
18 12 -1.383954 -56.206156
18 13 -25.434862 -Inf
18 14 -78.977058 -Inf
18 15 -75.151672 -Inf
18 16 -55.513528 -713.800443
18 17 -82.813473 -681.749058
18 19 -26.508033 -Inf
18 20 -92.822409 -Inf
18 1  2 -42.258955 -Inf
18 1  3 -46.140094 -Inf
18 1  4 -46.982026 -Inf
18 1  5 -47.670835 -Inf
18 1  6 -21.240025 -Inf
18 1  7 -48.388335 -Inf
18 1  8 -55.569230 -Inf
18 1  9 -49.155873 -Inf
18 1  10 -27.190206 -Inf
18 1  11 -42.974768 -Inf
18 1  12 -1.113941 -Inf
18 1  13 -21.255627 -Inf
18 1  14 -44.910146 -Inf
18 1  15 -53.976215 -Inf
18 1  16 -37.683756 -Inf
18 1  17 -47.831033 -Inf
18 1  19 -21.529510 -Inf
18 1  20 -55.761551 -Inf
18 2  3 -38.404537 -Inf
18 2  4 -43.541380 -Inf
18 2  5 -49.677647 -Inf
18 2  6 -10.563341 -Inf
18 2  7 -42.530955 -1189.939565
18 2  8 -47.568092 -Inf
18 2  9 -42.446947 -1190.981149
18 2  10 -29.329360 -1102.439762
18 2  11 -47.242258 -Inf
18 2  12 -1.209598 -556.233492
18 2  13 -13.256752 -Inf
18 2  14 -33.908193 -Inf
18 2  15 -49.464860 -Inf
18 2  16 -30.998092 -1213.827778
18 2  17 -45.141483 -1181.776393
18 2  19 -12.320234 -Inf
18 2  20 -45.386553 -Inf
18 3  4 -47.520647 -Inf
18 3  5 -54.879058 -Inf
18 3  6 -13.156830 -Inf
18 3  7 -44.131922 -Inf
18 3  8 -50.412785 -Inf
18 3  9 -48.821703 -Inf
18 3  10 -29.139109 -Inf
18 3  11 -58.267730 -Inf
18 3  12 -1.245367 -Inf
18 3  13 -17.116651 -Inf
18 3  14 -63.614163 -Inf
18 3  15 -49.108765 -Inf
18 3  16 -39.835139 -Inf
18 3  17 -66.342698 -Inf
18 3  19 -17.401126 -Inf
18 3  20 -79.675094 -Inf
18 4  5 -44.257102 -Inf
18 4  6 -22.067654 -Inf
18 4  7 -40.199778 -Inf
18 4  8 -51.386504 -Inf
18 4  9 -49.341354 -Inf
18 4  10 -25.969746 -Inf
18 4  11 -41.745779 -Inf
18 4  12 -1.198675 -Inf
18 4  13 -22.487796 -Inf
18 4  14 -44.830787 -Inf
18 4  15 -52.832577 -Inf
18 4  16 -37.061740 -Inf
18 4  17 -45.723991 -Inf
18 4  19 -21.955104 -Inf
18 4  20 -55.402515 -Inf
18 5  6 -6.239807 -Inf
18 5  7 -49.357561 -Inf
18 5  8 -58.011544 -Inf
18 5  9 -56.950690 -Inf
18 5  10 -28.421515 -Inf
18 5  11 -54.889372 -Inf
18 5  12 -1.163260 -Inf
18 5  13 -12.546553 -Inf
18 5  14 -40.196060 -Inf
18 5  15 -59.255049 -Inf
18 5  16 -35.046056 -Inf
18 5  17 -57.862659 -Inf
18 5  19 -13.468058 -Inf
18 5  20 -58.776052 -Inf
18 6  7 -19.193730 -Inf
18 6  8 -18.970758 -Inf
18 6  9 -18.477182 -Inf
18 6  10 -19.161784 -Inf
18 6  11 -9.330421 -Inf
18 6  12 -1.274897 -Inf
18 6  13 -18.463129 -Inf
18 6  14 -21.195632 -Inf
18 6  15 -19.540706 -Inf
18 6  16 -21.122982 -Inf
18 6  17 -7.970232 -Inf
18 6  19 -19.388038 -Inf
18 6  20 -19.837594 -Inf
18 7  8 -47.806933 -Inf
18 7  9 -58.413619 -1380.866042
18 7  10 -26.061056 -1292.324655
18 7  11 -53.150331 -Inf
18 7  12 -1.225091 -746.118385
18 7  13 -20.239400 -Inf
18 7  14 -30.606084 -Inf
18 7  15 -51.757187 -Inf
18 7  16 -24.299513 -1403.712671
18 7  17 -49.106763 -1371.661287
18 7  19 -21.437147 -Inf
18 7  20 -48.997161 -Inf
18 8  9 -54.972636 -Inf
18 8  10 -36.244638 -Inf
18 8  11 -53.033295 -Inf
18 8  12 -1.118611 -Inf
18 8  13 -22.244055 -Inf
18 8  14 -43.915974 -Inf
18 8  15 -72.686289 -Inf
18 8  16 -46.713473 -Inf
18 8  17 -65.077273 -Inf
18 8  19 -22.994935 -Inf
18 8  20 -54.776940 -Inf
18 9  10 -33.764734 -1293.366240
18 9  11 -66.643824 -Inf
18 9  12 -1.131502 -747.159969
18 9  13 -17.261251 -Inf
18 9  14 -51.355890 -Inf
18 9  15 -54.845295 -Inf
18 9  16 -41.625548 -1404.754256
18 9  17 -69.041342 -1372.702871
18 9  19 -19.757462 -Inf
18 9  20 -73.541463 -Inf
18 10  11 -30.963793 -Inf
18 10  12 -1.146439 -658.618582
18 10  13 -22.338324 -Inf
18 10  14 -36.128257 -Inf
18 10  15 -35.844279 -Inf
18 10  16 -38.246722 -1316.212869
18 10  17 -28.837557 -1284.161484
18 10  19 -22.360815 -Inf
18 10  20 -39.082606 -Inf
18 11  12 -1.140041 -Inf
18 11  13 -12.115263 -Inf
18 11  14 -56.125253 -Inf
18 11  15 -53.197091 -Inf
18 11  16 -41.692173 -Inf
18 11  17 -71.476339 -Inf
18 11  19 -13.895192 -Inf
18 11  20 -72.723159 -Inf
18 12  13 -1.298344 -Inf
18 12  14 -1.075092 -Inf
18 12  15 -1.106001 -Inf
18 12  16 -1.143081 -770.006598
18 12  17 -1.139522 -737.955214
18 12  19 -1.247727 -Inf
18 12  20 -1.234010 -Inf
18 13  14 -23.589348 -Inf
18 13  15 -22.723508 -Inf
18 13  16 -23.709683 -Inf
18 13  17 -12.123456 -Inf
18 13  19 -24.229374 -Inf
18 13  20 -25.010961 -Inf
18 14  15 -44.531014 -Inf
18 14  16 -49.582789 -Inf
18 14  17 -58.582899 -Inf
18 14  19 -23.399969 -Inf
18 14  20 -74.011601 -Inf
18 15  16 -46.987363 -Inf
18 15  17 -63.767142 -Inf
18 15  19 -22.585401 -Inf
18 15  20 -55.199247 -Inf
18 16  17 -38.796271 -1395.549500
18 16  19 -25.555857 -Inf
18 16  20 -53.706938 -Inf
18 17  19 -12.215182 -Inf
18 17  20 -76.530343 -Inf
18 19  20 -24.532285 -Inf
19  -95.000000 0.000000
19 1 -70.436053 -Inf
19 2 -58.275561 -658.608347
19 3 -85.654169 -Inf
19 4 -68.622227 -696.043089
19 5 -69.934374 -Inf
19 6 -17.407278 -664.835472
19 7 -71.159373 -Inf
19 8 -72.206645 -Inf
19 9 -75.127581 -693.873794
19 10 -43.640742 -Inf
19 11 -84.291616 -Inf
19 12 -23.799990 -698.392487
19 13 -3.517565 -0.000616
19 14 -77.128026 -734.015502
19 15 -72.549829 -Inf
19 16 -48.300566 -Inf
19 17 -82.115511 -Inf
19 18 -35.623721 -Inf
19 20 -81.386733 -Inf
19 1  2 -46.783031 -Inf
19 1  3 -59.423468 -Inf
19 1  4 -56.050767 -Inf
19 1  5 -58.234791 -Inf
19 1  6 -15.688469 -Inf
19 1  7 -59.884172 -Inf
19 1  8 -61.966748 -Inf
19 1  9 -57.635386 -Inf
19 1  10 -32.117069 -Inf
19 1  11 -53.192837 -Inf
19 1  12 -21.052331 -Inf
19 1  13 -3.237989 -Inf
19 1  14 -51.436563 -Inf
19 1  15 -63.546731 -Inf
19 1  16 -40.405076 -Inf
19 1  17 -58.711045 -Inf
19 1  18 -30.963003 -Inf
19 1  20 -52.567593 -Inf
19 2  3 -49.731115 -Inf
19 2  4 -46.597133 -1354.651437
19 2  5 -50.580163 -Inf
19 2  6 -14.896663 -1323.443820
19 2  7 -51.232644 -Inf
19 2  8 -50.341887 -Inf
19 2  9 -52.618466 -1352.482142
19 2  10 -26.048195 -Inf
19 2  11 -44.102938 -Inf
19 2  12 -17.387313 -1357.000834
19 2  13 -3.038544 -658.608964
19 2  14 -37.413649 -1392.623849
19 2  15 -49.772208 -Inf
19 2  16 -27.540889 -Inf
19 2  17 -43.540654 -Inf
19 2  18 -19.491745 -Inf
19 2  20 -47.208026 -Inf
19 3  4 -61.681340 -Inf
19 3  5 -60.179064 -Inf
19 3  6 -15.016031 -Inf
19 3  7 -54.135768 -Inf
19 3  8 -61.289557 -Inf
19 3  9 -53.772268 -Inf
19 3  10 -33.444505 -Inf
19 3  11 -63.600394 -Inf
19 3  12 -18.870714 -Inf
19 3  13 -3.148077 -Inf
19 3  14 -63.548859 -Inf
19 3  15 -60.717441 -Inf
19 3  16 -36.964244 -Inf
19 3  17 -67.132058 -Inf
19 3  18 -23.119286 -Inf
19 3  20 -67.561689 -Inf
19 4  5 -51.951637 -Inf
19 4  6 -15.873099 -1360.878561
19 4  7 -45.861612 -Inf
19 4  8 -55.435339 -Inf
19 4  9 -47.861699 -1389.916883
19 4  10 -30.238449 -Inf
19 4  11 -52.718617 -Inf
19 4  12 -19.948981 -1394.435576
19 4  13 -3.155314 -696.043705
19 4  14 -50.463203 -1430.058591
19 4  15 -56.646379 -Inf
19 4  16 -33.067639 -Inf
19 4  17 -55.405813 -Inf
19 4  18 -27.851732 -Inf
19 4  20 -58.639123 -Inf
19 5  6 -15.631204 -Inf
19 5  7 -55.621778 -Inf
19 5  8 -56.727925 -Inf
19 5  9 -59.159146 -Inf
19 5  10 -30.674859 -Inf
19 5  11 -54.352016 -Inf
19 5  12 -18.288158 -Inf
19 5  13 -3.302822 -Inf
19 5  14 -41.282117 -Inf
19 5  15 -61.156815 -Inf
19 5  16 -33.182570 -Inf
19 5  17 -63.895938 -Inf
19 5  18 -17.849783 -Inf
19 5  20 -52.648473 -Inf
19 6  7 -15.636487 -Inf
19 6  8 -14.987763 -Inf
19 6  9 -12.893476 -1358.709266
19 6  10 -16.208617 -Inf
19 6  11 -15.369422 -Inf
19 6  12 -14.190844 -1363.227959
19 6  13 -3.316081 -664.836089
19 6  14 -16.152181 -1398.850974
19 6  15 -13.018826 -Inf
19 6  16 -16.058554 -Inf
19 6  17 -12.628051 -Inf
19 6  18 -13.851632 -Inf
19 6  20 -12.979227 -Inf
19 7  8 -57.392459 -Inf
19 7  9 -58.990774 -Inf
19 7  10 -34.596126 -Inf
19 7  11 -62.133105 -Inf
19 7  12 -20.064711 -Inf
19 7  13 -3.170987 -Inf
19 7  14 -37.622618 -Inf
19 7  15 -58.766682 -Inf
19 7  16 -30.966883 -Inf
19 7  17 -60.066678 -Inf
19 7  18 -24.510606 -Inf
19 7  20 -48.259120 -Inf
19 8  9 -56.987743 -Inf
19 8  10 -28.329576 -Inf
19 8  11 -50.113616 -Inf
19 8  12 -15.960904 -Inf
19 8  13 -2.954419 -Inf
19 8  14 -42.012558 -Inf
19 8  15 -70.096374 -Inf
19 8  16 -31.945527 -Inf
19 8  17 -59.062404 -Inf
19 8  18 -23.021359 -Inf
19 8  20 -50.356374 -Inf
19 9  10 -32.459827 -Inf
19 9  11 -64.771100 -Inf
19 9  12 -19.372389 -1392.266281
19 9  13 -3.101749 -693.874410
19 9  14 -49.506203 -1427.889296
19 9  15 -55.694352 -Inf
19 9  16 -32.390627 -Inf
19 9  17 -63.878949 -Inf
19 9  18 -25.118420 -Inf
19 9  20 -55.592916 -Inf
19 10  11 -37.538562 -Inf
19 10  12 -21.475323 -Inf
19 10  13 -3.244859 -Inf
19 10  14 -35.146880 -Inf
19 10  15 -27.841935 -Inf
19 10  16 -39.784825 -Inf
19 10  17 -35.384853 -Inf
19 10  18 -28.028297 -Inf
19 10  20 -33.006515 -Inf
19 11  12 -20.762948 -Inf
19 11  13 -3.148617 -Inf
19 11  14 -54.683744 -Inf
19 11  15 -52.508388 -Inf
19 11  16 -41.070495 -Inf
19 11  17 -70.435046 -Inf
19 11  18 -21.651883 -Inf
19 11  20 -66.895060 -Inf
19 12  13 -3.100700 -698.393103
19 12  14 -19.777340 -1432.407988
19 12  15 -15.597522 -Inf
19 12  16 -21.082819 -Inf
19 12  17 -19.140284 -Inf
19 12  18 -21.745930 -Inf
19 12  20 -15.609167 -Inf
19 13  14 -3.077660 -734.016118
19 13  15 -3.070031 -Inf
19 13  16 -3.062154 -Inf
19 13  17 -3.322671 -Inf
19 13  18 -3.238989 -Inf
19 13  20 -3.058733 -Inf
19 14  15 -45.463316 -Inf
19 14  16 -41.522258 -Inf
19 14  17 -58.792749 -Inf
19 14  18 -25.472574 -Inf
19 14  20 -59.885467 -Inf
19 15  16 -33.105821 -Inf
19 15  17 -61.253695 -Inf
19 15  18 -23.264919 -Inf
19 15  20 -53.727453 -Inf
19 16  17 -39.866299 -Inf
19 16  18 -23.740528 -Inf
19 16  20 -36.350861 -Inf
19 17  18 -20.589786 -Inf
19 17  20 -64.821841 -Inf
19 18  20 -24.193603 -Inf
20  -95.000000 0.000000
20 1 -86.254175 -642.270815
20 2 -88.814267 -Inf
20 3 -91.253607 -Inf
20 4 -88.128412 -703.376867
20 5 -94.243562 -Inf
20 6 -89.867615 -Inf
20 7 -83.905707 -Inf
20 8 -93.061436 -Inf
20 9 -92.857898 -Inf
20 10 -89.031548 -Inf
20 11 -90.901507 -Inf
20 12 -92.478342 -Inf
20 13 -89.792717 -Inf
20 14 -39.771743 -0.001110
20 15 -91.779530 -Inf
20 16 -89.877310 -Inf
20 17 -93.657091 -Inf
20 18 -92.922453 -Inf
20 19 -86.226651 -Inf
20 1  2 -72.940154 -Inf
20 1  3 -75.619478 -Inf
20 1  4 -72.855728 -1345.647682
20 1  5 -80.761570 -Inf
20 1  6 -70.139892 -Inf
20 1  7 -67.919275 -Inf
20 1  8 -80.443929 -Inf
20 1  9 -81.297474 -Inf
20 1  10 -65.852678 -Inf
20 1  11 -75.220268 -Inf
20 1  12 -75.377429 -Inf
20 1  13 -68.736881 -Inf
20 1  14 -35.665376 -642.271924
20 1  15 -79.581047 -Inf
20 1  16 -65.666168 -Inf
20 1  17 -83.134776 -Inf
20 1  18 -73.866889 -Inf
20 1  19 -64.505071 -Inf
20 2  3 -79.996263 -Inf
20 2  4 -77.852789 -Inf
20 2  5 -81.779649 -Inf
20 2  6 -78.283347 -Inf
20 2  7 -66.614478 -Inf
20 2  8 -77.710096 -Inf
20 2  9 -83.675532 -Inf
20 2  10 -66.926896 -Inf
20 2  11 -80.345461 -Inf
20 2  12 -80.190764 -Inf
20 2  13 -78.789884 -Inf
20 2  14 -34.220332 -Inf
20 2  15 -71.873275 -Inf
20 2  16 -78.010133 -Inf
20 2  17 -83.875566 -Inf
20 2  18 -82.564591 -Inf
20 2  19 -75.281840 -Inf
20 3  4 -80.775799 -Inf
20 3  5 -87.482957 -Inf
20 3  6 -82.464457 -Inf
20 3  7 -69.297346 -Inf
20 3  8 -74.172415 -Inf
20 3  9 -76.771408 -Inf
20 3  10 -85.543809 -Inf
20 3  11 -84.977348 -Inf
20 3  12 -86.197232 -Inf
20 3  13 -83.826749 -Inf
20 3  14 -34.010984 -Inf
20 3  15 -70.828297 -Inf
20 3  16 -85.705880 -Inf
20 3  17 -88.645434 -Inf
20 3  18 -84.140549 -Inf
20 3  19 -80.324204 -Inf
20 4  5 -76.318659 -Inf
20 4  6 -79.961780 -Inf
20 4  7 -67.514819 -Inf
20 4  8 -67.978810 -Inf
20 4  9 -76.849915 -Inf
20 4  10 -76.820277 -Inf
20 4  11 -80.944268 -Inf
20 4  12 -84.279906 -Inf
20 4  13 -79.092017 -Inf
20 4  14 -35.909231 -703.377977
20 4  15 -66.190787 -Inf
20 4  16 -82.466008 -Inf
20 4  17 -80.378177 -Inf
20 4  18 -85.032692 -Inf
20 4  19 -76.500745 -Inf
20 5  6 -75.895721 -Inf
20 5  7 -71.127113 -Inf
20 5  8 -89.388206 -Inf
20 5  9 -88.485903 -Inf
20 5  10 -71.706023 -Inf
20 5  11 -84.653713 -Inf
20 5  12 -82.056682 -Inf
20 5  13 -81.557225 -Inf
20 5  14 -36.774379 -Inf
20 5  15 -84.317015 -Inf
20 5  16 -77.412540 -Inf
20 5  17 -89.140529 -Inf
20 5  18 -79.017435 -Inf
20 5  19 -77.321216 -Inf
20 6  7 -59.383928 -Inf
20 6  8 -72.805535 -Inf
20 6  9 -72.817867 -Inf
20 6  10 -80.450740 -Inf
20 6  11 -78.239737 -Inf
20 6  12 -80.311869 -Inf
20 6  13 -83.098853 -Inf
20 6  14 -34.348208 -Inf
20 6  15 -69.393099 -Inf
20 6  16 -85.689334 -Inf
20 6  17 -84.744353 -Inf
20 6  18 -83.186636 -Inf
20 6  19 -85.128421 -Inf
20 7  8 -76.832990 -Inf
20 7  9 -76.468269 -Inf
20 7  10 -65.896787 -Inf
20 7  11 -78.072042 -Inf
20 7  12 -62.494867 -Inf
20 7  13 -62.987514 -Inf
20 7  14 -36.002548 -Inf
20 7  15 -72.316232 -Inf
20 7  16 -68.399600 -Inf
20 7  17 -76.632107 -Inf
20 7  18 -63.842099 -Inf
20 7  19 -58.397896 -Inf
20 8  9 -82.297548 -Inf
20 8  10 -70.072616 -Inf
20 8  11 -76.512445 -Inf
20 8  12 -77.445336 -Inf
20 8  13 -71.246605 -Inf
20 8  14 -33.712307 -Inf
20 8  15 -82.899542 -Inf
20 8  16 -72.449294 -Inf
20 8  17 -89.772738 -Inf
20 8  18 -74.683214 -Inf
20 8  19 -69.096712 -Inf
20 9  10 -70.319716 -Inf
20 9  11 -86.986282 -Inf
20 9  12 -82.570123 -Inf
20 9  13 -79.011233 -Inf
20 9  14 -35.787129 -Inf
20 9  15 -80.888330 -Inf
20 9  16 -75.590162 -Inf
20 9  17 -86.705344 -Inf
20 9  18 -80.635562 -Inf
20 9  19 -72.901521 -Inf
20 10  11 -77.223101 -Inf
20 10  12 -80.171650 -Inf
20 10  13 -82.880574 -Inf
20 10  14 -35.348139 -Inf
20 10  15 -68.776468 -Inf
20 10  16 -84.678765 -Inf
20 10  17 -83.023848 -Inf
20 10  18 -85.894556 -Inf
20 10  19 -80.495318 -Inf
20 11  12 -85.504241 -Inf
20 11  13 -82.385534 -Inf
20 11  14 -36.401498 -Inf
20 11  15 -74.399017 -Inf
20 11  16 -80.183014 -Inf
20 11  17 -83.864937 -Inf
20 11  18 -83.235151 -Inf
20 11  19 -78.690848 -Inf
20 12  13 -83.414664 -Inf
20 12  14 -36.298672 -Inf
20 12  15 -72.713940 -Inf
20 12  16 -86.212953 -Inf
20 12  17 -88.715354 -Inf
20 12  18 -90.843211 -Inf
20 12  19 -79.971842 -Inf
20 13  14 -34.931449 -Inf
20 13  15 -66.906325 -Inf
20 13  16 -83.977696 -Inf
20 13  17 -85.711224 -Inf
20 13  18 -85.061763 -Inf
20 13  19 -84.080339 -Inf
20 14  15 -34.433562 -Inf
20 14  16 -35.326876 -Inf
20 14  17 -37.425616 -Inf
20 14  18 -37.149669 -Inf
20 14  19 -32.143445 -Inf
20 15  16 -69.687818 -Inf
20 15  17 -86.567627 -Inf
20 15  18 -70.842479 -Inf
20 15  19 -64.271129 -Inf
20 16  17 -86.553073 -Inf
20 16  18 -86.604240 -Inf
20 16  19 -82.733275 -Inf
20 17  18 -88.341221 -Inf
20 17  19 -81.637839 -Inf
20 18  19 -80.628465 -Inf
