1  -94.000000 0.000000
1 2 -50.247712 -0.112524
1 3 -79.012913 -Inf
1 4 -60.353390 -Inf
1 5 -68.608849 -Inf
1 6 -66.959760 -Inf
1 7 -79.172529 -511.487002
1 8 -58.652899 -Inf
1 9 -80.940398 -Inf
1 10 -74.084884 -Inf
1 11 -81.261451 -651.731762
1 12 -69.932505 -Inf
1 13 -73.283832 -Inf
1 14 -82.811449 -Inf
1 15 -60.745037 -Inf
1 16 -75.195212 -Inf
1 17 -82.593410 -Inf
1 18 -69.411335 -Inf
1 19 -74.122002 -Inf
1 20 -92.940495 -Inf
1 2  3 -46.635596 -Inf
1 2  4 -47.421657 -Inf
1 2  5 -39.545411 -Inf
1 2  6 -45.529216 -Inf
1 2  7 -44.708639 -511.599526
1 2  8 -48.863426 -Inf
1 2  9 -48.439442 -Inf
1 2  10 -46.080463 -Inf
1 2  11 -45.126744 -651.844286
1 2  12 -46.899462 -Inf
1 2  13 -46.333295 -Inf
1 2  14 -40.306761 -Inf
1 2  15 -48.045384 -Inf
1 2  16 -45.306822 -Inf
1 2  17 -44.687810 -Inf
1 2  18 -47.963870 -Inf
1 2  19 -46.246729 -Inf
1 2  20 -39.846295 -Inf
1 3  4 -53.951247 -Inf
1 3  5 -54.842761 -Inf
1 3  6 -61.100694 -Inf
1 3  7 -60.899589 -Inf
1 3  8 -51.766937 -Inf
1 3  9 -49.297336 -Inf
1 3  10 -68.539683 -Inf
1 3  11 -66.142173 -Inf
1 3  12 -65.412697 -Inf
1 3  13 -60.810782 -Inf
1 3  14 -65.080230 -Inf
1 3  15 -53.898652 -Inf
1 3  16 -61.398858 -Inf
1 3  17 -73.620883 -Inf
1 3  18 -64.642935 -Inf
1 3  19 -63.288346 -Inf
1 3  20 -68.422077 -Inf
1 4  5 -41.817679 -Inf
1 4  6 -49.597792 -Inf
1 4  7 -56.067594 -Inf
1 4  8 -45.605988 -Inf
1 4  9 -52.709962 -Inf
1 4  10 -52.094159 -Inf
1 4  11 -41.779235 -Inf
1 4  12 -47.839019 -Inf
1 4  13 -50.863717 -Inf
1 4  14 -45.848461 -Inf
1 4  15 -49.428112 -Inf
1 4  16 -51.316474 -Inf
1 4  17 -51.708285 -Inf
1 4  18 -48.842582 -Inf
1 4  19 -50.642650 -Inf
1 4  20 -47.839972 -Inf
1 5  6 -50.623357 -Inf
1 5  7 -56.496380 -Inf
1 5  8 -45.725536 -Inf
1 5  9 -59.709177 -Inf
1 5  10 -51.282713 -Inf
1 5  11 -50.535722 -Inf
1 5  12 -51.920353 -Inf
1 5  13 -52.539977 -Inf
1 5  14 -50.890395 -Inf
1 5  15 -43.530782 -Inf
1 5  16 -56.017723 -Inf
1 5  17 -51.850853 -Inf
1 5  18 -51.542075 -Inf
1 5  19 -53.320150 -Inf
1 5  20 -60.855339 -Inf
1 6  7 -57.780354 -Inf
1 6  8 -49.854127 -Inf
1 6  9 -57.313748 -Inf
1 6  10 -55.075491 -Inf
1 6  11 -60.489005 -Inf
1 6  12 -63.816547 -Inf
1 6  13 -60.744187 -Inf
1 6  14 -58.961473 -Inf
1 6  15 -51.148654 -Inf
1 6  16 -51.861165 -Inf
1 6  17 -61.147386 -Inf
1 6  18 -63.050637 -Inf
1 6  19 -61.907437 -Inf
1 6  20 -62.689523 -Inf
1 7  8 -56.669752 -Inf
1 7  9 -64.731214 -Inf
1 7  10 -56.726989 -Inf
1 7  11 -59.466854 -1163.218764
1 7  12 -59.263059 -Inf
1 7  13 -62.266903 -Inf
1 7  14 -56.726590 -Inf
1 7  15 -57.803092 -Inf
1 7  16 -58.938308 -Inf
1 7  17 -67.389490 -Inf
1 7  18 -59.657938 -Inf
1 7  19 -63.174142 -Inf
1 7  20 -69.826805 -Inf
1 8  9 -52.040489 -Inf
1 8  10 -51.462380 -Inf
1 8  11 -50.593947 -Inf
1 8  12 -51.441753 -Inf
1 8  13 -50.238362 -Inf
1 8  14 -46.934407 -Inf
1 8  15 -56.229597 -Inf
1 8  16 -49.004894 -Inf
1 8  17 -52.960644 -Inf
1 8  18 -51.622273 -Inf
1 8  19 -51.288384 -Inf
1 8  20 -48.685270 -Inf
1 9  10 -61.330404 -Inf
1 9  11 -61.014021 -Inf
1 9  12 -60.577173 -Inf
1 9  13 -59.921403 -Inf
1 9  14 -60.500985 -Inf
1 9  15 -51.869027 -Inf
1 9  16 -59.988797 -Inf
1 9  17 -61.394037 -Inf
1 9  18 -62.465783 -Inf
1 9  19 -60.577368 -Inf
1 9  20 -58.754992 -Inf
1 10  11 -64.619154 -Inf
1 10  12 -57.375706 -Inf
1 10  13 -60.444648 -Inf
1 10  14 -57.366016 -Inf
1 10  15 -53.243304 -Inf
1 10  16 -63.510707 -Inf
1 10  17 -66.575862 -Inf
1 10  18 -64.001310 -Inf
1 10  19 -61.505476 -Inf
1 10  20 -63.293417 -Inf
1 11  12 -60.977954 -Inf
1 11  13 -63.783469 -Inf
1 11  14 -62.386938 -Inf
1 11  15 -50.302191 -Inf
1 11  16 -60.160163 -Inf
1 11  17 -68.641135 -Inf
1 11  18 -61.183160 -Inf
1 11  19 -63.653215 -Inf
1 11  20 -69.641422 -Inf
1 12  13 -64.312746 -Inf
1 12  14 -60.631556 -Inf
1 12  15 -52.995166 -Inf
1 12  16 -54.291029 -Inf
1 12  17 -61.023649 -Inf
1 12  18 -67.806223 -Inf
1 12  19 -64.653103 -Inf
1 12  20 -66.149845 -Inf
1 13  14 -65.541543 -Inf
1 13  15 -50.282117 -Inf
1 13  16 -57.866623 -Inf
1 13  17 -67.290871 -Inf
1 13  18 -62.549025 -Inf
1 13  19 -71.871807 -Inf
1 13  20 -66.056558 -Inf
1 14  15 -48.149751 -Inf
1 14  16 -56.502074 -Inf
1 14  17 -63.598468 -Inf
1 14  18 -63.427828 -Inf
1 14  19 -66.991379 -Inf
1 14  20 -67.589874 -Inf
1 15  16 -49.075246 -Inf
1 15  17 -55.843937 -Inf
1 15  18 -52.813430 -Inf
1 15  19 -52.364052 -Inf
1 15  20 -51.761427 -Inf
1 16  17 -60.665610 -Inf
1 16  18 -60.651682 -Inf
1 16  19 -59.148124 -Inf
1 16  20 -59.944746 -Inf
1 17  18 -63.764626 -Inf
1 17  19 -68.629698 -Inf
1 17  20 -76.173530 -Inf
1 18  19 -63.353535 -Inf
1 18  20 -65.454255 -Inf
1 19  20 -68.836782 -Inf
2  -94.000000 0.000000
2 1 -31.844622 -0.112524
2 3 -65.503058 -662.434843
2 4 -37.900816 -401.555862
2 5 -57.139765 -0.112524
2 6 -46.150317 -589.774585
2 7 -42.468669 -0.112347
2 8 -23.707868 -0.112524
2 9 -66.305084 -0.002525
2 10 -57.074174 -Inf
2 11 -73.327987 -288.883193
2 12 -43.849624 -708.313310
2 13 -55.871346 -Inf
2 14 -71.838312 -297.089257
2 15 -30.083307 -316.129535
2 16 -70.349243 -Inf
2 17 -69.974736 -Inf
2 18 -51.406680 -Inf
2 19 -57.068040 -Inf
2 20 -84.815583 -Inf
2 1  3 -23.741422 -662.547366
2 1  4 -25.412872 -401.668386
2 1  5 -17.909422 -0.225047
2 1  6 -22.840648 -589.887108
2 1  7 -19.059113 -0.224871
2 1  8 -15.823323 -0.225047
2 1  9 -18.956553 -0.115048
2 1  10 -23.677890 -Inf
2 1  11 -19.712653 -288.995717
2 1  12 -21.404931 -708.425834
2 1  13 -22.401842 -Inf
2 1  14 -25.524739 -297.201781
2 1  15 -19.761893 -316.242058
2 1  16 -23.150136 -Inf
2 1  17 -22.973209 -Inf
2 1  18 -26.384839 -Inf
2 1  19 -23.496240 -Inf
2 1  20 -26.733353 -Inf
2 3  4 -30.711951 -1063.990705
2 3  5 -27.424459 -662.547366
2 3  6 -36.367902 -1252.209427
2 3  7 -25.146909 -662.547190
2 3  8 -18.935573 -662.547366
2 3  9 -19.057722 -662.437367
2 3  10 -48.456384 -Inf
2 3  11 -41.259171 -951.318036
2 3  12 -34.915397 -1370.748153
2 3  13 -39.827303 -Inf
2 3  14 -55.579913 -959.524100
2 3  15 -25.640528 -978.564377
2 3  16 -45.052616 -Inf
2 3  17 -53.071087 -Inf
2 3  18 -41.953977 -Inf
2 3  19 -41.283467 -Inf
2 3  20 -54.881696 -Inf
2 4  5 -17.977593 -401.668386
2 4  6 -27.045243 -991.330447
2 4  7 -20.427311 -401.668210
2 4  8 -17.968990 -401.668386
2 4  9 -22.860561 -401.558387
2 4  10 -31.111385 -Inf
2 4  11 -19.193540 -690.439056
2 4  12 -26.235080 -1109.869172
2 4  13 -32.000377 -Inf
2 4  14 -30.725242 -698.645119
2 4  15 -23.021673 -717.685397
2 4  16 -31.667656 -Inf
2 4  17 -29.114896 -Inf
2 4  18 -29.580460 -Inf
2 4  19 -31.999742 -Inf
2 4  20 -33.000746 -Inf
2 5  6 -24.531624 -589.887108
2 5  7 -26.474843 -0.224871
2 5  8 -12.945578 -0.225047
2 5  9 -41.835676 -0.115048
2 5  10 -27.716177 -Inf
2 5  11 -23.003194 -288.995717
2 5  12 -26.320792 -708.425834
2 5  13 -26.657608 -Inf
2 5  14 -34.997474 -297.201781
2 5  15 -13.516880 -316.242058
2 5  16 -40.783467 -Inf
2 5  17 -23.599353 -Inf
2 5  18 -26.986954 -Inf
2 5  19 -27.874344 -Inf
2 5  20 -45.068655 -Inf
2 6  7 -23.520380 -589.886932
2 6  8 -14.442688 -589.887108
2 6  9 -28.310961 -589.777109
2 6  10 -42.248202 -Inf
2 6  11 -32.188443 -878.657778
2 6  12 -33.775597 -1298.087895
2 6  13 -39.284132 -Inf
2 6  14 -34.954957 -886.863842
2 6  15 -19.401511 -905.904120
2 6  16 -40.119068 -Inf
2 6  17 -34.750241 -Inf
2 6  18 -39.342435 -Inf
2 6  19 -40.180331 -Inf
2 6  20 -37.588347 -Inf
2 7  8 -17.019056 -0.224871
2 7  9 -29.336930 -0.114872
2 7  10 -23.906632 -Inf
2 7  11 -19.866184 -288.995541
2 7  12 -23.336789 -708.425658
2 7  13 -26.547370 -Inf
2 7  14 -25.244696 -297.201605
2 7  15 -20.355668 -316.241882
2 7  16 -33.081789 -Inf
2 7  17 -27.617516 -Inf
2 7  18 -25.200793 -Inf
2 7  19 -27.188376 -Inf
2 7  20 -39.201325 -Inf
2 8  9 -14.330292 -0.115048
2 8  10 -18.320360 -Inf
2 8  11 -15.528865 -288.995717
2 8  12 -13.816916 -708.425834
2 8  13 -15.393916 -Inf
2 8  14 -17.790702 -297.201781
2 8  15 -22.831345 -316.242058
2 8  16 -17.263115 -Inf
2 8  17 -19.271379 -Inf
2 8  18 -16.107820 -Inf
2 8  19 -16.130738 -Inf
2 8  20 -20.427815 -Inf
2 9  10 -35.640433 -Inf
2 9  11 -33.512390 -288.885718
2 9  12 -30.523125 -708.315835
2 9  13 -31.988040 -Inf
2 9  14 -35.691713 -297.091782
2 9  15 -18.134405 -316.132059
2 9  16 -45.369005 -Inf
2 9  17 -32.752300 -Inf
2 9  18 -33.730550 -Inf
2 9  19 -32.497693 -Inf
2 9  20 -44.754486 -Inf
2 10  11 -39.864542 -Inf
2 10  12 -37.687557 -Inf
2 10  13 -49.410984 -Inf
2 10  14 -43.980965 -Inf
2 10  15 -25.211443 -Inf
2 10  16 -51.162905 -Inf
2 10  17 -49.000115 -Inf
2 10  18 -44.316790 -Inf
2 10  19 -50.824596 -Inf
2 10  20 -49.270579 -Inf
2 11  12 -30.389807 -997.196504
2 11  13 -40.572652 -Inf
2 11  14 -51.453479 -585.972451
2 11  15 -17.160763 -605.012728
2 11  16 -37.422890 -Inf
2 11  17 -46.152086 -Inf
2 11  18 -36.822093 -Inf
2 11  19 -42.806914 -Inf
2 11  20 -57.878154 -Inf
2 12  13 -38.578795 -Inf
2 12  14 -33.442927 -1005.402567
2 12  15 -17.531255 -1024.442845
2 12  16 -36.954015 -Inf
2 12  17 -32.632601 -Inf
2 12  18 -42.336088 -Inf
2 12  19 -38.710010 -Inf
2 12  20 -39.748543 -Inf
2 13  14 -45.458376 -Inf
2 13  15 -20.796520 -Inf
2 13  16 -45.216423 -Inf
2 13  17 -46.960453 -Inf
2 13  18 -43.070270 -Inf
2 13  19 -55.196336 -Inf
2 13  20 -49.146039 -Inf
2 14  15 -25.104092 -613.218792
2 14  16 -48.483840 -Inf
2 14  17 -52.997176 -Inf
2 14  18 -40.162008 -Inf
2 14  19 -46.992641 -Inf
2 14  20 -65.405448 -Inf
2 15  16 -24.619214 -Inf
2 15  17 -23.823294 -Inf
2 15  18 -19.774185 -Inf
2 15  19 -21.580280 -Inf
2 15  20 -26.667636 -Inf
2 16  17 -45.670277 -Inf
2 16  18 -43.773225 -Inf
2 16  19 -47.207089 -Inf
2 16  20 -54.293450 -Inf
2 17  18 -41.226623 -Inf
2 17  19 -49.064745 -Inf
2 17  20 -64.151534 -Inf
2 18  19 -44.279587 -Inf
2 18  20 -44.502631 -Inf
2 19  20 -51.545070 -Inf
3  -94.000000 0.000000
3 1 -65.977927 -Inf
3 2 -48.095509 -662.434843
3 4 -58.235289 -Inf
3 5 -91.552179 -Inf
3 6 -60.304939 -Inf
3 7 -85.566279 -Inf
3 8 -57.264965 -Inf
3 9 -72.061984 -0.000819
3 10 -66.255449 -245.426560
3 11 -61.623997 -Inf
3 12 -60.974672 -Inf
3 13 -58.344483 -608.424090
3 14 -57.432618 -623.429708
3 15 -58.833465 -Inf
3 16 -90.061790 -610.654863
3 17 -55.918239 -728.733366
3 18 -64.047551 -Inf
3 19 -61.150579 -635.719728
3 20 -90.918386 -Inf
3 1  2 -45.089485 -Inf
3 1  4 -53.864626 -Inf
3 1  5 -53.607989 -Inf
3 1  6 -49.803707 -Inf
3 1  7 -55.682584 -Inf
3 1  8 -51.323544 -Inf
3 1  9 -30.204022 -Inf
3 1  10 -49.337451 -Inf
3 1  11 -45.930792 -Inf
3 1  12 -49.045682 -Inf
3 1  13 -46.375598 -Inf
3 1  14 -44.470869 -Inf
3 1  15 -52.491742 -Inf
3 1  16 -49.895280 -Inf
3 1  17 -49.506764 -Inf
3 1  18 -51.993451 -Inf
3 1  19 -47.561896 -Inf
3 1  20 -60.212148 -Inf
3 2  4 -45.235735 -Inf
3 2  5 -45.673843 -Inf
3 2  6 -42.410233 -Inf
3 2  7 -39.635653 -Inf
3 2  8 -45.142541 -Inf
3 2  9 -24.273320 -662.435662
3 2  10 -41.456877 -907.861403
3 2  11 -43.500347 -Inf
3 2  12 -44.894810 -Inf
3 2  13 -41.706920 -1270.858933
3 2  14 -34.493510 -1285.864551
3 2  15 -46.317410 -Inf
3 2  16 -40.207843 -1273.089705
3 2  17 -43.982779 -1391.168209
3 2  18 -45.317236 -Inf
3 2  19 -42.507769 -1298.154570
3 2  20 -45.868826 -Inf
3 4  5 -48.822198 -Inf
3 4  6 -50.917748 -Inf
3 4  7 -53.544502 -Inf
3 4  8 -48.870604 -Inf
3 4  9 -34.026386 -Inf
3 4  10 -51.985329 -Inf
3 4  11 -49.164677 -Inf
3 4  12 -51.194420 -Inf
3 4  13 -48.073772 -Inf
3 4  14 -38.828483 -Inf
3 4  15 -51.371089 -Inf
3 4  16 -50.335063 -Inf
3 4  17 -50.761928 -Inf
3 4  18 -54.088360 -Inf
3 4  19 -50.289901 -Inf
3 4  20 -50.681902 -Inf
3 5  6 -53.232568 -Inf
3 5  7 -70.374123 -Inf
3 5  8 -47.985595 -Inf
3 5  9 -61.888583 -Inf
3 5  10 -57.210913 -Inf
3 5  11 -50.815138 -Inf
3 5  12 -55.577109 -Inf
3 5  13 -52.564226 -Inf
3 5  14 -47.999822 -Inf
3 5  15 -51.374557 -Inf
3 5  16 -74.406724 -Inf
3 5  17 -52.742518 -Inf
3 5  18 -55.277759 -Inf
3 5  19 -55.128359 -Inf
3 5  20 -86.064121 -Inf
3 6  7 -56.146917 -Inf
3 6  8 -48.479119 -Inf
3 6  9 -34.812344 -Inf
3 6  10 -44.345143 -Inf
3 6  11 -46.802517 -Inf
3 6  12 -53.183997 -Inf
3 6  13 -56.424135 -Inf
3 6  14 -46.850523 -Inf
3 6  15 -50.177280 -Inf
3 6  16 -47.863698 -Inf
3 6  17 -47.152992 -Inf
3 6  18 -55.137477 -Inf
3 6  19 -58.076867 -Inf
3 6  20 -57.452411 -Inf
3 7  8 -50.782135 -Inf
3 7  9 -48.679602 -Inf
3 7  10 -50.460478 -Inf
3 7  11 -51.306650 -Inf
3 7  12 -54.826253 -Inf
3 7  13 -51.947514 -Inf
3 7  14 -48.164623 -Inf
3 7  15 -50.020868 -Inf
3 7  16 -68.600762 -Inf
3 7  17 -52.808081 -Inf
3 7  18 -57.852805 -Inf
3 7  19 -55.757230 -Inf
3 7  20 -77.241732 -Inf
3 8  9 -32.632466 -Inf
3 8  10 -49.236216 -Inf
3 8  11 -48.353693 -Inf
3 8  12 -48.359676 -Inf
3 8  13 -45.145074 -Inf
3 8  14 -37.334096 -Inf
3 8  15 -56.276208 -Inf
3 8  16 -48.059030 -Inf
3 8  17 -48.040531 -Inf
3 8  18 -52.631090 -Inf
3 8  19 -46.867378 -Inf
3 8  20 -53.059601 -Inf
3 9  10 -47.771957 -245.427379
3 9  11 -42.858254 -Inf
3 9  12 -36.394295 -Inf
3 9  13 -38.668356 -608.424909
3 9  14 -40.239447 -623.430527
3 9  15 -34.210465 -Inf
3 9  16 -57.840958 -610.655682
3 9  17 -41.751943 -728.734186
3 9  18 -38.527871 -Inf
3 9  19 -38.620122 -635.720547
3 9  20 -51.162258 -Inf
3 10  11 -53.258259 -Inf
3 10  12 -46.229581 -Inf
3 10  13 -49.660258 -853.850650
3 10  14 -48.489545 -868.856268
3 10  15 -53.275161 -Inf
3 10  16 -59.613145 -856.081423
3 10  17 -52.414982 -974.159927
3 10  18 -51.025179 -Inf
3 10  19 -53.216117 -881.146288
3 10  20 -59.717519 -Inf
3 11  12 -48.504091 -Inf
3 11  13 -45.276126 -Inf
3 11  14 -43.311253 -Inf
3 11  15 -51.356620 -Inf
3 11  16 -48.586459 -Inf
3 11  17 -53.776748 -Inf
3 11  18 -51.332069 -Inf
3 11  19 -47.859345 -Inf
3 11  20 -57.795423 -Inf
3 12  13 -49.240505 -Inf
3 12  14 -45.203340 -Inf
3 12  15 -50.899736 -Inf
3 12  16 -54.345806 -Inf
3 12  17 -48.646254 -Inf
3 12  18 -57.238276 -Inf
3 12  19 -52.181268 -Inf
3 12  20 -55.081560 -Inf
3 13  14 -46.804226 -1231.853798
3 13  15 -46.061430 -Inf
3 13  16 -51.550204 -1219.078953
3 13  17 -42.544049 -1337.157457
3 13  18 -52.631928 -Inf
3 13  19 -56.967375 -1244.143818
3 13  20 -55.723963 -Inf
3 14  15 -39.388730 -Inf
3 14  16 -51.743674 -1234.084571
3 14  17 -38.602151 -1352.163074
3 14  18 -49.778778 -Inf
3 14  19 -48.814108 -1259.149436
3 14  20 -51.002298 -Inf
3 15  16 -53.376142 -Inf
3 15  17 -47.896815 -Inf
3 15  18 -53.221372 -Inf
3 15  19 -48.230847 -Inf
3 15  20 -54.891631 -Inf
3 16  17 -51.090432 -1339.388229
3 16  18 -58.752854 -Inf
3 16  19 -53.258686 -1246.374591
3 16  20 -66.863659 -Inf
3 17  18 -50.107685 -Inf
3 17  19 -45.562008 -1364.453094
3 17  20 -54.156130 -Inf
3 18  19 -55.690587 -Inf
3 18  20 -62.214551 -Inf
3 19  20 -57.975850 -Inf
4  -94.000000 0.000000
4 1 -37.715320 -Inf
4 2 -30.262285 -401.555862
4 3 -57.604337 -Inf
4 5 -86.074390 -Inf
4 6 -50.554793 -Inf
4 7 -64.247206 -621.216045
4 8 -36.323721 -480.186037
4 9 -83.530965 -Inf
4 10 -57.507288 -Inf
4 11 -69.654109 -Inf
4 12 -52.653879 -Inf
4 13 -54.489978 -Inf
4 14 -66.916434 -636.831085
4 15 -36.874171 -572.619525
4 16 -78.689324 -Inf
4 17 -54.366120 -Inf
4 18 -54.428250 -Inf
4 19 -55.636898 -Inf
4 20 -79.312493 -Inf
4 1  2 -27.147841 -Inf
4 1  3 -28.195842 -Inf
4 1  5 -31.887475 -Inf
4 1  6 -25.506937 -Inf
4 1  7 -32.892006 -Inf
4 1  8 -22.511092 -Inf
4 1  9 -28.509608 -Inf
4 1  10 -28.226112 -Inf
4 1  11 -25.015037 -Inf
4 1  12 -26.953402 -Inf
4 1  13 -25.297204 -Inf
4 1  14 -30.452531 -Inf
4 1  15 -25.216716 -Inf
4 1  16 -29.597377 -Inf
4 1  17 -25.920820 -Inf
4 1  18 -27.920691 -Inf
4 1  19 -26.104919 -Inf
4 1  20 -30.744283 -Inf
4 2  3 -27.866635 -Inf
4 2  5 -25.204759 -Inf
4 2  6 -24.440588 -Inf
4 2  7 -24.993174 -1022.771907
4 2  8 -25.676366 -881.741899
4 2  9 -28.152382 -Inf
4 2  10 -25.357331 -Inf
4 2  11 -20.580470 -Inf
4 2  12 -25.780730 -Inf
4 2  13 -25.241135 -Inf
4 2  14 -23.515596 -1038.386947
4 2  15 -26.554790 -974.175387
4 2  16 -24.873990 -Inf
4 2  17 -25.165326 -Inf
4 2  18 -25.629042 -Inf
4 2  19 -25.884920 -Inf
4 2  20 -24.179548 -Inf
4 3  5 -44.427176 -Inf
4 3  6 -41.246626 -Inf
4 3  7 -37.669006 -Inf
4 3  8 -28.226597 -Inf
4 3  9 -30.998805 -Inf
4 3  10 -49.549891 -Inf
4 3  11 -44.562882 -Inf
4 3  12 -42.198031 -Inf
4 3  13 -43.241899 -Inf
4 3  14 -44.367927 -Inf
4 3  15 -29.341798 -Inf
4 3  16 -48.749883 -Inf
4 3  17 -44.563994 -Inf
4 3  18 -42.818781 -Inf
4 3  19 -45.082708 -Inf
4 3  20 -48.077159 -Inf
4 5  6 -45.495157 -Inf
4 5  7 -57.038818 -Inf
4 5  8 -28.454201 -Inf
4 5  9 -70.079413 -Inf
4 5  10 -46.384327 -Inf
4 5  11 -20.405178 -Inf
4 5  12 -48.586269 -Inf
4 5  13 -46.695813 -Inf
4 5  14 -53.752875 -Inf
4 5  15 -30.654842 -Inf
4 5  16 -64.937274 -Inf
4 5  17 -32.522473 -Inf
4 5  18 -47.982277 -Inf
4 5  19 -48.112336 -Inf
4 5  20 -63.589327 -Inf
4 6  7 -39.526802 -Inf
4 6  8 -29.745539 -Inf
4 6  9 -44.490448 -Inf
4 6  10 -47.447873 -Inf
4 6  11 -38.554809 -Inf
4 6  12 -45.208513 -Inf
4 6  13 -46.285011 -Inf
4 6  14 -40.763533 -Inf
4 6  15 -29.964671 -Inf
4 6  16 -47.275094 -Inf
4 6  17 -35.622482 -Inf
4 6  18 -46.863478 -Inf
4 6  19 -48.119440 -Inf
4 6  20 -42.215777 -Inf
4 7  8 -31.486178 -1101.402081
4 7  9 -49.886953 -Inf
4 7  10 -38.347992 -Inf
4 7  11 -34.282077 -Inf
4 7  12 -39.533839 -Inf
4 7  13 -40.537899 -Inf
4 7  14 -39.098166 -1258.047129
4 7  15 -32.243481 -1193.835569
4 7  16 -56.407084 -Inf
4 7  17 -32.724319 -Inf
4 7  18 -40.808871 -Inf
4 7  19 -42.158092 -Inf
4 7  20 -49.950847 -Inf
4 8  9 -31.318701 -Inf
4 8  10 -33.981009 -Inf
4 8  11 -23.995095 -Inf
4 8  12 -32.225931 -Inf
4 8  13 -29.555045 -Inf
4 8  14 -28.513811 -1117.017121
4 8  15 -33.219952 -1052.805561
4 8  16 -32.004836 -Inf
4 8  17 -26.599008 -Inf
4 8  18 -30.183419 -Inf
4 8  19 -30.156540 -Inf
4 8  20 -31.890059 -Inf
4 9  10 -46.831323 -Inf
4 9  11 -41.803379 -Inf
4 9  12 -47.266577 -Inf
4 9  13 -47.900963 -Inf
4 9  14 -50.398010 -Inf
4 9  15 -30.891622 -Inf
4 9  16 -58.922928 -Inf
4 9  17 -35.393362 -Inf
4 9  18 -46.514345 -Inf
4 9  19 -48.307843 -Inf
4 9  20 -49.132493 -Inf
4 10  11 -46.230973 -Inf
4 10  12 -47.552616 -Inf
4 10  13 -49.999582 -Inf
4 10  14 -45.066728 -Inf
4 10  15 -33.511609 -Inf
4 10  16 -51.538742 -Inf
4 10  17 -44.213961 -Inf
4 10  18 -48.839578 -Inf
4 10  19 -48.571897 -Inf
4 10  20 -48.302979 -Inf
4 11  12 -35.998821 -Inf
4 11  13 -43.974547 -Inf
4 11  14 -52.262402 -Inf
4 11  15 -28.179720 -Inf
4 11  16 -43.894448 -Inf
4 11  17 -44.652896 -Inf
4 11  18 -42.881418 -Inf
4 11  19 -46.018051 -Inf
4 11  20 -52.841778 -Inf
4 12  13 -46.482897 -Inf
4 12  14 -43.357345 -Inf
4 12  15 -31.061941 -Inf
4 12  16 -45.703670 -Inf
4 12  17 -36.869737 -Inf
4 12  18 -50.514963 -Inf
4 12  19 -48.534180 -Inf
4 12  20 -41.545059 -Inf
4 13  14 -45.178809 -Inf
4 13  15 -29.693077 -Inf
4 13  16 -47.793388 -Inf
4 13  17 -39.107522 -Inf
4 13  18 -46.035425 -Inf
4 13  19 -53.524444 -Inf
4 13  20 -44.410415 -Inf
4 14  15 -29.027647 -1209.450609
4 14  16 -50.429871 -Inf
4 14  17 -41.856520 -Inf
4 14  18 -44.302303 -Inf
4 14  19 -46.038256 -Inf
4 14  20 -58.248880 -Inf
4 15  16 -31.273904 -Inf
4 15  17 -27.857236 -Inf
4 15  18 -28.706172 -Inf
4 15  19 -30.128304 -Inf
4 15  20 -32.006836 -Inf
4 16  17 -40.714534 -Inf
4 16  18 -46.507652 -Inf
4 16  19 -50.497812 -Inf
4 16  20 -54.394437 -Inf
4 17  18 -41.504973 -Inf
4 17  19 -42.068974 -Inf
4 17  20 -45.987455 -Inf
4 18  19 -48.893437 -Inf
4 18  20 -43.184390 -Inf
4 19  20 -47.321335 -Inf
5  -94.000000 0.000000
5 1 -67.379817 -Inf
5 2 -37.372235 -0.112524
5 3 -85.402863 -Inf
5 4 -77.850931 -Inf
5 6 -76.629258 -Inf
5 7 -77.628576 -Inf
5 8 -64.186391 -616.957269
5 9 -64.038669 -484.882236
5 10 -78.136739 -Inf
5 11 -35.231256 -0.000806
5 12 -63.094469 -732.758324
5 13 -82.791782 -Inf
5 14 -91.651920 -Inf
5 15 -74.822454 -Inf
5 16 -78.098224 -Inf
5 17 -76.866505 -722.501481
5 18 -73.801201 -514.725710
5 19 -82.706821 -Inf
5 20 -92.794355 -Inf
5 1  2 -32.765194 -Inf
5 1  3 -55.310584 -Inf
5 1  4 -59.094811 -Inf
5 1  6 -57.297435 -Inf
5 1  7 -58.968169 -Inf
5 1  8 -53.175944 -Inf
5 1  9 -49.966983 -Inf
5 1  10 -52.469342 -Inf
5 1  11 -10.625542 -Inf
5 1  12 -47.109129 -Inf
5 1  13 -58.498091 -Inf
5 1  14 -53.718762 -Inf
5 1  15 -57.797555 -Inf
5 1  16 -52.917708 -Inf
5 1  17 -41.101785 -Inf
5 1  18 -57.430643 -Inf
5 1  19 -58.866394 -Inf
5 1  20 -59.900265 -Inf
5 2  3 -30.936618 -Inf
5 2  4 -32.810162 -Inf
5 2  6 -33.422167 -Inf
5 2  7 -33.479847 -Inf
5 2  8 -34.957783 -617.069793
5 2  9 -30.857868 -484.994760
5 2  10 -30.863504 -Inf
5 2  11 -10.849231 -0.113329
5 2  12 -31.939988 -732.870847
5 2  13 -33.109718 -Inf
5 2  14 -33.070207 -Inf
5 2  15 -33.831413 -Inf
5 2  16 -30.058736 -Inf
5 2  17 -28.479489 -722.614005
5 2  18 -32.242237 -514.838234
5 2  19 -33.594292 -Inf
5 2  20 -33.001526 -Inf
5 3  4 -61.704750 -Inf
5 3  6 -59.712856 -Inf
5 3  7 -57.379893 -Inf
5 3  8 -44.166857 -Inf
5 3  9 -49.523956 -Inf
5 3  10 -67.548032 -Inf
5 3  11 -19.043822 -Inf
5 3  12 -52.371841 -Inf
5 3  13 -61.922208 -Inf
5 3  14 -72.360645 -Inf
5 3  15 -56.201929 -Inf
5 3  16 -67.195193 -Inf
5 3  17 -58.663758 -Inf
5 3  18 -63.447578 -Inf
5 3  19 -61.583924 -Inf
5 3  20 -74.343567 -Inf
5 4  6 -67.174693 -Inf
5 4  7 -61.747748 -Inf
5 4  8 -53.599672 -Inf
5 4  9 -53.801350 -Inf
5 4  10 -64.175432 -Inf
5 4  11 -7.456501 -Inf
5 4  12 -55.825548 -Inf
5 4  13 -69.334869 -Inf
5 4  14 -67.683198 -Inf
5 4  15 -64.956610 -Inf
5 4  16 -64.736215 -Inf
5 4  17 -46.577473 -Inf
5 4  18 -63.471382 -Inf
5 4  19 -69.471273 -Inf
5 4  20 -66.769015 -Inf
5 6  7 -60.938889 -Inf
5 6  8 -53.832760 -Inf
5 6  9 -45.589943 -Inf
5 6  10 -61.619104 -Inf
5 6  11 -19.386102 -Inf
5 6  12 -44.605247 -Inf
5 6  13 -71.080091 -Inf
5 6  14 -64.940394 -Inf
5 6  15 -64.790499 -Inf
5 6  16 -62.661700 -Inf
5 6  17 -47.979628 -Inf
5 6  18 -58.625145 -Inf
5 6  19 -71.544905 -Inf
5 6  20 -67.914743 -Inf
5 7  8 -55.415592 -Inf
5 7  9 -54.475155 -Inf
5 7  10 -57.200081 -Inf
5 7  11 -15.540453 -Inf
5 7  12 -55.837300 -Inf
5 7  13 -65.965569 -Inf
5 7  14 -63.851263 -Inf
5 7  15 -62.123290 -Inf
5 7  16 -59.004023 -Inf
5 7  17 -53.895901 -Inf
5 7  18 -64.017856 -Inf
5 7  19 -65.668200 -Inf
5 7  20 -64.749617 -Inf
5 8  9 -44.915729 -1101.839505
5 8  10 -56.281368 -Inf
5 8  11 -13.475092 -616.958075
5 8  12 -49.455592 -1349.715593
5 8  13 -54.815920 -Inf
5 8  14 -56.264729 -Inf
5 8  15 -58.508260 -Inf
5 8  16 -56.662187 -Inf
5 8  17 -44.151237 -1339.458751
5 8  18 -53.842227 -1131.682979
5 8  19 -56.139030 -Inf
5 8  20 -54.469887 -Inf
5 9  10 -48.948751 -Inf
5 9  11 -21.423866 -484.883042
5 9  12 -44.897010 -1217.640560
5 9  13 -49.027981 -Inf
5 9  14 -50.213531 -Inf
5 9  15 -51.247493 -Inf
5 9  16 -47.541916 -Inf
5 9  17 -49.688292 -1207.383717
5 9  18 -55.002292 -999.607946
5 9  19 -50.904461 -Inf
5 9  20 -58.328567 -Inf
5 10  11 -20.773126 -Inf
5 10  12 -53.594222 -Inf
5 10  13 -70.339208 -Inf
5 10  14 -69.722436 -Inf
5 10  15 -63.342878 -Inf
5 10  16 -73.005008 -Inf
5 10  17 -53.209273 -Inf
5 10  18 -66.557840 -Inf
5 10  19 -72.076249 -Inf
5 10  20 -73.954049 -Inf
5 11  12 -16.341529 -732.759130
5 11  13 -23.940998 -Inf
5 11  14 -26.740562 -Inf
5 11  15 -14.652582 -Inf
5 11  16 -19.586557 -Inf
5 11  17 -22.934866 -722.502287
5 11  18 -19.110298 -514.726516
5 11  19 -25.235456 -Inf
5 11  20 -25.980377 -Inf
5 12  13 -53.180243 -Inf
5 12  14 -55.121724 -Inf
5 12  15 -55.565205 -Inf
5 12  16 -55.545163 -Inf
5 12  17 -36.047995 -1455.259805
5 12  18 -61.056609 -1247.484034
5 12  19 -53.261014 -Inf
5 12  20 -58.749807 -Inf
5 13  14 -71.779941 -Inf
5 13  15 -65.776391 -Inf
5 13  16 -67.280818 -Inf
5 13  17 -61.550703 -Inf
5 13  18 -67.826187 -Inf
5 13  19 -81.524717 -Inf
5 13  20 -78.165896 -Inf
5 14  15 -67.221604 -Inf
5 14  16 -67.214580 -Inf
5 14  17 -71.984660 -Inf
5 14  18 -66.563244 -Inf
5 14  19 -73.141986 -Inf
5 14  20 -86.128406 -Inf
5 15  16 -63.235361 -Inf
5 15  17 -50.872711 -Inf
5 15  18 -62.314508 -Inf
5 15  19 -66.097169 -Inf
5 15  20 -68.498084 -Inf
5 16  17 -53.374412 -Inf
5 16  18 -67.387092 -Inf
5 16  19 -70.002979 -Inf
5 16  20 -73.085822 -Inf
5 17  18 -49.729964 -1237.227191
5 17  19 -64.074965 -Inf
5 17  20 -71.635931 -Inf
5 18  19 -67.711020 -Inf
5 18  20 -69.154593 -Inf
5 19  20 -79.095040 -Inf
6  -94.000000 0.000000
6 1 -56.152171 -Inf
6 2 -43.753413 -589.774585
6 3 -65.051497 -Inf
6 4 -58.016737 -Inf
6 5 -82.704061 -Inf
6 7 -69.493340 -Inf
6 8 -56.183195 -Inf
6 9 -81.051369 -Inf
6 10 -33.297614 -455.477334
6 11 -72.584268 -Inf
6 12 -13.343712 -0.008255
6 13 -20.625187 -195.890608
6 14 -62.449824 -Inf
6 15 -57.128073 -Inf
6 16 -50.535499 -428.172513
6 17 -56.882955 -474.167673
6 18 -29.144379 -Inf
6 19 -21.920334 -687.637515
6 20 -89.834115 -Inf
6 1  2 -39.122551 -Inf
6 1  3 -43.188732 -Inf
6 1  4 -44.799216 -Inf
6 1  5 -44.832987 -Inf
6 1  7 -47.549203 -Inf
6 1  8 -44.623724 -Inf
6 1  9 -47.999880 -Inf
6 1  10 -23.878120 -Inf
6 1  11 -43.472980 -Inf
6 1  12 -11.198840 -Inf
6 1  13 -17.377552 -Inf
6 1  14 -41.610371 -Inf
6 1  15 -46.917052 -Inf
6 1  16 -23.708961 -Inf
6 1  17 -35.002020 -Inf
6 1  18 -25.105119 -Inf
6 1  19 -19.107963 -Inf
6 1  20 -49.332468 -Inf
6 2  3 -38.700862 -Inf
6 2  4 -37.864846 -Inf
6 2  5 -39.919720 -Inf
6 2  7 -39.999072 -Inf
6 2  8 -35.488428 -Inf
6 2  9 -41.059326 -Inf
6 2  10 -24.428963 -1045.251919
6 2  11 -38.939468 -Inf
6 2  12 -7.886677 -589.782839
6 2  13 -17.227114 -785.665193
6 2  14 -34.917961 -Inf
6 2  15 -38.744388 -Inf
6 2  16 -23.233504 -1017.947097
6 2  17 -27.657323 -1063.942258
6 2  18 -20.783773 -Inf
6 2  19 -17.819250 -1277.412099
6 2  20 -37.105298 -Inf
6 3  4 -47.455191 -Inf
6 3  5 -48.449653 -Inf
6 3  7 -45.296995 -Inf
6 3  8 -48.086192 -Inf
6 3  9 -40.742086 -Inf
6 3  10 -27.182732 -Inf
6 3  11 -49.694161 -Inf
6 3  12 -10.919556 -Inf
6 3  13 -19.083982 -Inf
6 3  14 -53.650496 -Inf
6 3  15 -52.266544 -Inf
6 3  16 -27.616549 -Inf
6 3  17 -44.732034 -Inf
6 3  18 -24.113142 -Inf
6 3  19 -20.057661 -Inf
6 3  20 -52.696493 -Inf
6 4  5 -46.766818 -Inf
6 4  7 -49.595923 -Inf
6 4  8 -47.246950 -Inf
6 4  9 -51.652170 -Inf
6 4  10 -26.949425 -Inf
6 4  11 -46.849396 -Inf
6 4  12 -11.549629 -Inf
6 4  13 -18.921861 -Inf
6 4  14 -40.792324 -Inf
6 4  15 -47.380502 -Inf
6 4  16 -27.055472 -Inf
6 4  17 -37.333837 -Inf
6 4  18 -25.322149 -Inf
6 4  19 -20.215568 -Inf
6 4  20 -46.844250 -Inf
6 5  7 -60.845203 -Inf
6 5  8 -45.774927 -Inf
6 5  9 -63.217217 -Inf
6 5  10 -27.200671 -Inf
6 5  11 -47.206812 -Inf
6 5  12 -7.052848 -Inf
6 5  13 -17.436687 -Inf
6 5  14 -49.252092 -Inf
6 5  15 -48.282836 -Inf
6 5  16 -44.209164 -Inf
6 5  17 -35.112227 -Inf
6 5  18 -20.000035 -Inf
6 5  19 -19.462537 -Inf
6 5  20 -70.975896 -Inf
6 7  8 -43.766197 -Inf
6 7  9 -58.340334 -Inf
6 7  10 -25.709023 -Inf
6 7  11 -47.629467 -Inf
6 7  12 -10.998347 -Inf
6 7  13 -16.832742 -Inf
6 7  14 -37.212028 -Inf
6 7  15 -44.640267 -Inf
6 7  16 -37.709031 -Inf
6 7  17 -38.614835 -Inf
6 7  18 -22.781414 -Inf
6 7  19 -17.526246 -Inf
6 7  20 -62.565140 -Inf
6 8  9 -44.949897 -Inf
6 8  10 -28.490854 -Inf
6 8  11 -46.652906 -Inf
6 8  12 -10.628428 -Inf
6 8  13 -17.104469 -Inf
6 8  14 -42.340835 -Inf
6 8  15 -52.022170 -Inf
6 8  16 -26.675947 -Inf
6 8  17 -38.490725 -Inf
6 8  18 -20.533622 -Inf
6 8  19 -18.025004 -Inf
6 8  20 -49.466529 -Inf
6 9  10 -27.274036 -Inf
6 9  11 -49.027119 -Inf
6 9  12 -10.369891 -Inf
6 9  13 -18.026307 -Inf
6 9  14 -44.396309 -Inf
6 9  15 -47.844498 -Inf
6 9  16 -34.766079 -Inf
6 9  17 -41.318367 -Inf
6 9  18 -25.164806 -Inf
6 9  19 -19.247877 -Inf
6 9  20 -61.194492 -Inf
6 10  11 -29.333774 -Inf
6 10  12 -10.464769 -455.485589
6 10  13 -13.183351 -651.367943
6 10  14 -29.451004 -Inf
6 10  15 -29.540017 -Inf
6 10  16 -30.713593 -883.649847
6 10  17 -24.696112 -929.645008
6 10  18 -19.600649 -Inf
6 10  19 -14.528046 -1143.114849
6 10  20 -30.810830 -Inf
6 11  12 -8.469929 -Inf
6 11  13 -18.931934 -Inf
6 11  14 -54.728721 -Inf
6 11  15 -50.813666 -Inf
6 11  16 -28.618508 -Inf
6 11  17 -36.879134 -Inf
6 11  18 -22.921323 -Inf
6 11  19 -20.816715 -Inf
6 11  20 -60.721693 -Inf
6 12  13 -8.537574 -195.898863
6 12  14 -10.331110 -Inf
6 12  15 -11.163904 -Inf
6 12  16 -10.607808 -428.180767
6 12  17 -8.467893 -474.175928
6 12  18 -12.705203 -Inf
6 12  19 -8.952296 -687.645769
6 12  20 -12.380276 -Inf
6 13  14 -19.589252 -Inf
6 13  15 -17.374104 -Inf
6 13  16 -12.030465 -624.063121
6 13  17 -13.587905 -670.058281
6 13  18 -15.993705 -Inf
6 13  19 -20.258249 -883.528123
6 13  20 -18.215449 -Inf
6 14  15 -42.908576 -Inf
6 14  16 -29.164431 -Inf
6 14  17 -38.847797 -Inf
6 14  18 -23.152628 -Inf
6 14  19 -20.757430 -Inf
6 14  20 -58.651736 -Inf
6 15  16 -28.170232 -Inf
6 15  17 -40.423288 -Inf
6 15  18 -23.736820 -Inf
6 15  19 -18.580232 -Inf
6 15  20 -51.367346 -Inf
6 16  17 -23.830268 -902.340186
6 16  18 -18.704923 -Inf
6 16  19 -13.749720 -1115.810027
6 16  20 -33.107786 -Inf
6 17  18 -15.069662 -Inf
6 17  19 -14.476259 -1161.805188
6 17  20 -48.955976 -Inf
6 18  19 -17.519864 -Inf
6 18  20 -25.055643 -Inf
6 19  20 -19.908008 -Inf
7  -94.000000 0.000000
7 1 -59.737127 -511.487002
7 2 -42.704304 -0.112347
7 3 -83.094261 -Inf
7 4 -63.948281 -621.216045
7 5 -77.071748 -Inf
7 6 -67.460736 -Inf
7 8 -55.086382 -Inf
7 9 -66.901599 -686.110406
7 10 -80.862373 -Inf
7 11 -89.809716 -Inf
7 12 -68.218361 -643.096798
7 13 -76.230140 -Inf
7 14 -80.465399 -286.085770
7 15 -58.828156 -Inf
7 16 -78.219050 -Inf
7 17 -78.972102 -673.267816
7 18 -75.623481 -Inf
7 19 -76.870310 -Inf
7 20 -76.527669 -624.360588
7 1  2 -35.882266 -511.599350
7 1  3 -46.079176 -Inf
7 1  4 -53.472311 -1132.703047
7 1  5 -51.667949 -Inf
7 1  6 -47.874783 -Inf
7 1  8 -42.576521 -Inf
7 1  9 -41.858561 -1197.597409
7 1  10 -52.643217 -Inf
7 1  11 -49.874091 -Inf
7 1  12 -47.989120 -1154.583800
7 1  13 -53.424415 -Inf
7 1  14 -47.034113 -797.572772
7 1  15 -45.043102 -Inf
7 1  16 -49.428079 -Inf
7 1  17 -49.113793 -1184.754818
7 1  18 -53.503859 -Inf
7 1  19 -54.144439 -Inf
7 1  20 -47.019844 -1135.847590
7 2  3 -32.169041 -Inf
7 2  4 -37.636655 -621.328392
7 2  5 -38.905501 -Inf
7 2  6 -39.086678 -Inf
7 2  8 -40.170965 -Inf
7 2  9 -35.885400 -686.222754
7 2  10 -38.592525 -Inf
7 2  11 -36.380520 -Inf
7 2  12 -37.831802 -643.209145
7 2  13 -38.558300 -Inf
7 2  14 -32.162305 -286.198118
7 2  15 -40.076291 -Inf
7 2  16 -37.562471 -Inf
7 2  17 -37.161800 -673.380163
7 2  18 -40.373832 -Inf
7 2  19 -38.733010 -Inf
7 2  20 -30.313360 -624.472935
7 3  4 -55.551057 -Inf
7 3  5 -57.912842 -Inf
7 3  6 -59.782897 -Inf
7 3  8 -47.902550 -Inf
7 3  9 -50.967079 -Inf
7 3  10 -68.830992 -Inf
7 3  11 -68.937481 -Inf
7 3  12 -61.757572 -Inf
7 3  13 -60.888786 -Inf
7 3  14 -67.354176 -Inf
7 3  15 -51.191824 -Inf
7 3  16 -65.045025 -Inf
7 3  17 -69.292669 -Inf
7 3  18 -68.060283 -Inf
7 3  19 -63.978462 -Inf
7 3  20 -64.540446 -Inf
7 4  5 -51.759553 -Inf
7 4  6 -55.000004 -Inf
7 4  8 -44.996396 -Inf
7 4  9 -44.287892 -1307.326451
7 4  10 -58.248602 -Inf
7 4  11 -50.456606 -Inf
7 4  12 -53.415891 -1264.312842
7 4  13 -59.324625 -Inf
7 4  14 -53.913315 -907.301815
7 4  15 -47.348378 -Inf
7 4  16 -55.493493 -Inf
7 4  17 -51.904128 -1294.483861
7 4  18 -59.032620 -Inf
7 4  19 -60.072634 -Inf
7 4  20 -53.066460 -1245.576632
7 5  6 -55.429096 -Inf
7 5  8 -49.590184 -Inf
7 5  9 -55.874626 -Inf
7 5  10 -62.232989 -Inf
7 5  11 -55.504383 -Inf
7 5  12 -55.554628 -Inf
7 5  13 -60.293760 -Inf
7 5  14 -63.633679 -Inf
7 5  15 -51.061463 -Inf
7 5  16 -61.966165 -Inf
7 5  17 -52.621559 -Inf
7 5  18 -62.836043 -Inf
7 5  19 -62.428681 -Inf
7 5  20 -57.737303 -Inf
7 6  8 -43.539020 -Inf
7 6  9 -49.956336 -Inf
7 6  10 -62.598077 -Inf
7 6  11 -57.952460 -Inf
7 6  12 -56.253707 -Inf
7 6  13 -59.858194 -Inf
7 6  14 -43.659537 -Inf
7 6  15 -46.276160 -Inf
7 6  16 -59.006033 -Inf
7 6  17 -58.206920 -Inf
7 6  18 -59.029144 -Inf
7 6  19 -58.962448 -Inf
7 6  20 -42.663711 -Inf
7 8  9 -43.789512 -Inf
7 8  10 -48.151430 -Inf
7 8  11 -47.304417 -Inf
7 8  12 -43.903384 -Inf
7 8  13 -46.532706 -Inf
7 8  14 -44.199885 -Inf
7 8  15 -53.005251 -Inf
7 8  16 -47.082121 -Inf
7 8  17 -43.554698 -Inf
7 8  18 -52.687699 -Inf
7 8  19 -47.864134 -Inf
7 8  20 -43.234973 -Inf
7 9  10 -57.744396 -Inf
7 9  11 -52.827863 -Inf
7 9  12 -53.084488 -1329.207204
7 9  13 -52.803746 -Inf
7 9  14 -50.206555 -972.196177
7 9  15 -46.123740 -Inf
7 9  16 -56.967798 -Inf
7 9  17 -49.471304 -1359.378222
7 9  18 -56.651020 -Inf
7 9  19 -55.471203 -Inf
7 9  20 -48.312990 -1310.470994
7 10  11 -68.380945 -Inf
7 10  12 -62.992166 -Inf
7 10  13 -70.433020 -Inf
7 10  14 -61.019501 -Inf
7 10  15 -54.440652 -Inf
7 10  16 -74.434954 -Inf
7 10  17 -68.809484 -Inf
7 10  18 -70.963484 -Inf
7 10  19 -70.725260 -Inf
7 10  20 -61.827496 -Inf
7 11  12 -58.385662 -Inf
7 11  13 -66.669605 -Inf
7 11  14 -71.391308 -Inf
7 11  15 -50.428640 -Inf
7 11  16 -63.506443 -Inf
7 11  17 -71.958801 -Inf
7 11  18 -66.497927 -Inf
7 11  19 -68.459465 -Inf
7 11  20 -64.780795 -Inf
7 12  13 -56.923625 -Inf
7 12  14 -45.884068 -929.182568
7 12  15 -48.705537 -Inf
7 12  16 -56.113999 -Inf
7 12  17 -59.704699 -1316.364613
7 12  18 -67.006096 -Inf
7 12  19 -57.315617 -Inf
7 12  20 -50.439938 -1267.457385
7 13  14 -50.695414 -Inf
7 13  15 -48.220474 -Inf
7 13  16 -65.611247 -Inf
7 13  17 -65.068735 -Inf
7 13  18 -63.407781 -Inf
7 13  19 -72.904009 -Inf
7 13  20 -55.509290 -Inf
7 14  15 -47.091107 -Inf
7 14  16 -58.673197 -Inf
7 14  17 -61.962865 -959.353586
7 14  18 -52.615745 -Inf
7 14  19 -55.358724 -Inf
7 14  20 -64.997258 -910.446358
7 15  16 -53.040350 -Inf
7 15  17 -46.545602 -Inf
7 15  18 -55.227716 -Inf
7 15  19 -49.857052 -Inf
7 15  20 -43.591415 -Inf
7 16  17 -65.130783 -Inf
7 16  18 -64.013415 -Inf
7 16  19 -63.783876 -Inf
7 16  20 -54.974888 -Inf
7 17  18 -64.022301 -Inf
7 17  19 -65.037960 -Inf
7 17  20 -64.502898 -1297.628403
7 18  19 -65.607228 -Inf
7 18  20 -56.014571 -Inf
7 19  20 -57.315128 -Inf
8  -94.000000 0.000000
8 1 -44.893046 -Inf
8 2 -23.550455 -0.112524
8 3 -61.099646 -Inf
8 4 -41.523320 -480.186037
8 5 -72.551752 -616.957269
8 6 -55.400890 -Inf
8 7 -54.527264 -Inf
8 9 -79.030889 -562.748536
8 10 -58.597664 -Inf
8 11 -79.431029 -727.036806
8 12 -54.030604 -686.685788
8 13 -64.448835 -Inf
8 14 -72.973025 -Inf
8 15 -8.947336 -0.000789
8 16 -78.456470 -Inf
8 17 -67.997226 -Inf
8 18 -60.684214 -Inf
8 19 -64.936031 -Inf
8 20 -81.753654 -Inf
8 1  2 -22.004109 -Inf
8 1  3 -35.872140 -Inf
8 1  4 -31.949713 -Inf
8 1  5 -34.992369 -Inf
8 1  6 -37.034875 -Inf
8 1  7 -31.736311 -Inf
8 1  9 -29.806953 -Inf
8 1  10 -37.635400 -Inf
8 1  11 -34.357208 -Inf
8 1  12 -36.062815 -Inf
8 1  13 -32.842368 -Inf
8 1  14 -38.436107 -Inf
8 1  15 -7.912568 -Inf
8 1  16 -38.268722 -Inf
8 1  17 -34.493373 -Inf
8 1  18 -38.813274 -Inf
8 1  19 -34.120520 -Inf
8 1  20 -36.222067 -Inf
8 2  3 -22.452599 -Inf
8 2  4 -20.893689 -480.298560
8 2  5 -21.859046 -617.069793
8 2  6 -20.337126 -Inf
8 2  7 -21.933833 -Inf
8 2  9 -20.568904 -562.861059
8 2  10 -19.751494 -Inf
8 2  11 -21.511114 -727.149330
8 2  12 -19.678415 -686.798312
8 2  13 -20.404789 -Inf
8 2  14 -18.610956 -Inf
8 2  15 -6.464851 -0.113313
8 2  16 -19.435685 -Inf
8 2  17 -21.662526 -Inf
8 2  18 -20.324268 -Inf
8 2  19 -20.807954 -Inf
8 2  20 -17.816157 -Inf
8 3  4 -35.884551 -Inf
8 3  5 -37.955956 -Inf
8 3  6 -44.684596 -Inf
8 3  7 -32.140521 -Inf
8 3  9 -34.114834 -Inf
8 3  10 -50.367362 -Inf
8 3  11 -48.149989 -Inf
8 3  12 -43.994114 -Inf
8 3  13 -47.740495 -Inf
8 3  14 -56.998724 -Inf
8 3  15 -8.484258 -Inf
8 3  16 -50.356902 -Inf
8 3  17 -51.821016 -Inf
8 3  18 -49.560715 -Inf
8 3  19 -48.519431 -Inf
8 3  20 -51.427068 -Inf
8 4  5 -29.420679 -1097.143306
8 4  6 -34.210366 -Inf
8 4  7 -27.217927 -Inf
8 4  9 -32.178934 -1042.934572
8 4  10 -35.483684 -Inf
8 4  11 -29.624412 -1207.222843
8 4  12 -33.336890 -1166.871825
8 4  13 -37.551435 -Inf
8 4  14 -38.209870 -Inf
8 4  15 -7.399218 -480.186826
8 4  16 -37.334229 -Inf
8 4  17 -33.890603 -Inf
8 4  18 -35.609886 -Inf
8 4  19 -37.671613 -Inf
8 4  20 -35.095200 -Inf
8 5  6 -39.357021 -Inf
8 5  7 -42.500395 -Inf
8 5  9 -61.357809 -1179.705805
8 5  10 -44.063473 -Inf
8 5  11 -36.213919 -1343.994076
8 5  12 -41.467696 -1303.643058
8 5  13 -43.795521 -Inf
8 5  14 -48.197771 -Inf
8 5  15 -6.606358 -616.958058
8 5  16 -62.529813 -Inf
8 5  17 -35.475841 -Inf
8 5  18 -42.398897 -Inf
8 5  19 -44.252832 -Inf
8 5  20 -57.831630 -Inf
8 6  7 -33.775509 -Inf
8 6  9 -41.152492 -Inf
8 6  10 -50.232109 -Inf
8 6  11 -46.087016 -Inf
8 6  12 -47.190468 -Inf
8 6  13 -47.125758 -Inf
8 6  14 -44.101070 -Inf
8 6  15 -8.098498 -Inf
8 6  16 -51.939161 -Inf
8 6  17 -46.257840 -Inf
8 6  18 -47.310458 -Inf
8 6  19 -46.657437 -Inf
8 6  20 -44.551176 -Inf
8 7  9 -42.112870 -Inf
8 7  10 -30.623771 -Inf
8 7  11 -32.674982 -Inf
8 7  12 -32.220433 -Inf
8 7  13 -35.325411 -Inf
8 7  14 -33.487539 -Inf
8 7  15 -7.972868 -Inf
8 7  16 -43.424343 -Inf
8 7  17 -32.189552 -Inf
8 7  18 -37.422071 -Inf
8 7  19 -36.176041 -Inf
8 7  20 -46.465843 -Inf
8 9  10 -44.627035 -Inf
8 9  11 -45.248499 -1289.785342
8 9  12 -44.421087 -1249.434324
8 9  13 -46.573857 -Inf
8 9  14 -45.997242 -Inf
8 9  15 -7.715838 -562.749325
8 9  16 -57.540167 -Inf
8 9  17 -41.574998 -Inf
8 9  18 -47.522106 -Inf
8 9  19 -46.450861 -Inf
8 9  20 -52.019343 -Inf
8 10  11 -48.223999 -Inf
8 10  12 -47.461766 -Inf
8 10  13 -57.168993 -Inf
8 10  14 -46.752177 -Inf
8 10  15 -8.018177 -Inf
8 10  16 -55.664045 -Inf
8 10  17 -48.966393 -Inf
8 10  18 -52.788778 -Inf
8 10  19 -57.648291 -Inf
8 10  20 -49.791865 -Inf
8 11  12 -42.387660 -1413.722595
8 11  13 -55.636504 -Inf
8 11  14 -62.301829 -Inf
8 11  15 -7.550651 -727.037596
8 11  16 -46.630663 -Inf
8 11  17 -51.769215 -Inf
8 11  18 -49.168611 -Inf
8 11  19 -56.522003 -Inf
8 11  20 -62.109376 -Inf
8 12  13 -48.045634 -Inf
8 12  14 -40.382771 -Inf
8 12  15 -6.919807 -686.686578
8 12  16 -49.637192 -Inf
8 12  17 -42.845992 -Inf
8 12  18 -50.492409 -Inf
8 12  19 -46.887543 -Inf
8 12  20 -43.471279 -Inf
8 13  14 -56.819621 -Inf
8 13  15 -7.716631 -Inf
8 13  16 -55.834132 -Inf
8 13  17 -56.227351 -Inf
8 13  18 -51.974253 -Inf
8 13  19 -63.844263 -Inf
8 13  20 -55.603201 -Inf
8 14  15 -8.244282 -Inf
8 14  16 -53.793403 -Inf
8 14  17 -54.904768 -Inf
8 14  18 -48.587374 -Inf
8 14  19 -56.881807 -Inf
8 14  20 -63.559453 -Inf
8 15  16 -8.304856 -Inf
8 15  17 -7.745408 -Inf
8 15  18 -8.000919 -Inf
8 15  19 -8.238646 -Inf
8 15  20 -8.095483 -Inf
8 16  17 -48.096618 -Inf
8 16  18 -52.547747 -Inf
8 16  19 -57.189095 -Inf
8 16  20 -55.917688 -Inf
8 17  18 -48.617007 -Inf
8 17  19 -56.767434 -Inf
8 17  20 -57.511420 -Inf
8 18  19 -51.682696 -Inf
8 18  20 -50.416778 -Inf
8 19  20 -57.438728 -Inf
9  -94.000000 0.000000
9 1 -79.312089 -Inf
9 2 -48.725434 -0.002525
9 3 -69.638159 -0.000819
9 4 -73.237471 -Inf
9 5 -69.585443 -484.882236
9 6 -73.604496 -Inf
9 7 -71.639228 -686.110406
9 8 -68.894641 -562.748536
9 10 -79.013628 -Inf
9 11 -77.733978 -707.497806
9 12 -70.905258 -693.419485
9 13 -70.926181 -Inf
9 14 -88.120681 -Inf
9 15 -73.785761 -Inf
9 16 -82.470167 -Inf
9 17 -81.858599 -Inf
9 18 -77.092625 -Inf
9 19 -79.950701 -Inf
9 20 -90.377275 -Inf
9 1  2 -45.486166 -Inf
9 1  3 -31.744340 -Inf
9 1  4 -63.334629 -Inf
9 1  5 -59.745751 -Inf
9 1  6 -64.267227 -Inf
9 1  7 -61.095925 -Inf
9 1  8 -58.231013 -Inf
9 1  10 -61.772982 -Inf
9 1  11 -57.036702 -Inf
9 1  12 -61.265870 -Inf
9 1  13 -57.837482 -Inf
9 1  14 -58.338776 -Inf
9 1  15 -58.875011 -Inf
9 1  16 -63.944467 -Inf
9 1  17 -60.286256 -Inf
9 1  18 -66.468610 -Inf
9 1  19 -65.714297 -Inf
9 1  20 -63.508724 -Inf
9 2  3 -22.189448 -0.003344
9 2  4 -44.645208 -Inf
9 2  5 -44.577794 -484.884760
9 2  6 -43.060891 -Inf
9 2  7 -41.574546 -686.112931
9 2  8 -43.561205 -562.751060
9 2  10 -44.370638 -Inf
9 2  11 -41.888068 -707.500330
9 2  12 -45.056581 -693.422010
9 2  13 -40.766281 -Inf
9 2  14 -37.696894 -Inf
9 2  15 -45.635535 -Inf
9 2  16 -43.266686 -Inf
9 2  17 -43.912689 -Inf
9 2  18 -45.043506 -Inf
9 2  19 -44.480506 -Inf
9 2  20 -43.293617 -Inf
9 3  4 -39.739936 -Inf
9 3  5 -44.606683 -484.883055
9 3  6 -37.482039 -Inf
9 3  7 -40.668355 -686.111225
9 3  8 -39.288680 -562.749355
9 3  10 -47.688414 -Inf
9 3  11 -53.118702 -707.498625
9 3  12 -37.615427 -693.420304
9 3  13 -40.715754 -Inf
9 3  14 -62.242805 -Inf
9 3  15 -42.779615 -Inf
9 3  16 -47.990255 -Inf
9 3  17 -58.736088 -Inf
9 3  18 -43.080267 -Inf
9 3  19 -42.267622 -Inf
9 3  20 -56.427931 -Inf
9 4  5 -55.892063 -Inf
9 4  6 -66.116456 -Inf
9 4  7 -54.127818 -Inf
9 4  8 -55.779563 -Inf
9 4  10 -65.995891 -Inf
9 4  11 -55.343967 -Inf
9 4  12 -62.022583 -Inf
9 4  13 -60.922919 -Inf
9 4  14 -62.120221 -Inf
9 4  15 -63.103243 -Inf
9 4  16 -65.774419 -Inf
9 4  17 -61.460548 -Inf
9 4  18 -65.183051 -Inf
9 4  19 -67.360838 -Inf
9 4  20 -60.256875 -Inf
9 5  6 -54.908374 -Inf
9 5  7 -57.888315 -1170.992642
9 5  8 -56.683538 -1047.630772
9 5  10 -55.974473 -Inf
9 5  11 -60.088441 -1192.380042
9 5  12 -55.829910 -1178.301721
9 5  13 -49.331034 -Inf
9 5  14 -54.645460 -Inf
9 5  15 -58.658776 -Inf
9 5  16 -59.041621 -Inf
9 5  17 -56.923628 -Inf
9 5  18 -58.069046 -Inf
9 5  19 -58.004144 -Inf
9 5  20 -63.161278 -Inf
9 6  7 -57.136691 -Inf
9 6  8 -58.133838 -Inf
9 6  10 -62.279614 -Inf
9 6  11 -58.868955 -Inf
9 6  12 -58.391912 -Inf
9 6  13 -56.952474 -Inf
9 6  14 -53.666962 -Inf
9 6  15 -60.713226 -Inf
9 6  16 -61.083907 -Inf
9 6  17 -65.045838 -Inf
9 6  18 -65.738186 -Inf
9 6  19 -66.816553 -Inf
9 6  20 -62.036166 -Inf
9 7  8 -56.916987 -1248.858942
9 7  10 -57.372975 -Inf
9 7  11 -52.649413 -1393.608212
9 7  12 -58.045236 -1379.529892
9 7  13 -54.099028 -Inf
9 7  14 -53.664766 -Inf
9 7  15 -58.802861 -Inf
9 7  16 -62.499434 -Inf
9 7  17 -58.940412 -Inf
9 7  18 -60.589564 -Inf
9 7  19 -61.519300 -Inf
9 7  20 -64.745129 -Inf
9 8  10 -61.491039 -Inf
9 8  11 -55.297124 -1270.246342
9 8  12 -58.561002 -1256.168021
9 8  13 -52.415941 -Inf
9 8  14 -57.578603 -Inf
9 8  15 -66.740765 -Inf
9 8  16 -61.671828 -Inf
9 8  17 -58.712212 -Inf
9 8  18 -63.040895 -Inf
9 8  19 -58.612630 -Inf
9 8  20 -60.796731 -Inf
9 10  11 -63.408049 -Inf
9 10  12 -63.526806 -Inf
9 10  13 -62.629903 -Inf
9 10  14 -65.838921 -Inf
9 10  15 -66.924105 -Inf
9 10  16 -76.980403 -Inf
9 10  17 -67.959510 -Inf
9 10  18 -70.083782 -Inf
9 10  19 -70.481327 -Inf
9 10  20 -68.885317 -Inf
9 11  12 -59.309345 -1400.917291
9 11  13 -54.677027 -Inf
9 11  14 -58.097845 -Inf
9 11  15 -57.078547 -Inf
9 11  16 -63.128303 -Inf
9 11  17 -68.361531 -Inf
9 11  18 -62.916892 -Inf
9 11  19 -64.193785 -Inf
9 11  20 -64.342450 -Inf
9 12  13 -54.454933 -Inf
9 12  14 -53.298403 -Inf
9 12  15 -61.251828 -Inf
9 12  16 -63.412636 -Inf
9 12  17 -63.645172 -Inf
9 12  18 -69.000905 -Inf
9 12  19 -60.147457 -Inf
9 12  20 -62.212027 -Inf
9 13  14 -58.697708 -Inf
9 13  15 -53.894698 -Inf
9 13  16 -57.955181 -Inf
9 13  17 -61.721076 -Inf
9 13  18 -60.332326 -Inf
9 13  19 -69.383866 -Inf
9 13  20 -63.425867 -Inf
9 14  15 -64.000238 -Inf
9 14  16 -64.327714 -Inf
9 14  17 -69.469178 -Inf
9 14  18 -62.034838 -Inf
9 14  19 -63.779404 -Inf
9 14  20 -72.893792 -Inf
9 15  16 -65.848976 -Inf
9 15  17 -62.141096 -Inf
9 15  18 -65.021609 -Inf
9 15  19 -61.257626 -Inf
9 15  20 -64.040270 -Inf
9 16  17 -66.218758 -Inf
9 16  18 -70.203744 -Inf
9 16  19 -67.859315 -Inf
9 16  20 -70.044752 -Inf
9 17  18 -68.470906 -Inf
9 17  19 -70.345371 -Inf
9 17  20 -75.687009 -Inf
9 18  19 -69.241878 -Inf
9 18  20 -68.256162 -Inf
9 19  20 -71.234505 -Inf
10  -94.000000 0.000000
10 1 -62.730657 -Inf
10 2 -36.999320 -Inf
10 3 -37.831116 -245.426560
10 4 -43.731239 -Inf
10 5 -88.626336 -Inf
10 6 -21.951863 -455.477334
10 7 -82.755848 -Inf
10 8 -38.146705 -Inf
10 9 -83.142784 -Inf
10 11 -52.383925 -Inf
10 12 -25.494571 -Inf
10 13 -29.484593 -Inf
10 14 -48.675247 -Inf
10 15 -38.113618 -Inf
10 16 -52.870708 -0.000788
10 17 -44.053479 -715.458940
10 18 -29.938769 -Inf
10 19 -29.288396 -670.656646
10 20 -86.914442 -Inf
10 1  2 -30.561023 -Inf
10 1  3 -28.339989 -Inf
10 1  4 -35.575345 -Inf
10 1  5 -37.350886 -Inf
10 1  6 -18.355001 -Inf
10 1  7 -53.029579 -Inf
10 1  8 -32.107512 -Inf
10 1  9 -35.071925 -Inf
10 1  11 -32.398425 -Inf
10 1  12 -21.464806 -Inf
10 1  13 -23.655872 -Inf
10 1  14 -36.964268 -Inf
10 1  15 -33.452504 -Inf
10 1  16 -10.158675 -Inf
10 1  17 -32.680368 -Inf
10 1  18 -27.069809 -Inf
10 1  19 -24.451722 -Inf
10 1  20 -48.449172 -Inf
10 2  3 -28.603251 -Inf
10 2  4 -32.327766 -Inf
10 2  5 -31.107620 -Inf
10 2  6 -19.108747 -Inf
10 2  7 -31.329456 -Inf
10 2  8 -29.881446 -Inf
10 2  9 -31.104719 -Inf
10 2  11 -29.824135 -Inf
10 2  12 -21.341020 -Inf
10 2  13 -25.134704 -Inf
10 2  14 -29.725430 -Inf
10 2  15 -31.101554 -Inf
10 2  16 -5.069058 -Inf
10 2  17 -28.897723 -Inf
10 2  18 -26.253358 -Inf
10 2  19 -25.834391 -Inf
10 2  20 -31.114271 -Inf
10 3  4 -30.432481 -Inf
10 3  5 -31.046779 -Inf
10 3  6 -13.707255 -700.903895
10 3  7 -29.135031 -Inf
10 3  8 -28.346239 -Inf
10 3  9 -26.644492 -Inf
10 3  11 -31.267117 -Inf
10 3  12 -16.907290 -Inf
10 3  13 -20.088884 -Inf
10 3  14 -31.458316 -Inf
10 3  15 -29.746338 -Inf
10 3  16 -4.122823 -245.427349
10 3  17 -29.933990 -960.885500
10 3  18 -19.281649 -Inf
10 3  19 -20.180817 -916.083207
10 3  20 -31.183284 -Inf
10 4  5 -35.150226 -Inf
10 4  6 -18.744461 -Inf
10 4  7 -38.572376 -Inf
10 4  8 -33.781116 -Inf
10 4  9 -36.377484 -Inf
10 4  11 -34.443072 -Inf
10 4  12 -22.227373 -Inf
10 4  13 -24.752885 -Inf
10 4  14 -29.167239 -Inf
10 4  15 -33.543722 -Inf
10 4  16 -4.598682 -Inf
10 4  17 -34.220672 -Inf
10 4  18 -26.574804 -Inf
10 4  19 -25.867558 -Inf
10 4  20 -35.052999 -Inf
10 5  6 -18.179536 -Inf
10 5  7 -75.302711 -Inf
10 5  8 -32.008481 -Inf
10 5  9 -69.801760 -Inf
10 5  11 -32.667797 -Inf
10 5  12 -21.029166 -Inf
10 5  13 -23.716216 -Inf
10 5  14 -35.866022 -Inf
10 5  15 -32.020591 -Inf
10 5  16 -49.038169 -Inf
10 5  17 -30.323658 -Inf
10 5  18 -24.575510 -Inf
10 5  19 -25.268691 -Inf
10 5  20 -67.270410 -Inf
10 6  7 -19.632289 -Inf
10 6  8 -18.623184 -Inf
10 6  9 -17.336106 -Inf
10 6  11 -18.145869 -Inf
10 6  12 -19.852186 -Inf
10 6  13 -18.744003 -Inf
10 6  14 -18.187835 -Inf
10 6  15 -18.906603 -Inf
10 6  16 -3.847863 -455.478123
10 6  17 -19.118635 -1170.936274
10 6  18 -20.212143 -Inf
10 6  19 -19.683053 -1126.133981
10 6  20 -18.939009 -Inf
10 7  8 -30.272558 -Inf
10 7  9 -56.234362 -Inf
10 7  11 -34.761647 -Inf
10 7  12 -21.839207 -Inf
10 7  13 -25.949862 -Inf
10 7  14 -32.776928 -Inf
10 7  15 -32.611376 -Inf
10 7  16 -45.810702 -Inf
10 7  17 -31.813789 -Inf
10 7  18 -26.556865 -Inf
10 7  19 -25.945749 -Inf
10 7  20 -71.035281 -Inf
10 8  9 -30.706468 -Inf
10 8  11 -33.473229 -Inf
10 8  12 -21.706773 -Inf
10 8  13 -24.075350 -Inf
10 8  14 -29.604601 -Inf
10 8  15 -34.411027 -Inf
10 8  16 -4.660266 -Inf
10 8  17 -29.505635 -Inf
10 8  18 -24.776890 -Inf
10 8  19 -24.058109 -Inf
10 8  20 -32.651837 -Inf
10 9  11 -32.447063 -Inf
10 9  12 -20.037793 -Inf
10 9  13 -21.977474 -Inf
10 9  14 -33.414905 -Inf
10 9  15 -30.476521 -Inf
10 9  16 -25.418481 -Inf
10 9  17 -31.466651 -Inf
10 9  18 -24.007350 -Inf
10 9  19 -22.229882 -Inf
10 9  20 -42.391231 -Inf
10 11  12 -21.610884 -Inf
10 11  13 -24.714160 -Inf
10 11  14 -37.918099 -Inf
10 11  15 -34.683920 -Inf
10 11  16 -3.871617 -Inf
10 11  17 -34.529960 -Inf
10 11  18 -27.514344 -Inf
10 11  19 -27.178837 -Inf
10 11  20 -38.109021 -Inf
10 12  13 -21.740485 -Inf
10 12  14 -21.755968 -Inf
10 12  15 -21.710654 -Inf
10 12  16 -4.529087 -Inf
10 12  17 -22.569016 -Inf
10 12  18 -24.455757 -Inf
10 12  19 -22.619018 -Inf
10 12  20 -22.366409 -Inf
10 13  14 -24.217838 -Inf
10 13  15 -23.890526 -Inf
10 13  16 -3.742358 -Inf
10 13  17 -24.149016 -Inf
10 13  18 -24.326269 -Inf
10 13  19 -27.823873 -Inf
10 13  20 -23.940217 -Inf
10 14  15 -30.087613 -Inf
10 14  16 -4.211067 -Inf
10 14  17 -33.457575 -Inf
10 14  18 -26.788913 -Inf
10 14  19 -25.367229 -Inf
10 14  20 -38.708021 -Inf
10 15  16 -4.048354 -Inf
10 15  17 -30.985168 -Inf
10 15  18 -25.073510 -Inf
10 15  19 -24.750120 -Inf
10 15  20 -33.986311 -Inf
10 16  17 -4.798579 -715.459728
10 16  18 -4.236268 -Inf
10 16  19 -3.768794 -670.657435
10 16  20 -21.991121 -Inf
10 17  18 -23.825758 -Inf
10 17  19 -25.710264 -1386.115586
10 17  20 -36.729932 -Inf
10 18  19 -24.728866 -Inf
10 18  20 -26.357301 -Inf
10 19  20 -26.561202 -Inf
11  -94.000000 0.000000
11 1 -74.599372 -651.731762
11 2 -37.114028 -288.883193
11 3 -61.470807 -Inf
11 4 -59.169912 -Inf
11 5 -46.503065 -0.000806
11 6 -66.167368 -Inf
11 7 -87.273717 -Inf
11 8 -57.228520 -727.036806
11 9 -71.965115 -707.497806
11 10 -62.439182 -Inf
11 12 -56.702510 -Inf
11 13 -67.402631 -Inf
11 14 -71.800284 -Inf
11 15 -62.420110 -Inf
11 16 -83.615767 -Inf
11 17 -33.915104 -0.112524
11 18 -62.047415 -631.932212
11 19 -66.361280 -Inf
11 20 -86.642815 -Inf
11 1  2 -32.001353 -940.614956
11 1  3 -49.645559 -Inf
11 1  4 -47.632055 -Inf
11 1  5 -14.268195 -651.732568
11 1  6 -51.064448 -Inf
11 1  7 -64.293989 -Inf
11 1  8 -50.024118 -1378.768569
11 1  9 -47.124226 -1359.229568
11 1  10 -48.838228 -Inf
11 1  12 -42.665447 -Inf
11 1  13 -52.364324 -Inf
11 1  14 -51.204798 -Inf
11 1  15 -53.021442 -Inf
11 1  16 -54.736611 -Inf
11 1  17 -29.126712 -651.844286
11 1  18 -49.732774 -1283.663974
11 1  19 -50.745735 -Inf
11 1  20 -57.547960 -Inf
11 2  3 -32.477261 -Inf
11 2  4 -25.233305 -Inf
11 2  5 -10.278891 -288.883999
11 2  6 -30.564030 -Inf
11 2  7 -32.543177 -Inf
11 2  8 -34.393148 -1015.920000
11 2  9 -31.558371 -996.380999
11 2  10 -29.407694 -Inf
11 2  12 -28.967940 -Inf
11 2  13 -31.178446 -Inf
11 2  14 -31.261060 -Inf
11 2  15 -32.307814 -Inf
11 2  16 -28.602826 -Inf
11 2  17 -22.191962 -288.995717
11 2  18 -29.800454 -920.815406
11 2  19 -30.914429 -Inf
11 2  20 -30.656151 -Inf
11 3  4 -49.209093 -Inf
11 3  5 -14.201517 -Inf
11 3  6 -44.698567 -Inf
11 3  7 -43.125007 -Inf
11 3  8 -37.805115 -Inf
11 3  9 -44.001389 -Inf
11 3  10 -48.501937 -Inf
11 3  12 -41.996887 -Inf
11 3  13 -48.904149 -Inf
11 3  14 -48.480578 -Inf
11 3  15 -44.036943 -Inf
11 3  16 -50.752216 -Inf
11 3  17 -30.149186 -Inf
11 3  18 -46.406133 -Inf
11 3  19 -48.473935 -Inf
11 3  20 -53.721560 -Inf
11 4  5 -4.960151 -Inf
11 4  6 -52.605562 -Inf
11 4  7 -47.118114 -Inf
11 4  8 -41.679939 -Inf
11 4  9 -40.322535 -Inf
11 4  10 -50.440128 -Inf
11 4  12 -43.016235 -Inf
11 4  13 -54.250689 -Inf
11 4  14 -51.236276 -Inf
11 4  15 -50.979903 -Inf
11 4  16 -48.288354 -Inf
11 4  17 -30.997096 -Inf
11 4  18 -49.273525 -Inf
11 4  19 -54.386067 -Inf
11 4  20 -49.894586 -Inf
11 5  6 -19.939217 -Inf
11 5  7 -30.936378 -Inf
11 5  8 -13.733131 -727.037612
11 5  9 -40.095066 -707.498611
11 5  10 -18.847432 -Inf
11 5  12 -21.071523 -Inf
11 5  13 -20.194485 -Inf
11 5  14 -22.933722 -Inf
11 5  15 -13.091036 -Inf
11 5  16 -36.294435 -Inf
11 5  17 -9.008043 -0.113329
11 5  18 -20.548747 -631.933018
11 5  19 -21.038747 -Inf
11 5  20 -34.344793 -Inf
11 6  7 -55.056512 -Inf
11 6  8 -50.140544 -Inf
11 6  9 -43.195584 -Inf
11 6  10 -55.200336 -Inf
11 6  12 -39.616395 -Inf
11 6  13 -63.806296 -Inf
11 6  14 -54.425928 -Inf
11 6  15 -56.343702 -Inf
11 6  16 -54.908618 -Inf
11 6  17 -25.400026 -Inf
11 6  18 -48.211714 -Inf
11 6  19 -64.268384 -Inf
11 6  20 -58.180105 -Inf
11 7  8 -49.348487 -Inf
11 7  9 -58.310011 -Inf
11 7  10 -49.971726 -Inf
11 7  12 -50.127801 -Inf
11 7  13 -54.775058 -Inf
11 7  14 -52.531959 -Inf
11 7  15 -53.041976 -Inf
11 7  16 -71.960997 -Inf
11 7  17 -30.311715 -Inf
11 7  18 -55.505240 -Inf
11 7  19 -54.176311 -Inf
11 7  20 -64.147185 -Inf
11 8  9 -40.616987 -1434.534612
11 8  10 -50.139896 -Inf
11 8  12 -45.959439 -Inf
11 8  13 -51.274957 -Inf
11 8  14 -46.198572 -Inf
11 8  15 -51.874029 -Inf
11 8  16 -51.298057 -Inf
11 8  17 -28.041233 -727.149330
11 8  18 -47.820861 -1358.969019
11 8  19 -50.935621 -Inf
11 8  20 -48.379275 -Inf
11 9  10 -42.809430 -Inf
11 9  12 -43.433710 -Inf
11 9  13 -45.737777 -Inf
11 9  14 -43.852938 -Inf
11 9  15 -43.125382 -Inf
11 9  16 -48.975738 -Inf
11 9  17 -26.729094 -707.610329
11 9  18 -48.155577 -1339.430018
11 9  19 -47.328042 -Inf
11 9  20 -49.869891 -Inf
11 10  12 -46.199988 -Inf
11 10  13 -59.041006 -Inf
11 10  14 -53.217477 -Inf
11 10  15 -52.167293 -Inf
11 10  16 -60.354214 -Inf
11 10  17 -26.646793 -Inf
11 10  18 -52.513261 -Inf
11 10  19 -58.509686 -Inf
11 10  20 -57.973430 -Inf
11 12  13 -47.859657 -Inf
11 12  14 -49.160400 -Inf
11 12  15 -49.533544 -Inf
11 12  16 -49.497551 -Inf
11 12  17 -17.715858 -Inf
11 12  18 -54.374822 -Inf
11 12  19 -49.262178 -Inf
11 12  20 -48.449612 -Inf
11 13  14 -54.586507 -Inf
11 13  15 -57.173524 -Inf
11 13  16 -56.774062 -Inf
11 13  17 -30.402914 -Inf
11 13  18 -56.460172 -Inf
11 13  19 -64.390487 -Inf
11 13  20 -63.173371 -Inf
11 14  15 -50.220506 -Inf
11 14  16 -53.120714 -Inf
11 14  17 -32.601937 -Inf
11 14  18 -55.523325 -Inf
11 14  19 -56.292073 -Inf
11 14  20 -63.464826 -Inf
11 15  16 -52.208915 -Inf
11 15  17 -30.819793 -Inf
11 15  18 -50.438751 -Inf
11 15  19 -56.255376 -Inf
11 15  20 -52.555267 -Inf
11 16  17 -26.757880 -Inf
11 16  18 -54.700524 -Inf
11 16  19 -57.260154 -Inf
11 16  20 -66.633015 -Inf
11 17  18 -24.534377 -632.044736
11 17  19 -30.786783 -Inf
11 17  20 -29.357441 -Inf
11 18  19 -57.398534 -Inf
11 18  20 -56.862467 -Inf
11 19  20 -63.042184 -Inf
12  -94.000000 0.000000
12 1 -59.684899 -Inf
12 2 -42.356187 -708.313310
12 3 -67.347918 -Inf
12 4 -57.804945 -Inf
12 5 -73.911388 -732.758324
12 6 -12.971164 -0.008255
12 7 -68.939048 -643.096798
12 8 -51.747074 -686.685788
12 9 -79.973842 -693.419485
12 10 -37.973054 -Inf
12 11 -72.231327 -Inf
12 13 -29.755985 -Inf
12 14 -66.091049 -544.681527
12 15 -56.041677 -Inf
12 16 -57.733867 -626.308755
12 17 -60.770737 -218.524291
12 18 -21.272750 -0.101720
12 19 -29.691898 -Inf
12 20 -88.468943 -Inf
12 1  2 -38.904493 -Inf
12 1  3 -46.979654 -Inf
12 1  4 -46.603392 -Inf
12 1  5 -42.496025 -Inf
12 1  6 -11.844068 -Inf
12 1  7 -48.443012 -Inf
12 1  8 -43.197270 -Inf
12 1  9 -47.668081 -Inf
12 1  10 -28.667929 -Inf
12 1  11 -41.712607 -Inf
12 1  13 -25.603133 -Inf
12 1  14 -44.088228 -Inf
12 1  15 -48.455789 -Inf
12 1  16 -28.731111 -Inf
12 1  17 -37.089489 -Inf
12 1  18 -20.066637 -Inf
12 1  19 -26.177455 -Inf
12 1  20 -51.671086 -Inf
12 2  3 -38.961979 -Inf
12 2  4 -35.182572 -Inf
12 2  5 -35.546683 -1441.071634
12 2  6 -7.803542 -708.321565
12 2  7 -39.527928 -1351.410108
12 2  8 -33.199973 -1394.999099
12 2  9 -39.449769 -1401.732796
12 2  10 -24.669276 -Inf
12 2  11 -35.346864 -Inf
12 2  13 -21.038431 -Inf
12 2  14 -33.217287 -1252.994837
12 2  15 -36.689536 -Inf
12 2  16 -23.642703 -1334.622066
12 2  17 -28.089720 -926.837601
12 2  18 -13.235277 -708.415031
12 2  19 -19.914018 -Inf
12 2  20 -35.692264 -Inf
12 3  4 -49.055028 -Inf
12 3  5 -39.374828 -Inf
12 3  6 -10.419472 -Inf
12 3  7 -47.609298 -Inf
12 3  8 -46.563192 -Inf
12 3  9 -37.758136 -Inf
12 3  10 -32.256094 -Inf
12 3  11 -43.969317 -Inf
12 3  13 -26.406858 -Inf
12 3  14 -57.779601 -Inf
12 3  15 -52.272727 -Inf
12 3  16 -33.421840 -Inf
12 3  17 -46.494164 -Inf
12 3  18 -20.102378 -Inf
12 3  19 -25.950725 -Inf
12 3  20 -56.009108 -Inf
12 4  5 -40.298562 -Inf
12 4  6 -11.687520 -Inf
12 4  7 -50.329521 -Inf
12 4  8 -45.095115 -Inf
12 4  9 -48.137802 -Inf
12 4  10 -30.591618 -Inf
12 4  11 -40.850750 -Inf
12 4  13 -27.588447 -Inf
12 4  14 -43.989979 -Inf
12 4  15 -46.804017 -Inf
12 4  16 -29.632417 -Inf
12 4  17 -37.268721 -Inf
12 4  18 -18.760964 -Inf
12 4  19 -27.165017 -Inf
12 4  20 -46.084138 -Inf
12 5  6 -5.598311 -732.766579
12 5  7 -55.289665 -1375.855122
12 5  8 -37.387309 -1419.444112
12 5  9 -55.845303 -1426.177809
12 5  10 -23.825673 -Inf
12 5  11 -41.292762 -Inf
12 5  13 -17.172500 -Inf
12 5  14 -42.217305 -1277.439851
12 5  15 -40.498619 -Inf
12 5  16 -44.150730 -1359.067079
12 5  17 -27.416109 -951.282615
12 5  18 -11.218165 -732.860044
12 5  19 -17.779074 -Inf
12 5  20 -62.567431 -Inf
12 6  7 -11.004410 -643.105052
12 6  8 -9.498524 -686.694043
12 6  9 -8.960159 -693.427740
12 6  10 -11.614487 -Inf
12 6  11 -6.372701 -Inf
12 6  13 -12.487482 -Inf
12 6  14 -11.609883 -544.689781
12 6  15 -10.832604 -Inf
12 6  16 -11.495945 -626.317010
12 6  17 -7.984438 -218.532546
12 6  18 -5.323189 -0.109975
12 6  19 -12.174664 -Inf
12 6  20 -11.544001 -Inf
12 7  8 -41.671954 -1329.782586
12 7  9 -56.339941 -1336.516283
12 7  10 -29.463503 -Inf
12 7  11 -41.144555 -Inf
12 7  13 -24.261170 -Inf
12 7  14 -40.840271 -1187.778324
12 7  15 -45.686383 -Inf
12 7  16 -42.349359 -1269.405553
12 7  17 -37.295546 -861.621089
12 7  18 -17.002958 -643.198518
12 7  19 -23.922599 -Inf
12 7  20 -61.316944 -Inf
12 8  9 -41.139308 -1380.105274
12 8  10 -30.528058 -Inf
12 8  11 -38.644145 -Inf
12 8  13 -20.451145 -Inf
12 8  14 -40.231840 -1231.367315
12 8  15 -46.661941 -Inf
12 8  16 -29.108288 -1312.994544
12 8  17 -35.681905 -905.210079
12 8  18 -13.077363 -686.787509
12 8  19 -20.160373 -Inf
12 8  20 -44.300549 -Inf
12 9  10 -31.045424 -Inf
12 9  11 -42.029551 -Inf
12 9  13 -22.481480 -Inf
12 9  14 -43.476967 -1238.101012
12 9  15 -44.623531 -Inf
12 9  16 -42.322293 -1319.728241
12 9  17 -38.406154 -911.943776
12 9  18 -18.777855 -693.521206
12 9  19 -22.541227 -Inf
12 9  20 -55.693428 -Inf
12 10  11 -27.950653 -Inf
12 10  13 -21.299554 -Inf
12 10  14 -34.453387 -Inf
12 10  15 -33.446509 -Inf
12 10  16 -35.770739 -Inf
12 10  17 -27.654564 -Inf
12 10  18 -16.600001 -Inf
12 10  19 -22.125744 -Inf
12 10  20 -35.492919 -Inf
12 11  13 -21.299984 -Inf
12 11  14 -55.137430 -Inf
12 11  15 -43.432413 -Inf
12 11  16 -29.097105 -Inf
12 11  17 -32.559547 -Inf
12 11  18 -14.823336 -Inf
12 11  19 -22.791527 -Inf
12 11  20 -57.843768 -Inf
12 13  14 -27.412240 -Inf
12 13  15 -22.894690 -Inf
12 13  16 -20.305780 -Inf
12 13  17 -20.040841 -Inf
12 13  18 -16.285184 -Inf
12 13  19 -28.877286 -Inf
12 13  20 -26.063480 -Inf
12 14  15 -45.278667 -Inf
12 14  16 -34.452120 -1170.990282
12 14  17 -44.801553 -763.205818
12 14  18 -19.285140 -544.783247
12 14  19 -27.572744 -Inf
12 14  20 -61.315000 -Inf
12 15  16 -32.891108 -Inf
12 15  17 -38.943584 -Inf
12 15  18 -18.221749 -Inf
12 15  19 -22.879045 -Inf
12 15  20 -49.210250 -Inf
12 16  17 -25.840868 -844.833046
12 16  18 -14.692266 -626.410476
12 16  19 -21.310162 -Inf
12 16  20 -39.080382 -Inf
12 17  18 -10.114740 -218.626011
12 17  19 -21.172090 -Inf
12 17  20 -53.649519 -Inf
12 18  19 -17.391036 -Inf
12 18  20 -16.971681 -Inf
12 19  20 -26.776360 -Inf
13  -94.000000 0.000000
13 1 -59.590533 -Inf
13 2 -45.751078 -Inf
13 3 -58.155654 -608.424090
13 4 -54.245064 -Inf
13 5 -87.744087 -Inf
13 6 -11.559015 -195.890608
13 7 -76.635113 -Inf
13 8 -55.609613 -Inf
13 9 -85.483765 -Inf
13 10 -34.568482 -Inf
13 11 -68.624386 -Inf
13 12 -22.298677 -Inf
13 14 -47.902631 -Inf
13 15 -53.564348 -Inf
13 16 -54.582075 -631.721949
13 17 -63.815431 -630.772080
13 18 -26.627565 -Inf
13 19 -3.611514 -0.004197
13 20 -89.219025 -Inf
13 1  2 -40.408157 -Inf
13 1  3 -38.191637 -Inf
13 1  4 -43.112381 -Inf
13 1  5 -48.001725 -Inf
13 1  6 -9.622251 -Inf
13 1  7 -52.363122 -Inf
13 1  8 -42.366338 -Inf
13 1  9 -48.470440 -Inf
13 1  10 -25.793830 -Inf
13 1  11 -41.322570 -Inf
13 1  12 -18.091998 -Inf
13 1  14 -31.784423 -Inf
13 1  15 -41.216684 -Inf
13 1  16 -29.632824 -Inf
13 1  17 -44.962708 -Inf
13 1  18 -22.605156 -Inf
13 1  19 -3.416700 -Inf
13 1  20 -45.770353 -Inf
13 2  3 -40.766932 -Inf
13 2  4 -34.461241 -Inf
13 2  5 -39.627963 -Inf
13 2  6 -10.503940 -Inf
13 2  7 -42.890259 -Inf
13 2  8 -32.673027 -Inf
13 2  9 -42.790320 -Inf
13 2  10 -26.883840 -Inf
13 2  11 -37.528153 -Inf
13 2  12 -19.398040 -Inf
13 2  14 -28.888572 -Inf
13 2  15 -35.191524 -Inf
13 2  16 -27.753761 -Inf
13 2  17 -37.990066 -Inf
13 2  18 -23.300446 -Inf
13 2  19 -3.127051 -Inf
13 2  20 -33.123201 -Inf
13 3  4 -40.725498 -Inf
13 3  5 -44.532932 -Inf
13 3  6 -9.697747 -804.314698
13 3  7 -42.404852 -Inf
13 3  8 -45.251509 -Inf
13 3  9 -35.070185 -Inf
13 3  10 -26.454279 -Inf
13 3  11 -46.217952 -Inf
13 3  12 -16.268546 -Inf
13 3  14 -41.311018 -Inf
13 3  15 -46.263448 -Inf
13 3  16 -28.827387 -1240.146039
13 3  17 -48.501125 -1239.196170
13 3  18 -20.307529 -Inf
13 3  19 -3.076517 -608.428287
13 3  20 -43.559483 -Inf
13 4  5 -46.052047 -Inf
13 4  6 -10.357204 -Inf
13 4  7 -50.506209 -Inf
13 4  8 -45.314940 -Inf
13 4  9 -48.961271 -Inf
13 4  10 -25.235998 -Inf
13 4  11 -42.394893 -Inf
13 4  12 -17.886768 -Inf
13 4  14 -26.547932 -Inf
13 4  15 -41.912144 -Inf
13 4  16 -26.708498 -Inf
13 4  17 -44.307776 -Inf
13 4  18 -22.298206 -Inf
13 4  19 -3.365279 -Inf
13 4  20 -36.106173 -Inf
13 5  6 -10.542814 -Inf
13 5  7 -69.776440 -Inf
13 5  8 -44.228030 -Inf
13 5  9 -71.533326 -Inf
13 5  10 -26.779313 -Inf
13 5  11 -41.596183 -Inf
13 5  12 -17.011828 -Inf
13 5  14 -40.743378 -Inf
13 5  15 -45.195365 -Inf
13 5  16 -45.750108 -Inf
13 5  17 -44.993655 -Inf
13 5  18 -20.913837 -Inf
13 5  19 -3.439816 -Inf
13 5  20 -74.363848 -Inf
13 6  7 -10.574931 -Inf
13 6  8 -9.780623 -Inf
13 6  9 -9.391332 -Inf
13 6  10 -9.958720 -Inf
13 6  11 -10.229938 -Inf
13 6  12 -10.881374 -Inf
13 6  14 -9.198123 -Inf
13 6  15 -9.963960 -Inf
13 6  16 -9.502041 -827.612557
13 6  17 -10.600517 -826.662688
13 6  18 -10.774069 -Inf
13 6  19 -3.242409 -195.894805
13 6  20 -9.528566 -Inf
13 7  8 -44.766949 -Inf
13 7  9 -62.255765 -Inf
13 7  10 -29.355585 -Inf
13 7  11 -45.691619 -Inf
13 7  12 -19.001915 -Inf
13 7  14 -27.472703 -Inf
13 7  15 -42.321614 -Inf
13 7  16 -44.727373 -Inf
13 7  17 -45.225839 -Inf
13 7  18 -21.991388 -Inf
13 7  19 -3.226708 -Inf
13 7  20 -65.322576 -Inf
13 8  9 -45.511503 -Inf
13 8  10 -29.780367 -Inf
13 8  11 -48.346257 -Inf
13 8  12 -19.288550 -Inf
13 8  14 -36.071066 -Inf
13 8  15 -48.673340 -Inf
13 8  16 -29.285017 -Inf
13 8  17 -45.740589 -Inf
13 8  18 -22.197708 -Inf
13 8  19 -3.446263 -Inf
13 8  20 -45.175664 -Inf
13 9  10 -29.080100 -Inf
13 9  11 -46.214958 -Inf
13 9  12 -17.586909 -Inf
13 9  14 -34.416090 -Inf
13 9  15 -43.038086 -Inf
13 9  16 -37.975081 -Inf
13 9  17 -49.565981 -Inf
13 9  18 -22.188597 -Inf
13 9  19 -2.934125 -Inf
13 9  20 -53.592814 -Inf
13 10  11 -30.078997 -Inf
13 10  12 -17.318317 -Inf
13 10  14 -25.652726 -Inf
13 10  15 -30.917103 -Inf
13 10  16 -30.252170 -Inf
13 10  17 -30.439344 -Inf
13 10  18 -21.447821 -Inf
13 10  19 -3.408436 -Inf
13 10  20 -30.471130 -Inf
13 11  12 -18.977346 -Inf
13 11  14 -42.872847 -Inf
13 11  15 -49.436278 -Inf
13 11  16 -27.667706 -Inf
13 11  17 -53.010598 -Inf
13 11  18 -22.643829 -Inf
13 11  19 -3.504202 -Inf
13 11  20 -52.591075 -Inf
13 12  14 -14.880176 -Inf
13 12  15 -18.636702 -Inf
13 12  16 -16.675818 -Inf
13 12  17 -19.321516 -Inf
13 12  18 -20.621413 -Inf
13 12  19 -3.320294 -Inf
13 12  20 -16.987522 -Inf
13 14  15 -33.917711 -Inf
13 14  16 -25.280240 -Inf
13 14  17 -36.906287 -Inf
13 14  18 -17.715397 -Inf
13 14  19 -3.442899 -Inf
13 14  20 -43.950768 -Inf
13 15  16 -27.950697 -Inf
13 15  17 -45.801806 -Inf
13 15  18 -21.957560 -Inf
13 15  19 -3.512760 -Inf
13 15  20 -45.158759 -Inf
13 16  17 -29.306420 -1262.494028
13 16  18 -21.138779 -Inf
13 16  19 -3.211558 -631.726146
13 16  20 -30.696061 -Inf
13 17  18 -21.427875 -Inf
13 17  19 -3.308963 -630.776277
13 17  20 -48.566150 -Inf
13 18  19 -3.544098 -Inf
13 18  20 -20.694158 -Inf
13 19  20 -3.263036 -Inf
14  -94.000000 0.000000
14 1 -79.596581 -Inf
14 2 -71.787468 -297.089257
14 3 -65.064161 -623.429708
14 4 -78.462981 -636.831085
14 5 -89.239990 -Inf
14 6 -64.345232 -Inf
14 7 -91.132618 -286.085770
14 8 -69.395449 -Inf
14 9 -86.271051 -Inf
14 10 -63.208671 -Inf
14 11 -74.369110 -Inf
14 12 -68.181269 -544.681527
14 13 -58.917034 -Inf
14 15 -69.462081 -Inf
14 16 -84.040539 -Inf
14 17 -74.425136 -669.933697
14 18 -66.478603 -Inf
14 19 -60.081447 -Inf
14 20 -78.021264 -0.000820
14 1  2 -61.443352 -Inf
14 1  3 -50.529019 -Inf
14 1  4 -65.566964 -Inf
14 1  5 -64.921290 -Inf
14 1  6 -53.106611 -Inf
14 1  7 -60.690763 -Inf
14 1  8 -54.162829 -Inf
14 1  9 -63.202212 -Inf
14 1  10 -50.650924 -Inf
14 1  11 -46.668670 -Inf
14 1  12 -53.961503 -Inf
14 1  13 -47.901807 -Inf
14 1  15 -55.739430 -Inf
14 1  16 -60.100667 -Inf
14 1  17 -54.740860 -Inf
14 1  18 -53.304825 -Inf
14 1  19 -47.983882 -Inf
14 1  20 -48.442142 -Inf
14 2  3 -53.618066 -920.518965
14 2  4 -59.479485 -933.920342
14 2  5 -67.530252 -Inf
14 2  6 -53.238054 -Inf
14 2  7 -50.454318 -583.175027
14 2  8 -55.719403 -Inf
14 2  9 -57.838371 -Inf
14 2  10 -50.971448 -Inf
14 2  11 -55.795009 -Inf
14 2  12 -53.728047 -841.770784
14 2  13 -46.575490 -Inf
14 2  15 -57.249814 -Inf
14 2  16 -60.200680 -Inf
14 2  17 -54.230173 -967.022954
14 2  18 -56.091802 -Inf
14 2  19 -49.355353 -Inf
14 2  20 -31.291993 -297.090077
14 3  4 -53.510524 -1260.260793
14 3  5 -53.858838 -Inf
14 3  6 -52.455836 -Inf
14 3  7 -47.926988 -909.515478
14 3  8 -54.466141 -Inf
14 3  9 -58.399072 -Inf
14 3  10 -52.250181 -Inf
14 3  11 -58.038621 -Inf
14 3  12 -55.079877 -1168.111235
14 3  13 -49.577150 -Inf
14 3  15 -54.530747 -Inf
14 3  16 -55.483041 -Inf
14 3  17 -59.937500 -1293.363405
14 3  18 -55.569474 -Inf
14 3  19 -52.358470 -Inf
14 3  20 -28.551367 -623.430528
14 4  5 -65.040842 -Inf
14 4  6 -54.285881 -Inf
14 4  7 -66.274370 -922.916855
14 4  8 -59.119772 -Inf
14 4  9 -66.754336 -Inf
14 4  10 -51.428587 -Inf
14 4  11 -53.318567 -Inf
14 4  12 -58.519703 -1181.512611
14 4  13 -46.243222 -Inf
14 4  15 -60.767839 -Inf
14 4  16 -59.971630 -Inf
14 4  17 -57.010868 -1306.764782
14 4  18 -56.495879 -Inf
14 4  19 -49.863215 -Inf
14 4  20 -31.058955 -636.831904
14 5  6 -52.930605 -Inf
14 5  7 -80.477502 -Inf
14 5  8 -59.897353 -Inf
14 5  9 -73.596547 -Inf
14 5  10 -52.665855 -Inf
14 5  11 -52.648716 -Inf
14 5  12 -52.577738 -Inf
14 5  13 -49.324820 -Inf
14 5  15 -60.380286 -Inf
14 5  16 -72.482321 -Inf
14 5  17 -60.374887 -Inf
14 5  18 -52.262631 -Inf
14 5  19 -50.629085 -Inf
14 5  20 -69.122466 -Inf
14 6  7 -36.561353 -Inf
14 6  8 -50.758919 -Inf
14 6  9 -48.085739 -Inf
14 6  10 -57.761717 -Inf
14 6  11 -57.136430 -Inf
14 6  12 -57.420430 -Inf
14 6  13 -53.235826 -Inf
14 6  15 -47.351829 -Inf
14 6  16 -57.926755 -Inf
14 6  17 -55.556175 -Inf
14 6  18 -54.879762 -Inf
14 6  19 -55.439468 -Inf
14 6  20 -28.947102 -Inf
14 7  8 -51.580119 -Inf
14 7  9 -74.589239 -Inf
14 7  10 -42.469279 -Inf
14 7  11 -52.423829 -Inf
14 7  12 -41.173008 -830.767297
14 7  13 -35.862284 -Inf
14 7  15 -53.942996 -Inf
14 7  16 -59.841768 -Inf
14 7  17 -55.455670 -956.019467
14 7  18 -45.148538 -Inf
14 7  19 -39.440476 -Inf
14 7  20 -62.352369 -286.086590
14 8  9 -55.835060 -Inf
14 8  10 -56.205232 -Inf
14 8  11 -60.352320 -Inf
14 8  12 -55.437762 -Inf
14 8  13 -51.997576 -Inf
14 8  15 -65.209111 -Inf
14 8  16 -61.360731 -Inf
14 8  17 -57.047764 -Inf
14 8  18 -57.594309 -Inf
14 8  19 -51.297100 -Inf
14 8  20 -33.399177 -Inf
14 9  10 -52.967480 -Inf
14 9  11 -53.663690 -Inf
14 9  12 -52.464606 -Inf
14 9  13 -47.714228 -Inf
14 9  15 -59.462359 -Inf
14 9  16 -64.700116 -Inf
14 9  17 -60.926255 -Inf
14 9  18 -55.971403 -Inf
14 9  19 -48.898141 -Inf
14 9  20 -47.412579 -Inf
14 10  11 -56.344670 -Inf
14 10  12 -58.195461 -Inf
14 10  13 -53.423267 -Inf
14 10  15 -55.987935 -Inf
14 10  16 -61.308874 -Inf
14 10  17 -55.972494 -Inf
14 10  18 -58.492772 -Inf
14 10  19 -54.773234 -Inf
14 10  20 -31.738404 -Inf
14 11  12 -60.114476 -Inf
14 11  13 -52.133428 -Inf
14 11  15 -61.401583 -Inf
14 11  16 -61.361812 -Inf
14 11  17 -70.976809 -Inf
14 11  18 -59.778932 -Inf
14 11  19 -54.142088 -Inf
14 11  20 -35.068843 -Inf
14 12  13 -49.555554 -Inf
14 12  15 -55.306374 -Inf
14 12  16 -63.917241 -Inf
14 12  17 -55.898205 -1214.615223
14 12  18 -59.357578 -Inf
14 12  19 -53.995281 -Inf
14 12  20 -29.590765 -544.682346
14 13  15 -49.463166 -Inf
14 13  16 -52.174965 -Inf
14 13  17 -50.892055 -Inf
14 13  18 -49.699250 -Inf
14 13  19 -55.587251 -Inf
14 13  20 -26.841411 -Inf
14 15  16 -58.955455 -Inf
14 15  17 -59.484349 -Inf
14 15  18 -58.261016 -Inf
14 15  19 -51.113446 -Inf
14 15  20 -33.929550 -Inf
14 16  17 -62.017255 -Inf
14 16  18 -62.504074 -Inf
14 16  19 -52.196667 -Inf
14 16  20 -40.398364 -Inf
14 17  18 -57.430047 -Inf
14 17  19 -52.853633 -Inf
14 17  20 -34.099194 -669.934517
14 18  19 -53.754890 -Inf
14 18  20 -31.310314 -Inf
14 19  20 -26.812783 -Inf
15  -94.000000 0.000000
15 1 -40.340693 -Inf
15 2 -18.725744 -316.129535
15 3 -43.344355 -Inf
15 4 -31.678825 -572.619525
15 5 -85.279732 -Inf
15 6 -42.283188 -Inf
15 7 -58.687809 -Inf
15 8 -3.517456 -0.000789
15 9 -86.145738 -Inf
15 10 -41.796634 -Inf
15 11 -66.483122 -Inf
15 12 -46.886573 -Inf
15 13 -47.919177 -Inf
15 14 -55.816012 -Inf
15 16 -78.863216 -Inf
15 17 -54.180436 -Inf
15 18 -47.917766 -Inf
15 19 -47.901928 -Inf
15 20 -81.695347 -Inf
15 1  2 -17.383561 -Inf
15 1  3 -24.686047 -Inf
15 1  4 -24.293343 -Inf
15 1  5 -31.023254 -Inf
15 1  6 -26.452869 -Inf
15 1  7 -31.609836 -Inf
15 1  8 -3.209002 -Inf
15 1  9 -23.036475 -Inf
15 1  10 -24.836425 -Inf
15 1  11 -24.257777 -Inf
15 1  12 -27.315922 -Inf
15 1  13 -21.234581 -Inf
15 1  14 -26.989354 -Inf
15 1  16 -29.334292 -Inf
15 1  17 -25.485713 -Inf
15 1  18 -24.311237 -Inf
15 1  19 -20.503405 -Inf
15 1  20 -30.395435 -Inf
15 2  3 -17.206867 -Inf
15 2  4 -16.907531 -888.749060
15 2  5 -16.726906 -Inf
15 2  6 -14.313534 -Inf
15 2  7 -17.513399 -Inf
15 2  8 -3.202611 -316.130324
15 2  9 -16.213176 -Inf
15 2  10 -14.003721 -Inf
15 2  11 -15.069957 -Inf
15 2  12 -13.326634 -Inf
15 2  13 -13.345372 -Inf
15 2  14 -13.301432 -Inf
15 2  16 -14.830595 -Inf
15 2  17 -16.141037 -Inf
15 2  18 -12.280015 -Inf
15 2  19 -13.065746 -Inf
15 2  20 -13.683885 -Inf
15 3  4 -24.782864 -Inf
15 3  5 -31.730557 -Inf
15 3  6 -29.446545 -Inf
15 3  7 -20.672532 -Inf
15 3  8 -3.005717 -Inf
15 3  9 -25.485524 -Inf
15 3  10 -33.805880 -Inf
15 3  11 -36.247885 -Inf
15 3  12 -31.813875 -Inf
15 3  13 -31.459837 -Inf
15 3  14 -38.518355 -Inf
15 3  16 -35.847140 -Inf
15 3  17 -37.759984 -Inf
15 3  18 -31.422882 -Inf
15 3  19 -31.346916 -Inf
15 3  20 -36.030451 -Inf
15 4  5 -26.404329 -Inf
15 4  6 -23.562684 -Inf
15 4  7 -21.224781 -Inf
15 4  8 -3.006090 -572.620314
15 4  9 -25.246952 -Inf
15 4  10 -24.569394 -Inf
15 4  11 -23.084133 -Inf
15 4  12 -23.761391 -Inf
15 4  13 -24.335107 -Inf
15 4  14 -24.265184 -Inf
15 4  16 -27.440658 -Inf
15 4  17 -26.419865 -Inf
15 4  18 -23.180084 -Inf
15 4  19 -24.201087 -Inf
15 4  20 -24.463251 -Inf
15 5  6 -34.453760 -Inf
15 5  7 -52.658520 -Inf
15 5  8 -2.871869 -Inf
15 5  9 -74.807099 -Inf
15 5  10 -36.346645 -Inf
15 5  11 -28.400760 -Inf
15 5  12 -38.351246 -Inf
15 5  13 -36.115583 -Inf
15 5  14 -43.483637 -Inf
15 5  16 -71.014606 -Inf
15 5  17 -28.260328 -Inf
15 5  18 -36.227565 -Inf
15 5  19 -36.445000 -Inf
15 5  20 -67.596806 -Inf
15 6  7 -26.866611 -Inf
15 6  8 -2.987758 -Inf
15 6  9 -33.620850 -Inf
15 6  10 -36.895789 -Inf
15 6  11 -31.596326 -Inf
15 6  12 -39.019795 -Inf
15 6  13 -34.163301 -Inf
15 6  14 -34.689332 -Inf
15 6  16 -40.337166 -Inf
15 6  17 -31.407060 -Inf
15 6  18 -35.841146 -Inf
15 6  19 -33.451171 -Inf
15 6  20 -35.247175 -Inf
15 7  8 -3.180832 -Inf
15 7  9 -43.186477 -Inf
15 7  10 -22.505214 -Inf
15 7  11 -22.982398 -Inf
15 7  12 -27.641540 -Inf
15 7  13 -26.427757 -Inf
15 7  14 -25.756293 -Inf
15 7  16 -46.798733 -Inf
15 7  17 -22.285300 -Inf
15 7  18 -26.008606 -Inf
15 7  19 -26.365850 -Inf
15 7  20 -49.538179 -Inf
15 8  9 -3.309057 -Inf
15 8  10 -3.095818 -Inf
15 8  11 -3.118534 -Inf
15 8  12 -2.842465 -Inf
15 8  13 -2.757423 -Inf
15 8  14 -2.941203 -Inf
15 8  16 -3.420780 -Inf
15 8  17 -3.187460 -Inf
15 8  18 -2.786527 -Inf
15 8  19 -2.940525 -Inf
15 8  20 -3.148491 -Inf
15 9  10 -33.995096 -Inf
15 9  11 -32.211663 -Inf
15 9  12 -38.956731 -Inf
15 9  13 -36.949423 -Inf
15 9  14 -38.853096 -Inf
15 9  16 -59.465651 -Inf
15 9  17 -30.849754 -Inf
15 9  18 -37.294253 -Inf
15 9  19 -36.372182 -Inf
15 9  20 -47.739524 -Inf
15 10  11 -33.291143 -Inf
15 10  12 -35.786416 -Inf
15 10  13 -40.564746 -Inf
15 10  14 -32.368836 -Inf
15 10  16 -39.593564 -Inf
15 10  17 -34.496235 -Inf
15 10  18 -36.006528 -Inf
15 10  19 -40.469568 -Inf
15 10  20 -36.668687 -Inf
15 11  12 -30.547129 -Inf
15 11  13 -38.540421 -Inf
15 11  14 -48.074880 -Inf
15 11  16 -31.293092 -Inf
15 11  17 -44.388231 -Inf
15 11  18 -33.593417 -Inf
15 11  19 -39.769008 -Inf
15 11  20 -48.626785 -Inf
15 12  13 -40.046332 -Inf
15 12  14 -35.054096 -Inf
15 12  16 -41.533727 -Inf
15 12  17 -31.510013 -Inf
15 12  18 -41.241519 -Inf
15 12  19 -38.189080 -Inf
15 12  20 -36.831701 -Inf
15 13  14 -43.019996 -Inf
15 13  16 -41.259668 -Inf
15 13  17 -38.520997 -Inf
15 13  18 -37.611920 -Inf
15 13  19 -46.251789 -Inf
15 13  20 -43.363423 -Inf
15 14  16 -41.907038 -Inf
15 14  17 -41.231352 -Inf
15 14  18 -36.370446 -Inf
15 14  19 -42.321562 -Inf
15 14  20 -50.729108 -Inf
15 16  17 -34.340328 -Inf
15 16  18 -39.118649 -Inf
15 16  19 -41.330729 -Inf
15 16  20 -47.649235 -Inf
15 17  18 -33.577507 -Inf
15 17  19 -39.584578 -Inf
15 17  20 -45.099870 -Inf
15 18  19 -37.202998 -Inf
15 18  20 -38.302680 -Inf
15 19  20 -43.558885 -Inf
16  -94.000000 0.000000
16 1 -80.280964 -Inf
16 2 -68.592804 -Inf
16 3 -75.799749 -610.654863
16 4 -76.696466 -Inf
16 5 -82.214897 -Inf
16 6 -40.664722 -428.172513
16 7 -80.657342 -Inf
16 8 -73.183986 -Inf
16 9 -78.461088 -Inf
16 10 -7.077373 -0.000788
16 11 -87.463978 -Inf
16 12 -45.678754 -626.308755
16 13 -56.784943 -631.721949
16 14 -85.696817 -Inf
16 15 -75.092622 -Inf
16 17 -72.458643 -Inf
16 18 -57.047662 -Inf
16 19 -57.905326 -Inf
16 20 -90.552035 -Inf
16 1  2 -60.350403 -Inf
16 1  3 -60.189907 -Inf
16 1  4 -66.170194 -Inf
16 1  5 -62.406877 -Inf
16 1  6 -33.126948 -Inf
16 1  7 -66.325208 -Inf
16 1  8 -62.930549 -Inf
16 1  9 -61.345632 -Inf
16 1  10 -6.021346 -Inf
16 1  11 -62.451699 -Inf
16 1  12 -38.751944 -Inf
16 1  13 -45.662112 -Inf
16 1  14 -66.488904 -Inf
16 1  15 -66.228890 -Inf
16 1  17 -55.861617 -Inf
16 1  18 -52.992095 -Inf
16 1  19 -48.026821 -Inf
16 1  20 -62.854178 -Inf
16 2  3 -57.578283 -Inf
16 2  4 -62.330472 -Inf
16 2  5 -59.838217 -Inf
16 2  6 -36.903807 -Inf
16 2  7 -56.341172 -Inf
16 2  8 -57.430748 -Inf
16 2  9 -58.777346 -Inf
16 2  10 -6.563050 -Inf
16 2  11 -59.273350 -Inf
16 2  12 -39.227209 -Inf
16 2  13 -50.106699 -Inf
16 2  14 -60.858793 -Inf
16 2  15 -60.614742 -Inf
16 2  17 -51.343089 -Inf
16 2  18 -51.903396 -Inf
16 2  19 -51.747936 -Inf
16 2  20 -60.738515 -Inf
16 3  4 -62.439589 -Inf
16 3  5 -65.734319 -Inf
16 3  6 -30.712662 -1038.827376
16 3  7 -60.373564 -Inf
16 3  8 -60.581969 -Inf
16 3  9 -57.524125 -Inf
16 3  10 -6.183187 -610.655651
16 3  11 -66.204391 -Inf
16 3  12 -37.510776 -1236.963618
16 3  13 -45.499804 -1242.376812
16 3  14 -66.202570 -Inf
16 3  15 -66.186032 -Inf
16 3  17 -59.051659 -Inf
16 3  18 -46.216868 -Inf
16 3  19 -45.428390 -Inf
16 3  20 -65.889870 -Inf
16 4  5 -64.304830 -Inf
16 4  6 -37.347736 -Inf
16 4  7 -64.750005 -Inf
16 4  8 -64.073889 -Inf
16 4  9 -65.163175 -Inf
16 4  10 -5.898211 -Inf
16 4  11 -66.082075 -Inf
16 4  12 -41.169478 -Inf
16 4  13 -50.626486 -Inf
16 4  14 -60.765516 -Inf
16 4  15 -65.242388 -Inf
16 4  17 -58.497948 -Inf
16 4  18 -51.909480 -Inf
16 4  19 -52.155748 -Inf
16 4  20 -66.701760 -Inf
16 5  6 -35.235589 -Inf
16 5  7 -65.615489 -Inf
16 5  8 -65.995611 -Inf
16 5  9 -62.907336 -Inf
16 5  10 -6.572568 -Inf
16 5  11 -66.014463 -Inf
16 5  12 -38.971606 -Inf
16 5  13 -47.223023 -Inf
16 5  14 -67.204582 -Inf
16 5  15 -66.619813 -Inf
16 5  17 -57.610010 -Inf
16 5  18 -50.160097 -Inf
16 5  19 -51.440314 -Inf
16 5  20 -71.484461 -Inf
16 6  7 -37.030100 -Inf
16 6  8 -35.648126 -Inf
16 6  9 -33.513000 -Inf
16 6  10 -6.069994 -428.173301
16 6  11 -35.035610 -Inf
16 6  12 -37.925242 -1054.481268
16 6  13 -34.998879 -1059.894462
16 6  14 -34.976516 -Inf
16 6  15 -37.538585 -Inf
16 6  17 -36.056656 -Inf
16 6  18 -38.920758 -Inf
16 6  19 -37.072350 -Inf
16 6  20 -36.293807 -Inf
16 7  8 -58.120073 -Inf
16 7  9 -67.491354 -Inf
16 7  10 -6.305781 -Inf
16 7  11 -68.342169 -Inf
16 7  12 -39.603251 -Inf
16 7  13 -50.684498 -Inf
16 7  14 -63.569554 -Inf
16 7  15 -63.420345 -Inf
16 7  17 -58.566205 -Inf
16 7  18 -50.562554 -Inf
16 7  19 -50.751728 -Inf
16 7  20 -69.858253 -Inf
16 8  9 -60.149287 -Inf
16 8  10 -6.726491 -Inf
16 8  11 -67.151828 -Inf
16 8  12 -41.822453 -Inf
16 8  13 -48.652935 -Inf
16 8  14 -61.177150 -Inf
16 8  15 -70.554661 -Inf
16 8  17 -56.707816 -Inf
16 8  18 -50.666541 -Inf
16 8  19 -49.357825 -Inf
16 8  20 -66.994314 -Inf
16 9  10 -6.401424 -Inf
16 9  11 -64.842510 -Inf
16 9  12 -38.298626 -Inf
16 9  13 -45.937105 -Inf
16 9  14 -61.923256 -Inf
16 9  15 -60.975923 -Inf
16 9  17 -55.875948 -Inf
16 9  18 -48.519295 -Inf
16 9  19 -46.594775 -Inf
16 9  20 -68.181613 -Inf
16 10  11 -6.499000 -Inf
16 10  12 -6.508678 -626.309544
16 10  13 -6.144601 -631.722737
16 10  14 -6.433404 -Inf
16 10  15 -6.663648 -Inf
16 10  17 -6.804294 -Inf
16 10  18 -6.781754 -Inf
16 10  19 -6.287176 -Inf
16 10  20 -5.912875 -Inf
16 11  12 -41.092705 -Inf
16 11  13 -50.094332 -Inf
16 11  14 -73.281657 -Inf
16 11  15 -70.227941 -Inf
16 11  17 -56.909351 -Inf
16 11  18 -55.803512 -Inf
16 11  19 -54.948948 -Inf
16 11  20 -72.295420 -Inf
16 12  13 -42.055988 -1258.030704
16 12  14 -40.924308 -Inf
16 12  15 -42.755677 -Inf
16 12  17 -41.815874 -Inf
16 12  18 -44.010183 -Inf
16 12  19 -43.839631 -Inf
16 12  20 -43.643990 -Inf
16 13  14 -49.229132 -Inf
16 13  15 -49.940319 -Inf
16 13  17 -46.296719 -Inf
16 13  18 -50.559316 -Inf
16 13  19 -55.071255 -Inf
16 13  20 -48.980843 -Inf
16 14  15 -62.843047 -Inf
16 14  17 -60.601759 -Inf
16 14  18 -53.654145 -Inf
16 14  19 -50.615596 -Inf
16 14  20 -70.081231 -Inf
16 15  17 -59.629014 -Inf
16 15  18 -51.910904 -Inf
16 15  19 -50.677186 -Inf
16 15  20 -69.462806 -Inf
16 17  18 -45.570868 -Inf
16 17  19 -48.873003 -Inf
16 17  20 -67.490410 -Inf
16 18  19 -51.383936 -Inf
16 18  20 -52.915302 -Inf
16 19  20 -53.215954 -Inf
17  -94.000000 0.000000
17 1 -68.640937 -Inf
17 2 -15.564663 -Inf
17 3 -28.742177 -728.733366
17 4 -28.488775 -Inf
17 5 -79.064188 -722.501481
17 6 -28.218056 -474.167673
17 7 -84.893743 -673.267816
17 8 -32.659102 -Inf
17 9 -74.033321 -Inf
17 10 -30.936920 -715.458940
17 11 -9.236860 -0.112524
17 12 -34.463680 -218.524291
17 13 -31.676925 -630.772080
17 14 -53.993251 -669.933697
17 15 -33.810251 -Inf
17 16 -88.700208 -Inf
17 18 -35.308178 -641.834326
17 19 -30.476099 -713.595743
17 20 -82.972903 -570.500669
17 1  2 -13.957487 -Inf
17 1  3 -25.869499 -Inf
17 1  4 -24.906874 -Inf
17 1  5 -15.146054 -Inf
17 1  6 -22.674602 -Inf
17 1  7 -57.447923 -Inf
17 1  8 -29.773449 -Inf
17 1  9 -25.124751 -Inf
17 1  10 -26.791435 -Inf
17 1  11 -7.137848 -Inf
17 1  12 -26.793070 -Inf
17 1  13 -24.435070 -Inf
17 1  14 -37.150965 -Inf
17 1  15 -29.893553 -Inf
17 1  16 -35.440898 -Inf
17 1  18 -28.016947 -Inf
17 1  19 -23.440706 -Inf
17 1  20 -44.541314 -Inf
17 2  3 -12.922456 -Inf
17 2  4 -12.671394 -Inf
17 2  5 -10.692785 -Inf
17 2  6 -7.382089 -Inf
17 2  7 -13.641970 -Inf
17 2  8 -12.341141 -Inf
17 2  9 -11.713139 -Inf
17 2  10 -11.861293 -Inf
17 2  11 -7.156662 -Inf
17 2  12 -8.057236 -Inf
17 2  13 -9.523211 -Inf
17 2  14 -11.988418 -Inf
17 2  15 -13.643140 -Inf
17 2  16 -11.710547 -Inf
17 2  18 -11.572819 -Inf
17 2  19 -9.770712 -Inf
17 2  20 -11.642024 -Inf
17 3  4 -22.984443 -Inf
17 3  5 -12.924519 -1451.234848
17 3  6 -20.007742 -1202.901040
17 3  7 -16.167556 -1402.001182
17 3  8 -14.463220 -Inf
17 3  9 -19.572084 -Inf
17 3  10 -23.581043 -1444.192306
17 3  11 -7.945356 -728.845890
17 3  12 -23.116521 -947.257657
17 3  13 -20.870290 -1359.505446
17 3  14 -21.543957 -1398.667063
17 3  15 -19.255500 -Inf
17 3  16 -24.229630 -Inf
17 3  18 -24.885237 -1370.567693
17 3  19 -22.680971 -1442.329110
17 3  20 -25.294700 -1299.234035
17 4  5 -9.749687 -Inf
17 4  6 -20.338865 -Inf
17 4  7 -21.927288 -Inf
17 4  8 -19.795013 -Inf
17 4  9 -20.829110 -Inf
17 4  10 -24.950200 -Inf
17 4  11 -7.119254 -Inf
17 4  12 -25.904458 -Inf
17 4  13 -21.405754 -Inf
17 4  14 -24.665929 -Inf
17 4  15 -26.548486 -Inf
17 4  16 -24.057287 -Inf
17 4  18 -27.167168 -Inf
17 4  19 -22.498801 -Inf
17 4  20 -25.952073 -Inf
17 5  6 -10.103383 -1196.669155
17 5  7 -57.650540 -1395.769297
17 5  8 -11.944232 -Inf
17 5  9 -63.710145 -Inf
17 5  10 -14.483870 -1437.960421
17 5  11 -7.292403 -722.614005
17 5  12 -10.155686 -941.025772
17 5  13 -14.366355 -1353.273561
17 5  14 -19.242205 -1392.435178
17 5  15 -12.988181 -Inf
17 5  16 -69.383573 -Inf
17 5  18 -14.636654 -1364.335808
17 5  19 -15.418357 -1436.097224
17 5  20 -54.314414 -1293.002150
17 6  7 -19.149717 -1147.435489
17 6  8 -17.236503 -Inf
17 6  9 -19.453193 -Inf
17 6  10 -24.142421 -1189.626613
17 6  11 -2.250426 -474.280197
17 6  12 -16.121531 -692.691964
17 6  13 -25.938121 -1104.939753
17 6  14 -23.846915 -1144.101370
17 6  15 -21.989004 -Inf
17 6  16 -25.847885 -Inf
17 6  18 -21.435615 -1116.002000
17 6  19 -25.762700 -1187.763416
17 6  20 -25.004307 -1044.668342
17 7  8 -18.942263 -Inf
17 7  9 -45.727751 -Inf
17 7  10 -22.028607 -1388.726756
17 7  11 -6.983349 -673.380339
17 7  12 -28.349862 -891.792107
17 7  13 -22.331137 -1304.039895
17 7  14 -27.743174 -1343.201513
17 7  15 -21.598225 -Inf
17 7  16 -72.320759 -Inf
17 7  18 -28.958267 -1315.102142
17 7  19 -22.258667 -1386.863559
17 7  20 -62.816518 -1243.768484
17 8  9 -13.225240 -Inf
17 8  10 -23.280627 -Inf
17 8  11 -6.817772 -Inf
17 8  12 -23.142374 -Inf
17 8  13 -21.050117 -Inf
17 8  14 -19.698945 -Inf
17 8  15 -27.919925 -Inf
17 8  16 -22.508350 -Inf
17 8  18 -24.985610 -Inf
17 8  19 -20.916125 -Inf
17 8  20 -24.780508 -Inf
17 9  10 -21.442716 -Inf
17 9  11 -7.752802 -Inf
17 9  12 -24.365385 -Inf
17 9  13 -21.189470 -Inf
17 9  14 -24.630752 -Inf
17 9  15 -18.098161 -Inf
17 9  16 -40.051054 -Inf
17 9  18 -26.979522 -Inf
17 9  19 -21.941580 -Inf
17 9  20 -32.916115 -Inf
17 10  11 -6.498356 -715.571464
17 10  12 -28.878331 -933.983231
17 10  13 -26.511012 -1346.231020
17 10  14 -26.393646 -1385.392637
17 10  15 -26.237575 -Inf
17 10  16 -30.459494 -Inf
17 10  18 -29.082463 -1357.293266
17 10  19 -27.006353 -1429.054683
17 10  20 -27.012589 -1285.959609
17 11  12 -0.638874 -218.636815
17 11  13 -6.103816 -630.884603
17 11  14 -8.263111 -670.046220
17 11  15 -8.080371 -Inf
17 11  16 -6.021742 -Inf
17 11  18 -6.359747 -641.946850
17 11  19 -6.559760 -713.708267
17 11  20 -7.634974 -570.613192
17 12  13 -25.583191 -849.296371
17 12  14 -27.146534 -888.457988
17 12  15 -27.728737 -Inf
17 12  16 -30.542032 -Inf
17 12  18 -32.248002 -860.358617
17 12  19 -25.723079 -932.120034
17 12  20 -29.237873 -789.024960
17 13  14 -23.939498 -1300.705776
17 13  15 -25.104100 -Inf
17 13  16 -27.341550 -Inf
17 13  18 -26.113688 -1272.606406
17 13  19 -29.191076 -1344.367823
17 13  20 -26.835252 -1201.272748
17 14  15 -21.908722 -Inf
17 14  16 -29.144594 -Inf
17 14  18 -26.564476 -1311.768023
17 14  19 -25.177423 -1383.529440
17 14  20 -33.428499 -1240.434365
17 15  16 -26.623471 -Inf
17 15  18 -28.341639 -Inf
17 15  19 -24.743978 -Inf
17 15  20 -26.869450 -Inf
17 16  18 -30.876303 -Inf
17 16  19 -27.827700 -Inf
17 16  20 -49.468983 -Inf
17 18  19 -27.160027 -1355.430069
17 18  20 -31.359896 -1212.334995
17 19  20 -27.162105 -1284.096412
18  -94.000000 0.000000
18 1 -58.505698 -Inf
18 2 -30.676616 -Inf
18 3 -41.102998 -Inf
18 4 -36.894814 -Inf
18 5 -89.509279 -514.725710
18 6 -9.454604 -Inf
18 7 -76.379252 -Inf
18 8 -35.696563 -Inf
18 9 -85.610544 -Inf
18 10 -23.382394 -Inf
18 11 -47.029726 -631.932212
18 12 -0.546839 -0.101720
18 13 -15.262565 -Inf
18 14 -43.720152 -Inf
18 15 -34.023051 -Inf
18 16 -70.915808 -Inf
18 17 -44.152738 -641.834326
18 19 -13.378484 -680.134071
18 20 -88.549271 -Inf
18 1  2 -26.617750 -Inf
18 1  3 -28.588087 -Inf
18 1  4 -27.709721 -Inf
18 1  5 -35.175211 -Inf
18 1  6 -8.368474 -Inf
18 1  7 -51.902699 -Inf
18 1  8 -29.420478 -Inf
18 1  9 -33.234647 -Inf
18 1  10 -18.211647 -Inf
18 1  11 -25.547381 -Inf
18 1  12 -0.485543 -Inf
18 1  13 -12.264184 -Inf
18 1  14 -29.180446 -Inf
18 1  15 -27.349516 -Inf
18 1  16 -25.025062 -Inf
18 1  17 -29.948913 -Inf
18 1  19 -10.695474 -Inf
18 1  20 -45.468747 -Inf
18 2  3 -27.508140 -Inf
18 2  4 -21.921158 -Inf
18 2  5 -20.445961 -Inf
18 2  6 -7.488460 -Inf
18 2  7 -28.523664 -Inf
18 2  8 -22.965913 -Inf
18 2  9 -24.242242 -Inf
18 2  10 -16.742821 -Inf
18 2  11 -20.797667 -Inf
18 2  12 -0.445227 -Inf
18 2  13 -11.723326 -Inf
18 2  14 -19.850654 -Inf
18 2  15 -20.548493 -Inf
18 2  16 -20.147750 -Inf
18 2  17 -26.198931 -Inf
18 2  19 -9.924766 -Inf
18 2  20 -23.702212 -Inf
18 3  4 -30.071676 -Inf
18 3  5 -24.437962 -Inf
18 3  6 -7.431748 -Inf
18 3  7 -27.630731 -Inf
18 3  8 -27.598909 -Inf
18 3  9 -19.596130 -Inf
18 3  10 -15.166454 -Inf
18 3  11 -26.383037 -Inf
18 3  12 -0.488941 -Inf
18 3  13 -11.206310 -Inf
18 3  14 -31.521964 -Inf
18 3  15 -25.603242 -Inf
18 3  16 -21.294598 -Inf
18 3  17 -32.734468 -Inf
18 3  19 -10.312706 -Inf
18 3  20 -34.734666 -Inf
18 4  5 -28.473606 -Inf
18 4  6 -7.245032 -Inf
18 4  7 -31.962336 -Inf
18 4  8 -28.831116 -Inf
18 4  9 -28.683480 -Inf
18 4  10 -13.840683 -Inf
18 4  11 -23.640510 -Inf
18 4  12 -0.528120 -Inf
18 4  13 -11.677095 -Inf
18 4  14 -20.111242 -Inf
18 4  15 -24.550748 -Inf
18 4  16 -15.184230 -Inf
18 4  17 -30.736400 -Inf
18 4  19 -10.540857 -Inf
18 4  20 -24.205405 -Inf
18 5  6 -4.655775 -Inf
18 5  7 -68.017443 -Inf
18 5  8 -22.837059 -Inf
18 5  9 -69.720066 -Inf
18 5  10 -12.301586 -Inf
18 5  11 -22.192933 -1146.657922
18 5  12 -0.443646 -514.827430
18 5  13 -8.884967 -Inf
18 5  14 -30.373292 -Inf
18 5  15 -20.932137 -Inf
18 5  16 -61.536988 -Inf
18 5  17 -26.615399 -1156.560036
18 5  19 -8.069860 -1194.859781
18 5  20 -70.949150 -Inf
18 6  7 -6.511013 -Inf
18 6  8 -7.444688 -Inf
18 6  9 -6.969796 -Inf
18 6  10 -8.382922 -Inf
18 6  11 -4.938773 -Inf
18 6  12 -0.477229 -Inf
18 6  13 -8.874339 -Inf
18 6  14 -7.747178 -Inf
18 6  15 -7.153748 -Inf
18 6  16 -8.572125 -Inf
18 6  17 -6.465479 -Inf
18 6  19 -7.585509 -Inf
18 6  20 -7.865437 -Inf
18 7  8 -27.279405 -Inf
18 7  9 -50.190732 -Inf
18 7  10 -15.012382 -Inf
18 7  11 -21.967647 -Inf
18 7  12 -0.495332 -Inf
18 7  13 -10.809591 -Inf
18 7  14 -17.576209 -Inf
18 7  15 -25.737153 -Inf
18 7  16 -55.888671 -Inf
18 7  17 -26.132191 -Inf
18 7  19 -10.002089 -Inf
18 7  20 -65.395960 -Inf
18 8  9 -24.911353 -Inf
18 8  10 -19.337538 -Inf
18 8  11 -23.757078 -Inf
18 8  12 -0.491133 -Inf
18 8  13 -11.558740 -Inf
18 8  14 -24.787074 -Inf
18 8  15 -27.048107 -Inf
18 8  16 -21.312969 -Inf
18 8  17 -27.328426 -Inf
18 8  19 -9.338405 -Inf
18 8  20 -30.623601 -Inf
18 9  10 -17.318713 -Inf
18 9  11 -21.242641 -Inf
18 9  12 -0.489071 -Inf
18 9  13 -10.056956 -Inf
18 9  14 -26.599966 -Inf
18 9  15 -21.619785 -Inf
18 9  16 -42.062955 -Inf
18 9  17 -28.439351 -Inf
18 9  19 -9.401193 -Inf
18 9  20 -38.084263 -Inf
18 10  11 -15.515181 -Inf
18 10  12 -0.471553 -Inf
18 10  13 -11.297835 -Inf
18 10  14 -19.827589 -Inf
18 10  15 -20.008259 -Inf
18 10  16 -22.095133 -Inf
18 10  17 -19.462274 -Inf
18 10  19 -9.928489 -Inf
18 10  20 -22.418549 -Inf
18 11  12 -0.471634 -632.033933
18 11  13 -9.977577 -Inf
18 11  14 -28.243728 -Inf
18 11  15 -25.739882 -Inf
18 11  16 -19.797246 -Inf
18 11  17 -33.527692 -1273.766538
18 11  19 -9.467405 -1312.066283
18 11  20 -33.526141 -Inf
18 12  13 -0.457369 -Inf
18 12  14 -0.443114 -Inf
18 12  15 -0.513469 -Inf
18 12  16 -0.513355 -Inf
18 12  17 -0.482180 -641.936047
18 12  19 -0.465863 -680.235792
18 12  20 -0.496405 -Inf
18 13  14 -12.048742 -Inf
18 13  15 -11.318497 -Inf
18 13  16 -11.695316 -Inf
18 13  17 -10.996664 -Inf
18 13  19 -12.581746 -Inf
18 13  20 -11.330452 -Inf
18 14  15 -21.988481 -Inf
18 14  16 -23.762118 -Inf
18 14  17 -27.393089 -Inf
18 14  19 -11.315727 -Inf
18 14  20 -37.073550 -Inf
18 15  16 -20.828485 -Inf
18 15  17 -26.273804 -Inf
18 15  19 -9.890686 -Inf
18 15  20 -28.124386 -Inf
18 16  17 -20.148777 -Inf
18 16  19 -10.526625 -Inf
18 16  20 -39.878814 -Inf
18 17  19 -10.463463 -1321.968397
18 17  20 -36.528734 -Inf
18 19  20 -11.081571 -Inf
19  -94.000000 0.000000
19 1 -56.924852 -Inf
19 2 -33.842404 -Inf
19 3 -40.245134 -635.719728
19 4 -40.631928 -Inf
19 5 -91.304250 -Inf
19 6 -4.500125 -687.637515
19 7 -78.040859 -Inf
19 8 -36.895948 -Inf
19 9 -86.577573 -Inf
19 10 -19.367549 -670.656646
19 11 -51.312759 -Inf
19 12 -13.248222 -Inf
19 13 -0.555044 -0.004197
19 14 -28.875096 -Inf
19 15 -32.241498 -Inf
19 16 -66.824418 -Inf
19 17 -47.379623 -713.595743
19 18 -14.206446 -680.134071
19 20 -87.449740 -Inf
19 1  2 -27.812841 -Inf
19 1  3 -25.558878 -Inf
19 1  4 -31.654633 -Inf
19 1  5 -34.896213 -Inf
19 1  6 -3.674950 -Inf
19 1  7 -52.087524 -Inf
19 1  8 -25.019867 -Inf
19 1  9 -37.504381 -Inf
19 1  10 -13.526312 -Inf
19 1  11 -25.616007 -Inf
19 1  12 -9.565168 -Inf
19 1  13 -0.513007 -Inf
19 1  14 -18.486638 -Inf
19 1  15 -21.439831 -Inf
19 1  16 -25.675109 -Inf
19 1  17 -32.103592 -Inf
19 1  18 -9.748065 -Inf
19 1  20 -37.420232 -Inf
19 2  3 -29.218731 -Inf
19 2  4 -25.060674 -Inf
19 2  5 -23.416906 -Inf
19 2  6 -3.802055 -Inf
19 2  7 -31.719544 -Inf
19 2  8 -22.174414 -Inf
19 2  9 -30.242809 -Inf
19 2  10 -13.293668 -Inf
19 2  11 -22.292012 -Inf
19 2  12 -10.981734 -Inf
19 2  13 -0.501732 -Inf
19 2  14 -15.242479 -Inf
19 2  15 -19.107111 -Inf
19 2  16 -21.620118 -Inf
19 2  17 -28.322937 -Inf
19 2  18 -10.142355 -Inf
19 2  20 -18.539833 -Inf
19 3  4 -28.543658 -Inf
19 3  5 -24.110804 -Inf
19 3  6 -3.590989 -1323.357242
19 3  7 -25.849806 -Inf
19 3  8 -26.383865 -Inf
19 3  9 -23.454579 -Inf
19 3  10 -11.760003 -1306.376374
19 3  11 -25.340118 -Inf
19 3  12 -8.031989 -Inf
19 3  13 -0.481407 -635.723925
19 3  14 -22.890057 -Inf
19 3  15 -24.006441 -Inf
19 3  16 -20.684845 -Inf
19 3  17 -31.784550 -1349.315471
19 3  18 -7.797717 -1315.853799
19 3  20 -25.363430 -Inf
19 4  5 -31.239799 -Inf
19 4  6 -4.038827 -Inf
19 4  7 -37.491439 -Inf
19 4  8 -30.247652 -Inf
19 4  9 -35.339194 -Inf
19 4  10 -10.906649 -Inf
19 4  11 -25.245284 -Inf
19 4  12 -9.464335 -Inf
19 4  13 -0.514190 -Inf
19 4  14 -12.116920 -Inf
19 4  15 -23.789954 -Inf
19 4  16 -18.107855 -Inf
19 4  17 -31.059091 -Inf
19 4  18 -8.978284 -Inf
19 4  20 -21.208902 -Inf
19 5  6 -3.976179 -Inf
19 5  7 -73.093365 -Inf
19 5  8 -24.184334 -Inf
19 5  9 -74.297555 -Inf
19 5  10 -14.212777 -Inf
19 5  11 -22.356087 -Inf
19 5  12 -10.970299 -Inf
19 5  13 -0.505514 -Inf
19 5  14 -23.970070 -Inf
19 5  15 -24.271231 -Inf
19 5  16 -57.729129 -Inf
19 5  17 -27.443548 -Inf
19 5  18 -10.679458 -Inf
19 5  20 -71.470794 -Inf
19 6  7 -3.922570 -Inf
19 6  8 -3.375452 -Inf
19 6  9 -3.803779 -Inf
19 6  10 -3.833312 -1358.294161
19 6  11 -3.692832 -Inf
19 6  12 -4.337835 -Inf
19 6  13 -0.523046 -687.641712
19 6  14 -3.405253 -Inf
19 6  15 -3.561905 -Inf
19 6  16 -3.862259 -Inf
19 6  17 -4.010946 -1401.233258
19 6  18 -4.060351 -1367.771586
19 6  20 -3.774211 -Inf
19 7  8 -29.149477 -Inf
19 7  9 -55.784613 -Inf
19 7  10 -15.539911 -Inf
19 7  11 -26.806108 -Inf
19 7  12 -9.846498 -Inf
19 7  13 -0.499949 -Inf
19 7  14 -12.236455 -Inf
19 7  15 -23.410046 -Inf
19 7  16 -53.019042 -Inf
19 7  17 -27.930192 -Inf
19 7  18 -10.077969 -Inf
19 7  20 -65.339456 -Inf
19 8  9 -29.526218 -Inf
19 8  10 -15.191103 -Inf
19 8  11 -31.342467 -Inf
19 8  12 -10.006944 -Inf
19 8  13 -0.474145 -Inf
19 8  14 -20.424771 -Inf
19 8  15 -27.307008 -Inf
19 8  16 -21.355604 -Inf
19 8  17 -28.349296 -Inf
19 8  18 -9.396270 -Inf
19 8  20 -27.291957 -Inf
19 9  10 -15.771110 -Inf
19 9  11 -27.928657 -Inf
19 9  12 -9.663526 -Inf
19 9  13 -0.497340 -Inf
19 9  14 -19.298410 -Inf
19 9  15 -22.794597 -Inf
19 9  16 -42.954333 -Inf
19 9  17 -36.005017 -Inf
19 9  18 -9.729180 -Inf
19 9  20 -39.253246 -Inf
19 10  11 -17.037255 -Inf
19 10  12 -8.464770 -Inf
19 10  13 -0.491588 -670.660844
19 10  14 -13.637257 -Inf
19 10  15 -16.511542 -Inf
19 10  16 -17.156589 -Inf
19 10  17 -16.797795 -1384.252390
19 10  18 -9.473594 -1350.790718
19 10  20 -16.873458 -Inf
19 11  12 -11.326972 -Inf
19 11  13 -0.513855 -Inf
19 11  14 -23.279809 -Inf
19 11  15 -29.224100 -Inf
19 11  16 -19.252655 -Inf
19 11  17 -40.675158 -Inf
19 11  18 -10.198647 -Inf
19 11  20 -32.246727 -Inf
19 12  13 -0.519702 -Inf
19 12  14 -6.310481 -Inf
19 12  15 -9.375275 -Inf
19 12  16 -9.935166 -Inf
19 12  17 -10.194168 -Inf
19 12  18 -11.730348 -Inf
19 12  20 -8.288031 -Inf
19 13  14 -0.494955 -Inf
19 13  15 -0.503327 -Inf
19 13  16 -0.478246 -Inf
19 13  17 -0.487086 -713.599940
19 13  18 -0.522864 -680.138268
19 13  20 -0.460092 -Inf
19 14  15 -18.343442 -Inf
19 14  16 -15.393404 -Inf
19 14  17 -21.500214 -Inf
19 14  18 -5.575016 -Inf
19 14  20 -26.320847 -Inf
19 15  16 -16.997656 -Inf
19 15  17 -25.711336 -Inf
19 15  18 -9.267976 -Inf
19 15  20 -26.554186 -Inf
19 16  17 -23.953021 -Inf
19 16  18 -10.137216 -Inf
19 16  20 -28.331347 -Inf
19 17  18 -10.086992 -1393.729814
19 17  20 -31.737295 -Inf
19 18  20 -9.071081 -Inf
20  -94.000000 0.000000
20 1 -81.108259 -Inf
20 2 -84.514033 -Inf
20 3 -89.412991 -Inf
20 4 -84.296317 -Inf
20 5 -89.269549 -Inf
20 6 -81.542861 -Inf
20 7 -78.865046 -624.360588
20 8 -83.417102 -Inf
20 9 -91.856287 -Inf
20 10 -76.890167 -Inf
20 11 -90.144807 -Inf
20 12 -80.236569 -Inf
20 13 -82.974530 -Inf
20 14 -27.005803 -0.000820
20 15 -81.099695 -Inf
20 16 -91.483313 -Inf
20 17 -86.863988 -570.500669
20 18 -85.261648 -Inf
20 19 -81.532944 -Inf
20 1  2 -71.017167 -Inf
20 1  3 -73.780138 -Inf
20 1  4 -70.894484 -Inf
20 1  5 -69.270607 -Inf
20 1  6 -64.854489 -Inf
20 1  7 -64.253068 -Inf
20 1  8 -62.455068 -Inf
20 1  9 -68.934036 -Inf
20 1  10 -59.156906 -Inf
20 1  11 -69.437622 -Inf
20 1  12 -62.393412 -Inf
20 1  13 -64.923614 -Inf
20 1  14 -24.105862 -Inf
20 1  15 -61.987785 -Inf
20 1  16 -70.091623 -Inf
20 1  17 -71.233685 -Inf
20 1  18 -64.094640 -Inf
20 1  19 -65.062526 -Inf
20 2  3 -79.894608 -Inf
20 2  4 -72.882151 -Inf
20 2  5 -76.208412 -Inf
20 2  6 -70.349909 -Inf
20 2  7 -69.320824 -Inf
20 2  8 -67.238089 -Inf
20 2  9 -81.641115 -Inf
20 2  10 -67.209593 -Inf
20 2  11 -69.167681 -Inf
20 2  12 -72.498937 -Inf
20 2  13 -63.678579 -Inf
20 2  14 -22.791453 -Inf
20 2  15 -68.314111 -Inf
20 2  16 -77.034437 -Inf
20 2  17 -71.898564 -Inf
20 2  18 -69.816440 -Inf
20 2  19 -68.251295 -Inf
20 3  4 -75.022233 -Inf
20 3  5 -76.143483 -Inf
20 3  6 -71.530145 -Inf
20 3  7 -67.212645 -Inf
20 3  8 -73.361077 -Inf
20 3  9 -80.284027 -Inf
20 3  10 -70.716595 -Inf
20 3  11 -78.353730 -Inf
20 3  12 -66.132619 -Inf
20 3  13 -73.833804 -Inf
20 3  14 -24.473524 -Inf
20 3  15 -74.654354 -Inf
20 3  16 -81.091047 -Inf
20 3  17 -80.544068 -Inf
20 3  18 -74.863824 -Inf
20 3  19 -76.671547 -Inf
20 4  5 -68.917234 -Inf
20 4  6 -66.722491 -Inf
20 4  7 -62.346359 -Inf
20 4  8 -68.588307 -Inf
20 4  9 -71.765849 -Inf
20 4  10 -65.019817 -Inf
20 4  11 -66.866212 -Inf
20 4  12 -66.852144 -Inf
20 4  13 -64.080369 -Inf
20 4  14 -20.653580 -Inf
20 4  15 -69.569645 -Inf
20 4  16 -74.481958 -Inf
20 4  17 -65.097010 -Inf
20 4  18 -67.189058 -Inf
20 4  19 -67.851016 -Inf
20 5  6 -70.177149 -Inf
20 5  7 -67.867357 -Inf
20 5  8 -71.548872 -Inf
20 5  9 -82.501851 -Inf
20 5  10 -69.642646 -Inf
20 5  11 -72.570643 -Inf
20 5  12 -75.036591 -Inf
20 5  13 -73.452619 -Inf
20 5  14 -24.051326 -Inf
20 5  15 -74.342699 -Inf
20 5  16 -80.185034 -Inf
20 5  17 -70.521389 -Inf
20 5  18 -76.858621 -Inf
20 5  19 -74.614377 -Inf
20 6  7 -61.036127 -Inf
20 6  8 -66.846969 -Inf
20 6  9 -68.363884 -Inf
20 6  10 -70.339920 -Inf
20 6  11 -69.217065 -Inf
20 6  12 -72.443379 -Inf
20 6  13 -73.872011 -Inf
20 6  14 -22.042159 -Inf
20 6  15 -70.158453 -Inf
20 6  16 -72.416402 -Inf
20 6  17 -71.200148 -Inf
20 6  18 -75.086461 -Inf
20 6  19 -74.950788 -Inf
20 7  8 -62.069479 -Inf
20 7  9 -67.759901 -Inf
20 7  10 -59.505383 -Inf
20 7  11 -65.424796 -Inf
20 7  12 -62.612402 -Inf
20 7  13 -60.332018 -Inf
20 7  14 -21.974364 -624.361407
20 7  15 -64.611192 -Inf
20 7  16 -69.194402 -Inf
20 7  17 -67.917965 -1194.861256
20 7  18 -62.586100 -Inf
20 7  19 -64.341323 -Inf
20 8  9 -76.821400 -Inf
20 8  10 -68.621036 -Inf
20 8  11 -72.299354 -Inf
20 8  12 -64.352468 -Inf
20 8  13 -68.893018 -Inf
20 8  14 -22.243478 -Inf
20 8  15 -73.500727 -Inf
20 8  16 -71.289272 -Inf
20 8  17 -70.098616 -Inf
20 8  18 -70.952376 -Inf
20 8  19 -73.221532 -Inf
20 9  10 -67.527115 -Inf
20 9  11 -80.142043 -Inf
20 9  12 -65.583885 -Inf
20 9  13 -71.626397 -Inf
20 9  14 -21.872325 -Inf
20 9  15 -73.458236 -Inf
20 9  16 -82.732915 -Inf
20 9  17 -76.860027 -Inf
20 9  18 -74.216943 -Inf
20 9  19 -74.276454 -Inf
20 10  11 -69.793567 -Inf
20 10  12 -69.065942 -Inf
20 10  13 -70.226738 -Inf
20 10  14 -24.122166 -Inf
20 10  15 -72.113070 -Inf
20 10  16 -74.536943 -Inf
20 10  17 -70.898895 -Inf
20 10  18 -74.488817 -Inf
20 10  19 -73.596542 -Inf
20 11  12 -71.395826 -Inf
20 11  13 -73.046683 -Inf
20 11  14 -22.704462 -Inf
20 11  15 -73.105286 -Inf
20 11  16 -76.716231 -Inf
20 11  17 -78.296097 -Inf
20 11  18 -74.083867 -Inf
20 11  19 -76.246136 -Inf
20 12  13 -68.859689 -Inf
20 12  14 -23.142407 -Inf
20 12  15 -66.007134 -Inf
20 12  16 -75.548065 -Inf
20 12  17 -70.590104 -Inf
20 12  18 -74.177780 -Inf
20 12  19 -71.710929 -Inf
20 13  14 -22.795954 -Inf
20 13  15 -69.031415 -Inf
20 13  16 -69.942564 -Inf
20 13  17 -68.643174 -Inf
20 13  18 -75.095539 -Inf
20 13  19 -76.219794 -Inf
20 14  15 -24.959316 -Inf
20 14  16 -23.198943 -Inf
20 14  17 -22.563705 -570.501488
20 14  18 -24.957979 -Inf
20 14  19 -25.045438 -Inf
20 15  16 -71.443635 -Inf
20 15  17 -69.995470 -Inf
20 15  18 -73.094475 -Inf
20 15  19 -75.290560 -Inf
20 16  17 -79.009616 -Inf
20 16  18 -77.252254 -Inf
20 16  19 -71.724041 -Inf
20 17  18 -71.533199 -Inf
20 17  19 -71.388928 -Inf
20 18  19 -78.883830 -Inf
