1 2 -631.269543
1 3 -350.670632
1 4 -663.470257
1 5 -674.587325
1 6 -659.791671
1 7 -694.221653
1 8 -417.516482
1 9 -355.108355
1 10 -666.892177
1 11 -683.244353
2 1 -623.696050
2 3 -423.559672
2 4 -693.428831
2 5 -696.343875
2 6 -690.831567
2 7 -697.789253
2 8 -696.342286
2 9 -645.449215
2 10 -612.170598
2 11 -672.855807
3 1 -368.113489
3 2 -427.907712
3 4 -670.862166
3 5 -693.472932
3 6 -680.429524
3 7 -697.001517
3 8 -611.210547
3 9 -522.453150
3 10 -633.588807
3 11 -663.172556
4 1 -692.224973
4 2 -698.653760
4 3 -697.078398
4 5 -660.668107
4 6 -708.539071
4 7 -691.196913
4 8 -637.309201
4 9 -704.530941
4 10 -697.041207
4 11 -684.621753
5 1 -679.444876
5 2 -687.393343
5 3 -684.271996
5 4 -674.286303
5 6 -695.310730
5 7 -701.010373
5 8 -631.537391
5 9 -683.039084
5 10 -681.090272
5 11 -640.050573
6 1 -683.796825
6 2 -702.392429
6 3 -685.665289
6 4 -696.542059
6 5 -692.514063
6 7 -327.686759
6 8 -705.367967
6 9 -688.502924
6 10 -689.913753
6 11 -698.171609
7 1 -665.427067
7 2 -684.139501
7 3 -644.382298
7 4 -674.640427
7 5 -668.436847
7 6 -380.127812
7 8 -686.929340
7 9 -704.106029
7 10 -687.425042
7 11 -640.755587
8 1 -423.586275
8 2 -696.182669
8 3 -606.031181
8 4 -610.742406
8 5 -585.832448
8 6 -693.099549
8 7 -679.647053
8 9 -638.857802
8 10 -679.224306
8 11 -496.209453
9 1 -331.833325
9 2 -654.359903
9 3 -521.329903
9 4 -684.041633
9 5 -660.430683
9 6 -672.411221
9 7 -693.165424
9 8 -649.850664
9 10 -683.615562
9 11 -677.233596
10 1 -663.401455
10 2 -611.291795
10 3 -631.796771
10 4 -708.334621
10 5 -654.090495
10 6 -693.527353
10 7 -684.151122
10 8 -685.520413
10 9 -691.978769
10 11 -668.438148
11 1 -655.909550
11 2 -670.713378
11 3 -660.011385
11 4 -674.651937
11 5 -617.751119
11 6 -698.777477
11 7 -636.566257
11 8 -449.800500
11 9 -682.928232
11 10 -666.489714
