1 2 -471.911958
1 3 -182.254061
1 4 -412.809714
1 5 -436.160650
1 6 -451.855071
1 7 -471.686385
1 8 -324.830571
1 9 -207.105314
1 10 -497.970515
1 11 -449.007362
2 1 -545.385536
2 3 -238.595867
2 4 -493.851952
2 5 -579.683385
2 6 -520.262381
2 7 -565.412465
2 8 -542.864751
2 9 -532.329363
2 10 -493.645939
2 11 -493.277725
3 1 -307.308775
3 2 -308.179585
3 4 -626.323482
3 5 -797.899913
3 6 -745.341970
3 7 -834.240297
3 8 -716.153540
3 9 -551.044827
3 10 -665.651408
3 11 -637.626766
4 1 -365.697888
4 2 -423.147618
4 3 -367.621717
4 5 -323.930192
4 6 -416.341661
4 7 -374.085625
4 8 -350.306469
4 9 -397.094727
4 10 -410.817452
4 11 -410.375057
5 1 -333.227155
5 2 -436.229235
5 3 -340.346745
5 4 -279.766972
5 6 -402.310302
5 7 -377.041786
5 8 -302.095609
5 9 -387.403575
5 10 -389.308637
5 11 -392.418109
6 1 -437.255371
6 2 -495.074165
6 3 -468.046835
6 4 -437.971370
6 5 -435.733708
6 7 -114.355918
6 8 -404.260092
6 9 -495.375239
6 10 -497.939895
6 11 -470.596331
7 1 -413.955113
7 2 -466.235408
7 3 -434.470653
7 4 -388.553182
7 5 -343.559338
7 6 -141.771793
7 8 -371.082283
7 9 -456.741481
7 10 -473.371231
7 11 -314.291850
8 1 -351.436633
8 2 -539.603913
8 3 -546.891984
8 4 -418.029014
8 5 -378.671400
8 6 -600.663715
8 7 -494.271915
8 9 -595.521437
8 10 -560.794336
8 11 -430.711236
9 1 -234.268753
9 2 -588.650159
9 3 -401.523421
9 4 -570.199394
9 5 -541.063293
9 6 -516.126129
9 7 -537.198439
9 8 -569.612366
9 10 -597.185916
9 11 -558.662750
10 1 -392.181761
10 2 -344.539463
10 3 -365.096154
10 4 -425.144668
10 5 -379.964558
10 6 -436.119979
10 7 -437.927908
10 8 -435.116807
10 9 -460.955365
10 11 -410.708347
11 1 -554.073589
11 2 -624.838094
11 3 -551.000899
11 4 -562.750861
11 5 -622.924717
11 6 -599.815228
11 7 -491.909747
11 8 -469.463589
11 9 -626.211258
11 10 -686.378210
